#  WAVELENGTH	        FLUX	
#  (ANGSTROM)	(ERG/CM2/S/A)	
############	############	
306.03527260795  8.80074E-23 
315.30844740325  1.09744E-21 
324.86260866801  1.13617E-20 
334.70627057326  1.02466E-19 
344.8482052779  8.14128E-19 
355.29745074603  4.75372E-18 
362.43892950602  2.54917E-17 
373.42119150899  1.25853E-16 
384.7362270329  6.78586E-16 
392.46942519626  3.35792E-15 
404.36164124913  1.53221E-14 
412.48931023824  5.63262E-14 
420.78034537403  1.70915E-13 
429.23803031605  4.96882E-13 
437.8657147254  2.01905E-12 
446.66681559138  6.79501E-12 
455.64481858477  1.93315E-11 
469.4513122327   5.8822E-11 
478.88728360858  1.70624E-10 
488.51291800911  4.72977E-10 
498.3320276611   1.25618E-9 
503.31534793771   2.21975E-9 
508.34850141708   3.94215E-9 
518.56630629557    8.0476E-9 
528.98948905211   1.90337E-8 
539.62217778206    4.3523E-8 
545.01839955988   9.65203E-8 
555.97326939103   2.07694E-7 
567.14833210579   4.34543E-7 
578.54801358112   8.85113E-7 
584.33349371693     1.758E-6 
596.07859694064   3.40846E-6 
608.05977673914    6.4593E-6 
614.14037450653   1.19752E-5 
626.48459603412   2.17457E-5 
639.0769364144   3.87179E-5 
645.46770577855   6.76422E-5 
651.92238283633  0.000104336 
658.44160666469  0.000151076 
671.67628295866  0.000252708 
678.39304578824  0.000415986 
692.02874600859  0.000674359 
698.94903346867   0.00107723 
712.99790904139   0.00177432 
720.12788813181   0.00275374 
734.60245868325   0.00404525 
741.94848327009    0.0061295 
749.36796810279   0.00917794 
764.43026426165    0.0135861 
772.07456690427    0.0198932 
779.79531257331    0.0288234 
787.59326569905    0.0413405 
803.4238903396    0.0587165 
811.45812924299    0.0826258 
819.57271053542     0.115223 
827.76843764078     0.159294 
844.40658323736     0.218375 
852.85064906973     0.296973 
861.37915556043     0.400721 
869.99294711603     0.536685 
878.69287658719     0.713563 
887.47980535306     0.942125 
896.3546034066      1.23554 
914.37133093507      22.0119 
923.51504424442      151.009 
932.75019468686      239.511 
942.07769663373      365.765 
951.49847360007      516.297 
961.01345833607      666.987 
970.62359291943      621.713 
980.32982884862      944.946 
990.13312713711      1059.08 
1000.0344584085      1340.34 
1010.0348029926      1524.69 
1020.1351510225      1292.35 
1030.3365025327       2058.5 
1040.639867558         2530 
1051.0462662336      2953.39 
1061.556728896      3319.27 
1072.1722961849      3954.35 
1082.8940191468      4556.07 
1093.7229593382      5057.62 
1104.6601889316    20617.825 
1115.7067908209      55719.7 
1126.8638587291      83261.1 
1138.1324973164      80482.6 
1149.5138222896      73788.5 
1161.0089605125      62598.5 
1172.6190501176      48712.7 
1184.3452406188      39089.5 
1196.188693025      16304.2 
1208.1505799552      3482.69 
1220.2320857548      17308.1 
1232.4344066123      41859.1 
1244.7587506785     150368.6 
1257.2063381852       748552 
1269.7784015671      2968650 
1282.4761855828      8713300 
1295.3009474386      6712920 
1308.253956913     14898400 
1321.3364964821     19051500 
1334.5498614469     22621100 
1347.8953600614     24868800 
1361.374313662     23361300 
1374.9880567986     23651650 
1388.7379373666     23778600 
1402.6253167403     29531950 
1416.6515699077     34533400 
1430.8180856068 33145429.411765 
1445.1262664628 40125538.461538 
1459.5775291275     37270500 
1474.1733044187     37732650 
1488.9150374629     42609800 
1503.8041878376 42444681.818182 
1518.8422297159     41315900 
1534.0306520131     47905600 
1549.3709585332     44820800 
1564.8646681186     43792050 
1580.5133147997     56486750 
1596.3184479477     55210400 
1612.2816324272     51788850 
1628.4044487515     52861800 
1644.688493239     52146200 
1661.1353781714 51839195.454545 
1677.7467319531     61977000 
1694.5241992726     54796950 
1711.4694412654     55612550 
1728.584135678     57955300 
1745.8699770348     62719000 
1763.3286768051     56133750 
1780.9619635732     61816300 
1798.7715832089     60679350 
1816.759299041     57369800 
1834.9268920314     53718500 
1853.2761609517     54540900 
1871.8089225613     56595900 
1890.5270117869     54793400 
1909.4322819047     56460950 
1928.5266047238     55920100 
1947.811870771 58222454.545455 
1967.2899894787 56746788.235294 
1986.9628893735 53755442.857143 
2006.8325182673     50917950 
2026.9008434499     53780500 
2047.1698518844     51784800 
2067.6415504033     54841740 
2088.3179659073     52029400 
2109.2011455664     51751350 
2130.293157022     46905050 
2151.5960885923     48726600 
2173.1120494782     47124250 
2194.843169973     47536900 
2216.7916016727     46308950 
2238.9595176894     43462700 
2261.3491128663     44394050 
2283.962603995     45099100 
2306.8022300349     42816950 
2329.8702523353     38794950 
2353.1689548586 40266133.333333 
2376.7006444072     36635250 
2400.4676508513     37203350 
2424.4723273598     40294500 
2448.7170506334     39806150 
2473.2042211397 38830833.333333 
2497.9362633511 40345869.565217 
2522.9156259846 35903266.666667 
2548.1447822445     38227600 
2573.6262300669 40540766.666667 
2599.3624923676     38866400 
2625.3561172913     42769600 
2651.6096784642 42722033.333333 
2678.1257752488     41665450 
2704.9070330013     40313000 
2731.9561033313     38872800 
2759.2756643647 40093333.333333 
2786.8684210083     32822300 
2814.7371052184 41959533.333333 
2842.8844762706 39679233.333333 
2871.3133210333 39918066.666667 
2900.0264542436     42858900 
2929.026718786     41246950 
2958.3169859739     41646600 
2987.9001558336     42073450 
3017.779157392     41990100 
3047.9569489659     41459500 
3078.4365184556     41724800 
3109.2208836401     40783300 
3140.3130924765     41042050 
3171.7162234013     39557000 
3203.4333856353     39841050 
3235.4677194916     39868200 
3267.8223966866     40123300 
3300.5006206534     39956800 
3333.50562686     38983800 
3366.8406831286     38888950 
3400.5090899598     39230550 
3434.5141808594     38924800 
3468.859322668     38432300 
3503.5479158947     38645900 
3538.5833950537     38294150 
3573.9692290042     37813100 
3609.7089212942     37611260 
3645.8060105072 37722966.666667 
3682.2640706123     37509750 
3719.0867113184     48672950 
3756.2775784316     68120500 
3793.8403542159     79994200 
3831.778757758    106357800 
3870.0965453356     60308300 
3908.797510789    112907000 
3947.8854858969     84426050 
3987.3643407558    111683500 
4027.2379841634    115621500 
4067.510364005     97306900 
4108.1854676451     83609800 
4149.2673223215 106510666.66667 
4190.7599955447    103091000 
4232.6675955002     99907700 
4274.9942714552     94907400 
4317.7442141697     63327700 
4360.9216563114     90210100 
4404.5308728746     90197050 
4448.5761816033     88119100 
4493.0619434193     85462300 
4537.9925628535     83022300 
4583.3724884821     81682650 
4629.2062133669     79404400 
4675.4982755006     76003700 
4722.2532582556     75363150 
4769.4757908381 72647333.333333 
4817.1705487465     60346550 
4865.342254234 57695866.666667 
4913.9956767763     66225050 
4963.1356335441 64741166.666667 
5012.7669898795     62930200 
5062.8946597783 61449466.666667 
5113.5236063761     59604600 
5164.6588424398 57451533.333333 
5216.3054308642     56154250 
5268.4684851729 54542833.333333 
5321.1531700246 52989433.333333 
5374.3647017249     51581350 
5428.1083487421 50309033.333333 
5482.3894322295 48764533.333333 
5537.2133265518 47278166.666667 
5592.5854598173     46089500 
5648.5113144155     44891000 
5704.9964275597 43555033.333333 
5762.0463918353     42234400 
5819.6668557536     40966600 
5877.8635243112 39660966.666667 
5936.6421595543     38556500 
5996.0085811498 37432066.666667 
6055.9686669613 36362533.333333 
6116.5283536309     35222200 
6177.6936371672 34308433.333333 
6239.4705735389 33297033.333333 
6301.8652792743 32335433.333333 
6364.883932067 31444533.333333 
6428.5327713877     30357300 
6492.8180991016     27538300 
6557.7462800926 24852433.333333 
6623.3237428935 27808766.666667 
6689.5569803225     27063300 
6756.4525501257 26245033.333333 
6824.0170756269     25438475 
6892.2572463832 24667933.333333 
6961.179818847     23919050 
7030.7916170355     23213200 
7101.0995332059     22490725 
7172.1105285379     21857600 
7243.8316338233     21218175 
7316.2699501615 20613933.333333 
7389.4326496631     20006950 
7463.3269761598     19349150 
7537.9602459214     18754775 
7613.3398483806 18223533.333333 
7689.4732468644     17718625 
7766.367979333     17096575 
7844.0316591264     16595925 
7922.4719757176     16086900 
8001.6966954748     15621525 
8081.7136624296     15150775 
8162.5307990539     14680375 
8244.1561070444     14316200 
8326.5976681148     13881000 
8409.863644796     13315660 
8493.9622812439     12764125 
8578.9019040564     12757425 
8664.6909230969     12249940 
8751.3378323279     13420800 
8838.8512106512   11948667.5 
8927.2397227577     12426026 
9016.5121199853     12068575 
9106.6772411851     12445800 
9197.744013597   10396142.5 
9289.721453733     11760760 
9382.6186682703     11332520 
9476.444854953      9758104 
9571.2093035025     10489325 
9666.9213965375     10315920 
9763.5906105029      9984666 
9861.226516608      9616382 
9959.838781774      8869792 
10059.437169592      8378885 
10160.031541288      8733765 
10261.631856701      8459945 
10364.248175268      8184995 
10467.89065702      7902170 
10572.56956359 7575823.3333333 
10678.295259226      7279050 
10785.078211819      6995165 
10892.928993937      6063065 
11001.858283876      6610015 
11111.876866715      6442525 
11222.995635382 6172686.6666667 
11335.225591736      5960160 
11448.577847653      5792110 
11563.06362613      5560100 
11678.694262391      5351625 
11795.481205015      5195445 
11913.436017065      5026120 
12032.570377236      4846715 
12152.896081008      4714310 
12274.425041818 4547343.3333333 
12397.169292236      4390895 
12521.140985159 4235076.6666667 
12646.35239501      4078660 
12772.81591896 3662453.3333333 
12900.54407815 3791103.3333333 
13029.549518932      3674630 
13159.845014121      3552370 
13291.443464262      3438095 
13424.357898905      3325450 
13558.601477894      3197620 
13694.187492673 3073473.3333333 
13831.129367599      2979335 
13969.440661275 2886996.6666667 
14109.135067888      2779660 
14250.226418567 2677623.3333333 
14392.728682753 2571506.6666667 
14536.65596958 2487884.3333333 
14682.022529276 2400616.6666667 
14828.842754569 2317693.3333333 
14977.131182115 2235663.3333333 
15126.902493936 2156416.6666667 
15278.171518875      2072330 
15430.953234064 1995873.3333333 
15585.262766404 1924773.3333333 
15741.115394068 1860183.3333333 
15898.526548009 1836842.8571429 
16057.511813489      1692970 
16218.086931624      1737090 
16380.26780094      1579020 
16544.07047895      1658295 
16709.511183739      1494385 
16876.606295577      1535230 
17045.372358532      1491945 
17215.826082118      1350340 
17387.984342939      1353895 
17561.864186368      1326020 
17737.482828232      1286470 
17914.857656514      1229925 
18094.006233079      1112435 
18274.94629541      1136100 
18457.695758364      1101610 
18642.272715948    1014230.5 
18828.695443107      1021310 
19016.982397539     990756.5 
19207.152221514       946490 
19399.223743729       865730 
19593.215981166     882142.5 
19789.148140978       850264 
19987.039622388       819141 
20186.910018612     789310.5 
20388.779118798       761002 
20592.666909986     733715.5 
20798.593579086       707858 
21006.579514877     682720.5 
21216.645310025       658767 
21428.811763126       632958 
21643.099880757 586769.66666667 
21859.530879564     584001.5 
22078.12618836       564356 
22298.907450244       545877 
22521.896524746       527836 
22747.115489993 506714.33333333 
22974.586644893       486656 
23204.332511342       471293 
23436.375836456       452929 
23670.73959482       435297 
23907.446990769       421706 
24146.521460676 405399.33333333 
24387.986675283     389785.5 
24631.866542036 375165.33333333 
24878.185207456     359923.5 
25126.967059531       346617 
25378.236730126       336965 
25632.019097427 321240.33333333 
25888.339288402       312024 
26147.222681286 287096.33333333 
26408.694908098 290127.33333333 
26672.781857179       269674 
26939.509675751 272509.66666667 
27208.904772509 260778.33333333 
27480.993820234       241733 
27755.803758436       242524 
28033.361796021 234491.33333333 
28313.695413981 224826.33333333 
28596.832368121 207888.33333333 
28882.800691802 207726.33333333 
29171.62869872 199927.66666667 
29463.344985707       192311 
29757.978435564       185035 
30055.55821992 173779.33333333 
30356.113802119       168632 
30659.67494014 165174.66666667 
30966.271689541 159158.66666667 
31275.934406437 153433.33333333 
31588.693750501 147969.66666667 
31904.580688006     142902.4 
32223.626494886       136917 
32545.862759835       131887 
32871.321387434     123255.5 
33200.034601308     121440.5 
33532.034947321       117366 
33867.355296794     113514.5 
34206.028849762       108585 
34548.08913826       105032 
34893.570029642     101636.5 
35242.505729939      97297.8 
35594.930787238      93190.8 
35950.880095111     89283.75 
36310.388896062      86348.9 
36673.492785022     83710.15 
37040.227712872      79487.9 
37410.629990001     75761.15 
37784.736289901     73971.05 
38162.5836528     71141.95 
38544.209489328      68539.6 
38929.651584221     65240.25 
39318.948100064     63530.95 
39712.137581064     60605.45 
40109.258956875      56870.6 
40510.351546444      56544.9 
40915.455061908     54651.55 
41324.609612527      51403.9 
41737.855708653      50557.6 
42155.234265739      48901.7 
42576.786608396     47152.75 
43002.55447448        45480 
43432.580019225     42962.65 
43866.905819417      41757.5 
44305.574877612     40214.75 
44748.630626388     38807.25 
45196.116932652     37496.85 
45648.078101978 35919.533333333 
46104.558882998     33549.35 
46565.604471828     32338.45 
47031.260516546 31959.466666667 
47501.573121712      30701.9 
47976.588852929      29726.7 
48456.354741458      28559.8 
48940.918288873     27442.65 
49430.327471761 26385.833333333 
49924.630746479      25365.3 
50423.877053944 24394.833333333 
50928.115824483      22856.8 
51437.396982728 22556.166666667 
51951.770952555     21807.25 
52471.288662081 20968.166666667 
52996.001548702 20112.066666667 
53525.961564189     19290.25 
54061.221179831 18728.366666667 
54601.833391629 17911.133333333 
55147.851725545     17185.25 
55699.330242801 16732.033333333 
56256.323545229      16047.7 
56818.886780681 15240.033333333 
57387.075648488 14779.366666667 
57960.946404973      14187.1 
58540.555869022 13365.533333333 
59125.961427713 12898.833333333 
59717.22104199      12587.4 
60314.39325241        12119 
60917.537184934 11663.333333333 
61526.712556783 11226.566666667 
62141.979682351      10783.3 
62763.399479174      10245.8 
63391.033473966     10033.73 
64024.943808706 9614.9928571429 
64665.193246793      9286.73 
65311.845179261     8959.325 
65964.963631053     8538.555 
66624.613267364      8233.35 
67290.859400038     7831.975 
67963.767994038     7588.195 
68643.405673978      7345.42 
69329.839730718      7091.59 
70023.138128025     6787.095 
70723.369509305      6484.87 
71430.603204399      6282.81 
72144.909236443      6069.45 
72866.358328807      5819.78 
73595.021912095     5564.315 
74330.972131216      5146.15 
75074.281852528     5101.825 
75825.024671053      4962.52 
76583.274917764     4820.995 
77349.107666942     4601.215 
78122.598743611      4440.63 
78903.824731047      4272.58 
79692.862978358     4106.915 
80489.791608141      3946.95 
81294.689524223     3765.515 
82107.636419465     3655.055 
82928.712783659     3519.145 
83757.999911496      3388.78 
84595.579910611      3234.96 
85441.535709717     3085.105 
86295.951066814      2941.42 
87158.910577482      2820.34 
88030.499683257      2769.95 
88910.80468009     2674.585 
89799.912726891 2559.7266666667 
90697.91185416      2450.58 
91604.890972701      2367.11 
92520.939882428 2263.9033333333 
93446.149281253     2140.765 
94380.610774065     2098.945 
95324.416881806 2016.3633333333 
96277.661050624     1936.855 
97240.43766113      1858.72 
98212.842037741      1783.24 
99194.970458119     1730.455 
100186.9201627       1689.8 
199060.83304441       108.47 
399467.9878358      6.75924 
594753.39981818      1.32452 
793700.71765891     0.415947 
997811.18987739     0.169239 
1193529.3359837    0.0811436 
1399507.0114645    0.0435778 
