#  WAVELENGTH	        FLUX	
#  (ANGSTROM)	(ERG/CM2/S/A)	
############	############	
749.36796810279  3.79079E-25 
764.43026426165  9.56527E-25 
772.07456690427  2.35262E-24 
779.79531257331  5.64851E-24 
787.59326569905  1.32208E-23 
803.4238903396  3.03519E-23 
811.45812924299  6.81401E-23 
819.57271053542  1.49751E-22 
827.76843764078  3.22604E-22 
844.40658323736  6.81308E-22 
852.85064906973  1.41055E-21 
861.37915556043  2.86753E-21 
869.99294711603  5.72556E-21 
878.69287658719  1.12458E-20 
887.47980535306  2.17528E-20 
896.3546034066  4.12901E-20 
914.37133093507  1.18969E-14 
923.51504424442  5.37165E-14 
932.75019468686  7.22368E-14 
942.07769663373  1.16062E-13 
951.49847360007  1.25825E-13 
961.01345833607  2.67305E-13 
970.62359291943  1.75152E-13 
980.32982884862  5.43452E-13 
990.13312713711  8.81414E-13 
1000.0344584085  9.61123E-13 
1010.0348029926   1.0017E-12 
1020.1351510225  1.43513E-12 
1030.3365025327  4.14808E-12 
1040.639867558  6.71958E-12 
1051.0462662336  8.14572E-12 
1061.556728896  2.21237E-11 
1072.1722961849  2.93893E-11 
1082.8940191468  6.11613E-11 
1093.7229593382  8.40414E-11 
1104.6601889316  1.34174E-10 
1115.7067908209  3.71395E-10 
1126.8638587291  6.25121E-10 
1138.1324973164   1.02356E-9 
1149.5138222896    1.4553E-9 
1161.0089605125   1.75407E-9 
1172.6190501176   2.61332E-9 
1184.3452406188  2.547135E-9 
1196.188693025  8.27184E-10 
1208.1505799552  2.65738E-10 
1220.2320857548   1.31196E-9 
1232.4344066123   7.40652E-9 
1244.7587506785   2.69677E-8 
1257.2063381852   4.70069E-8 
1269.7784015671   6.77183E-8 
1282.4761855828   8.47951E-8 
1295.3009474386   1.28062E-7 
1308.253956913   1.65953E-7 
1321.3364964821   1.93963E-7 
1334.5498614469    2.6423E-7 
1347.8953600614   4.13309E-7 
1361.374313662   4.66639E-7 
1374.9880567986    5.9227E-7 
1388.7379373666   7.74436E-7 
1402.6253167403   1.27086E-6 
1416.6515699077   1.63369E-6 
1430.8180856068 2.7672805882353E-6 
1445.1262664628 3.2508707692308E-6 
1459.5775291275   5.13482E-6 
1474.1733044187   5.79304E-6 
1488.9150374629   1.02539E-5 
1503.8041878376 1.3020010454545E-5 
1518.8422297159   2.29412E-5 
1534.0306520131   4.96768E-5 
1549.3709585332   7.07537E-5 
1564.8646681186 0.0001007732 
1580.5133147997  0.000133916 
1596.3184479477  0.000133216 
1612.2816324272  0.000130592 
1628.4044487515  0.000180359 
1644.688493239 0.0002285065 
1661.1353781714 0.00036077113636364 
1677.7467319531  0.000671361 
1694.5241992726  0.001041555 
1711.4694412654  0.001448805 
1728.584135678  0.002408245 
1745.8699770348   0.00280221 
1763.3286768051   0.00353986 
1780.9619635732    0.0061706 
1798.7715832089  0.008792775 
1816.759299041    0.0121074 
1834.9268920314    0.0134485 
1853.2761609517    0.0171961 
1871.8089225613   0.02364705 
1890.5270117869    0.0346755 
1909.4322819047   0.04870025 
1928.5266047238    0.0480374 
1947.811870771 0.098670409090909 
1967.2899894787 0.13890052941176 
1986.9628893735 0.15234861904762 
2006.8325182673      0.18535 
2026.9008434499      0.23012 
2047.1698518844     0.276618 
2067.6415504033    0.3210388 
2088.3179659073    0.6123025 
2109.2011455664     0.674067 
2130.293157022     0.841161 
2151.5960885923     0.922889 
2173.1120494782     0.950726 
2194.843169973 1.5691633333333 
2216.7916016727      2.00748 
2238.9595176894     3.351265 
2261.3491128663      2.97412 
2283.962603995 4.1010533333333 
2306.8022300349      7.64367 
2329.8702523353     8.513145 
2353.1689548586 6.5098833333333 
2376.7006444072      12.8961 
2400.4676508513      18.6711 
2424.4723273598 28.529166666667 
2448.7170506334     37.11455 
2473.2042211397 30.802766666667 
2497.9362633511 37.701234782609 
2522.9156259846 96.792911111111 
2548.1447822445    103.58485 
2573.6262300669 104.53096666667 
2599.3624923676 165.89766666667 
2625.3561172913      315.717 
2651.6096784642 367.64566666667 
2678.1257752488      335.062 
2704.9070330013 446.98733333333 
2731.9561033313 508.15633333333 
2759.2756643647        852.6 
2786.8684210083     829.4615 
2814.7371052184 958.86933333333 
2842.8844762706 652.18466666667 
2871.3133210333 1679.1933333333 
2900.0264542436      3002.78 
2929.026718786      3178.58 
2958.3169859739      2997.05 
2987.9001558336      3690.25 
3017.779157392      5577.76 
3047.9569489659     7719.355 
3078.4365184556      8743.45 
3109.2208836401     16081.15 
3140.3130924765      30912.3 
3171.7162234013      27032.8 
3203.4333856353      30282.9 
3235.4677194916      51527.7 
3267.8223966866        80218 
3300.5006206534      68156.3 
3333.50562686      62324.5 
3366.8406831286     37671.95 
3400.5090899598     57689.95 
3434.5141808594      57187.8 
3468.859322668     70103.05 
3503.5479158947     109979.5 
3538.5833950537    108034.65 
3573.9692290042      60966.7 
3609.7089212942     126231.8 
3645.8060105072 200236.66666667 
3682.2640706123     154767.5 
3719.0867113184     61842.65 
3756.2775784316     176351.5 
3793.8403542159    111146.35 
3831.778757758    101893.35 
3870.0965453356       124067 
3908.797510789    119477.85 
3947.8854858969    107226.05 
3987.3643407558       342195 
4027.2379841634       321739 
4067.510364005       363737 
4108.1854676451     292148.5 
4149.2673223215       285607 
4190.7599955447       248066 
4232.6675955002       309668 
4274.9942714552       303855 
4317.7442141697       470881 
4360.9216563114     470866.5 
4404.5308728746       493938 
4448.5761816033       586462 
4493.0619434193     667435.5 
4537.9925628535     694938.5 
4583.3724884821     720279.5 
4629.2062133669       735491 
4675.4982755006     733578.5 
4722.2532582556     712152.5 
4769.4757908381 673858.66666667 
4817.1705487465       769215 
4865.342254234 786090.66666667 
4913.9956767763       759875 
4963.1356335441 648358.33333333 
5012.7669898795       596428 
5062.8946597783 545352.66666667 
5113.5236063761       503671 
5164.6588424398       527158 
5216.3054308642       857897 
5268.4684851729 893143.66666667 
5321.1531700246 920406.66666667 
5374.3647017249     913957.5 
5428.1083487421 919996.33333333 
5482.3894322295 944797.66666667 
5537.2133265518       975512 
5592.5854598173     986864.5 
5648.5113144155 1025146.6666667 
5704.9964275597 1045495.3333333 
5762.0463918353 1067923.3333333 
5819.6668557536 1088783.3333333 
5877.8635243112 944762.66666667 
5936.6421595543 1077696.6666667 
5996.0085811498 1101516.6666667 
6055.9686669613 1105996.6666667 
6116.5283536309      1039263 
6177.6936371672      1049930 
6239.4705735389 1037842.6666667 
6301.8652792743 1088593.3333333 
6364.883932067 1108056.6666667 
6428.5327713877    1091187.5 
6492.8180991016 1122713.3333333 
6557.7462800926      1121610 
6623.3237428935      1118450 
6689.5569803225    1089567.5 
6756.4525501257      1095090 
6824.0170756269      1115660 
6892.2572463832      1129400 
6961.179818847      1137430 
7030.7916170355 1099393.3333333 
7101.0995332059    1049662.5 
7172.1105285379      1072590 
7243.8316338233    1113722.5 
7316.2699501615 1123726.6666667 
7389.4326496631    1130022.5 
7463.3269761598    1139522.5 
7537.9602459214      1140505 
7613.3398483806      1118350 
7689.4732468644      1108480 
7766.367979333    1117227.5 
7844.0316591264    1110922.5 
7922.4719757176    1100467.5 
8001.6966954748      1100690 
8081.7136624296    1098442.5 
8162.5307990539    1081837.5 
8244.1561070444      1085650 
8326.5976681148      1053685 
8409.863644796      1055484 
8493.9622812439   1017086.25 
8578.9019040564      1061425 
8664.6909230969    1025596.6 
8751.3378323279    1043317.5 
8838.8512106512    1041222.5 
8927.2397227577    1023520.6 
9016.5121199853      1025275 
9106.6772411851      1013040 
9197.744013597     996531.5 
9289.721453733     994637.6 
9382.6186682703     983239.2 
9476.444854953     978384.6 
9571.2093035025    966829.25 
9666.9213965375     950958.4 
9763.5906105029     951355.2 
9861.226516608     953230.2 
9959.838781774 945980.66666667 
10059.437169592       935153 
10160.031541288       927120 
10261.631856701     919091.5 
10364.248175268       910011 
10467.89065702       902828 
10572.56956359       888537 
10678.295259226       876709 
10785.078211819       863428 
10892.928993937       849678 
11001.858283876     836711.5 
11111.876866715       832203 
11222.995635382 824291.33333333 
11335.225591736       809483 
11448.577847653     815215.5 
11563.06362613       799862 
11678.694262391       796778 
11795.481205015       782004 
11913.436017065 777737.66666667 
12032.570377236     773921.5 
12152.896081008     772902.5 
12274.425041818       764235 
12397.169292236     756764.5 
12521.140985159 749083.66666667 
12646.35239501     742152.5 
12772.81591896       732215 
12900.54407815       726456 
13029.549518932     719795.5 
13159.845014121       713401 
13291.443464262     704699.5 
13424.357898905 700806.66666667 
13558.601477894       692110 
13694.187492673 694088.33333333 
13831.129367599       671736 
13969.440661275 671021.33333333 
14109.135067888 663615.66666667 
14250.226418567 659407.33333333 
14392.728682753       660489 
14536.65596958 646837.83333333 
14682.022529276 648925.66666667 
14828.842754569 654469.66666667 
14977.131182115       644136 
15126.902493936 657781.66666667 
15278.171518875 655110.66666667 
15430.953234064 657854.33333333 
15585.262766404 660165.66666667 
15741.115394068       645186 
15898.526548009       656718 
16057.511813489       654222 
16218.086931624     645872.5 
16380.26780094       631888 
16544.07047895     625455.5 
16709.511183739     598117.5 
16876.606295577       589782 
17045.372358532       564262 
17215.826082118       540308 
17387.984342939       520543 
17561.864186368       504323 
17737.482828232       487082 
17914.857656514     466985.5 
18094.006233079       446973 
18274.94629541       429430 
18457.695758364       413995 
18642.272715948     402309.5 
18828.695443107       389964 
19016.982397539     380679.5 
19207.152221514       366390 
19399.223743729     352010.5 
19593.215981166       339035 
19789.148140978       326096 
19987.039622388       319345 
20186.910018612     306341.5 
20388.779118798     298532.5 
20592.666909986       287869 
20798.593579086     278303.5 
21006.579514877     271291.5 
21216.645310025     263722.5 
21428.811763126     256628.5 
21643.099880757       246425 
21859.530879564       236693 
22078.12618836       230953 
22298.907450244     224165.5 
22521.896524746       217477 
22747.115489993       202490 
22974.586644893       192805 
23204.332511342       174683 
23436.375836456       169336 
23670.73959482       159647 
23907.446990769       158181 
24146.521460676 147257.66666667 
24387.986675283       138313 
24631.866542036       134114 
24878.185207456       130351 
25126.967059531       121398 
25378.236730126     119972.5 
25632.019097427       116475 
25888.339288402     114742.5 
26147.222681286       113420 
26408.694908098 108625.33333333 
26672.781857179     106384.5 
26939.509675751 101828.33333333 
27208.904772509 97746.566666667 
27480.993820234 93747.666666667 
27755.803758436     90349.35 
28033.361796021 85841.066666667 
28313.695413981 84028.233333333 
28596.832368121      81368.9 
28882.800691802 78524.733333333 
29171.62869872        73676 
29463.344985707 72174.933333333 
29757.978435564 69012.533333333 
30055.55821992 67820.733333333 
30356.113802119      65025.8 
30659.67494014 62599.666666667 
30966.271689541      61346.3 
31275.934406437 58876.566666667 
31588.693750501 57727.533333333 
31904.580688006     56254.42 
32223.626494886      54224.4 
32545.862759835        52869 
32871.321387434      51288.2 
33200.034601308     49336.85 
33532.034947321        48421 
33867.355296794     46555.95 
34206.028849762     45042.95 
34548.08913826      44027.8 
34893.570029642     42564.55 
35242.505729939     40989.45 
35594.930787238     39166.55 
35950.880095111      37968.1 
36310.388896062      36763.8 
36673.492785022        35757 
37040.227712872     34242.75 
37410.629990001        33040 
37784.736289901     31923.55 
38162.5836528     30654.55 
38544.209489328     29555.75 
38929.651584221     28403.55 
39318.948100064     27460.45 
39712.137581064     26125.55 
40109.258956875     25158.45 
40510.351546444     24057.95 
40915.455061908     23206.15 
41324.609612527     22299.75 
41737.855708653     21496.85 
42155.234265739      20791.5 
42576.786608396      19687.3 
43002.55447448     18191.65 
43432.580019225     16933.55 
43866.905819417 15699.333333333 
44305.574877612     14590.35 
44748.630626388     14049.75 
45196.116932652      13385.6 
45648.078101978      12900.1 
46104.558882998     12493.35 
46565.604471828     12235.55 
47031.260516546 11846.366666667 
47501.573121712        11452 
47976.588852929     11136.35 
48456.354741458 10716.733333333 
48940.918288873     10369.25 
49430.327471761 10006.583333333 
49924.630746479      9597.63 
50423.877053944      9301.87 
50928.115824483     8999.155 
51437.396982728      8724.59 
51951.770952555      8450.13 
52471.288662081 8199.1433333333 
52996.001548702 7873.0266666667 
53525.961564189       7663.4 
54061.221179831      7394.42 
54601.833391629 7153.7466666667 
55147.851725545       6962.5 
55699.330242801 6770.5633333333 
56256.323545229      6518.47 
56818.886780681      6279.73 
57387.075648488 6104.2033333333 
57960.946404973 5884.5366666667 
58540.555869022 5680.1466666667 
59125.961427713      5502.89 
59717.22104199      5328.56 
60314.39325241      5131.37 
60917.537184934 4966.4133333333 
61526.712556783 4816.0833333333 
62141.979682351 4645.5033333333 
62763.399479174      4490.33 
63391.033473966 4321.6666666667 
64024.943808706 4085.7785714286 
64665.193246793      3903.12 
65311.845179261     3726.465 
65964.963631053         3527 
66624.613267364      3400.64 
67290.859400038      3288.84 
67963.767994038      3145.51 
68643.405673978      3045.11 
69329.839730718     2956.015 
70023.138128025     2824.415 
70723.369509305     2710.385 
71430.603204399      2643.35 
72144.909236443     2540.205 
72866.358328807     2447.875 
73595.021912095      2348.01 
74330.972131216      2260.86 
75074.281852528     2148.295 
75825.024671053      2055.57 
76583.274917764      1988.21 
77349.107666942     1887.115 
78122.598743611     1802.545 
78903.824731047     1726.045 
79692.862978358     1657.415 
80489.791608141      1593.88 
81294.689524223     1544.365 
82107.636419465      1490.58 
82928.712783659      1434.27 
83757.999911496      1386.09 
84595.579910611 1327.8866666667 
85441.535709717      1273.31 
86295.951066814     1233.085 
87158.910577482      1187.78 
88030.499683257     1149.855 
88910.80468009      1114.06 
89799.912726891      1071.03 
90697.91185416      1028.96 
91604.890972701     995.9615 
92520.939882428 957.59733333333 
93446.149281253      918.528 
94380.610774065      890.508 
95324.416881806 858.80766666667 
96277.661050624      823.795 
97240.43766113      794.466 
98212.842037741      760.878 
99194.970458119     739.8715 
100186.9201627      723.213 
199060.83304441      48.8008 
399467.9878358      3.12615 
594753.39981818     0.618895 
793700.71765891     0.195446 
997811.18987739    0.0798027 
1193529.3359837    0.0383533 
1399507.0114645    0.0206298 
