#  WAVELENGTH	        FLUX	
#  (ANGSTROM)	(ERG/CM2/S/A)	
############	############	
392.46942519626  2.63041E-24 
404.36164124913  1.62488E-23 
412.48931023824  7.73063E-23 
420.78034537403  2.91384E-22 
429.23803031605  1.04244E-21 
437.8657147254  5.55234E-21 
446.66681559138  2.35502E-20 
455.64481858477  8.16557E-20 
469.4513122327  3.06415E-19 
478.88728360858   1.0837E-18 
488.51291800911  3.62923E-18 
498.3320276611  1.15303E-17 
503.31534793771  2.99061E-17 
508.34850141708   6.4617E-17 
518.56630629557  1.50121E-16 
528.98948905211  4.17179E-16 
539.62217778206  1.09546E-15 
545.01839955988  2.80337E-15 
555.97326939103  6.87796E-15 
567.14833210579  1.63064E-14 
578.54801358112  3.70124E-14 
584.33349371693  8.33015E-14 
596.07859694064  1.80077E-13 
608.05977673914  3.78704E-13 
614.14037450653  7.75629E-13 
626.48459603412  1.54944E-12 
639.0769364144  3.02416E-12 
645.46770577855  5.77044E-12 
651.92238283633  9.52606E-12 
658.44160666469  1.46083E-11 
671.67628295866  2.64573E-11 
678.39304578824  4.70054E-11 
692.02874600859   8.1995E-11 
698.94903346867   1.4046E-10 
712.99790904139  2.49294E-10 
720.12788813181  4.12778E-10 
734.60245868325   6.4155E-10 
741.94848327009   1.03274E-9 
749.36796810279   1.63917E-9 
764.43026426165    2.5667E-9 
772.07456690427   3.96691E-9 
779.79531257331   6.05521E-9 
787.59326569905   9.11627E-9 
803.4238903396    1.3606E-8 
811.45812924299    2.0066E-8 
819.57271053542   2.92722E-8 
827.76843764078   4.22698E-8 
844.40658323736   6.04331E-8 
852.85064906973   8.55886E-8 
861.37915556043   1.20089E-7 
869.99294711603   1.66964E-7 
878.69287658719   2.30312E-7 
887.47980535306   3.14995E-7 
896.3546034066   4.27321E-7 
914.37133093507   0.00151597 
923.51504424442   0.00545529 
932.75019468686   0.00739693 
942.07769663373    0.0103874 
951.49847360007    0.0145971 
961.01345833607      0.01955 
970.62359291943    0.0245205 
980.32982884862    0.0339632 
990.13312713711    0.0439052 
1000.0344584085    0.0590183 
1010.0348029926    0.0747883 
1020.1351510225    0.0898847 
1030.3365025327     0.126243 
1040.639867558     0.162777 
1051.0462662336     0.205335 
1061.556728896     0.258188 
1072.1722961849     0.328345 
1082.8940191468     0.414868 
1093.7229593382     0.511986 
1104.6601889316        2.207 
1115.7067908209      4.50423 
1126.8638587291      6.62466 
1138.1324973164      8.16779 
1149.5138222896       8.8225 
1161.0089605125      10.6036 
1172.6190501176      11.8101 
1184.3452406188       9.8844 
1196.188693025      5.16258 
1208.1505799552      2.67499 
1220.2320857548      6.55364 
1232.4344066123      14.6639 
1244.7587506785     37.31315 
1257.2063381852      60.8804 
1269.7784015671      85.6018 
1282.4761855828     141.4485 
1295.3009474386      190.449 
1308.253956913      241.847 
1321.3364964821      296.642 
1334.5498614469      378.951 
1347.8953600614      460.769 
1361.374313662       555.12 
1374.9880567986      653.552 
1388.7379373666      794.027 
1402.6253167403      961.955 
1416.6515699077      1130.03 
1430.8180856068 1308.9258823529 
1445.1262664628 1568.8176923077 
1459.5775291275       1740.2 
1474.1733044187      2062.92 
1488.9150374629      2468.36 
1503.8041878376 2880.8322727273 
1518.8422297159      3447.34 
1534.0306520131      4843.52 
1549.3709585332      5623.96 
1564.8646681186      6088.11 
1580.5133147997     7678.225 
1596.3184479477      8520.07 
1612.2816324272      10040.1 
1628.4044487515      13129.9 
1644.688493239     15764.45 
1661.1353781714 24300.540909091 
1677.7467319531      60012.2 
1694.5241992726       189523 
1711.4694412654     708961.5 
1728.584135678      1217635 
1745.8699770348      1669100 
1763.3286768051      1374525 
1780.9619635732      2101430 
1798.7715832089      2014770 
1816.759299041      1865090 
1834.9268920314      1787150 
1853.2761609517      2213820 
1871.8089225613      2466090 
1890.5270117869      2689145 
1909.4322819047      2835800 
1928.5266047238      2460000 
1947.811870771 3654895.4545455 
1967.2899894787 3633478.2352941 
1986.9628893735 3478769.5238095 
2006.8325182673      3235760 
2026.9008434499      4007115 
2047.1698518844      4003920 
2067.6415504033      4896679 
2088.3179659073      4617340 
2109.2011455664      4870985 
2130.293157022      4585700 
2151.5960885923      4817140 
2173.1120494782      4914180 
2194.843169973 5307856.6666667 
2216.7916016727      5494235 
2238.9595176894      5182135 
2261.3491128663      4992610 
2283.962603995 5485853.3333333 
2306.8022300349      5543285 
2329.8702523353      3971875 
2353.1689548586 4644806.6666667 
2376.7006444072      3307810 
2400.4676508513      3824660 
2424.4723273598 5643833.3333333 
2448.7170506334      6053240 
2473.2042211397      5026580 
2497.9362633511 5425235.6521739 
2522.9156259846 4000252.2222222 
2548.1447822445      5011825 
2573.6262300669      5766080 
2599.3624923676      5231140 
2625.3561172913      7629585 
2651.6096784642 8313026.6666667 
2678.1257752488      8002165 
2704.9070330013      7295670 
2731.9561033313      6472500 
2759.2756643647 7354196.6666667 
2786.8684210083      2805160 
2814.7371052184 8921813.3333333 
2842.8844762706 7691386.6666667 
2871.3133210333      8824170 
2900.0264542436     10146400 
2929.026718786      9608180 
2958.3169859739      9989170 
2987.9001558336     10047230 
3017.779157392     10196600 
3047.9569489659     10479500 
3078.4365184556     10607000 
3109.2208836401     10464650 
3140.3130924765     10700000 
3171.7162234013     10045300 
3203.4333856353     10167275 
3235.4677194916     10613000 
3267.8223966866     11245000 
3300.5006206534     11381350 
3333.50562686     11160100 
3366.8406831286     10864700 
3400.5090899598     11123150 
3434.5141808594     11202000 
3468.859322668     11225000 
3503.5479158947     11335950 
3538.5833950537     11449750 
3573.9692290042     10932900 
3609.7089212942     11212380 
3645.8060105072 11786433.333333 
3682.2640706123     11544200 
3719.0867113184     12274000 
3756.2775784316     14421800 
3793.8403542159     15017500 
3831.778757758     17166400 
3870.0965453356     14112800 
3908.797510789     15543650 
3947.8854858969     14855450 
3987.3643407558     18109650 
4027.2379841634     18249900 
4067.510364005     17535000 
4108.1854676451     16501950 
4149.2673223215 18014133.333333 
4190.7599955447     17608550 
4232.6675955002     17546650 
4274.9942714552     16685850 
4317.7442141697     15360500 
4360.9216563114     17339000 
4404.5308728746     17197200 
4448.5761816033 17146133.333333 
4493.0619434193     17174050 
4537.9925628535     17037350 
4583.3724884821     16954250 
4629.2062133669     16863400 
4675.4982755006     16553800 
4722.2532582556     16609700 
4769.4757908381     16399700 
4817.1705487465     15512950 
4865.342254234 14799033.333333 
4913.9956767763     15560050 
4963.1356335441 15361366.666667 
5012.7669898795     15269550 
5062.8946597783 15164766.666667 
5113.5236063761     14814600 
5164.6588424398     14328900 
5216.3054308642     14499950 
5268.4684851729     14247000 
5321.1531700246 14059833.333333 
5374.3647017249     13869350 
5428.1083487421 13778566.666667 
5482.3894322295     13639500 
5537.2133265518     13407100 
5592.5854598173     13258150 
5648.5113144155 13109066.666667 
5704.9964275597 12935266.666667 
5762.0463918353 12749233.333333 
5819.6668557536 12542733.333333 
5877.8635243112 12277733.333333 
5936.6421595543     12147100 
5996.0085811498 11934833.333333 
6055.9686669613     11750700 
6116.5283536309 11445133.333333 
6177.6936371672 11352433.333333 
6239.4705735389     11148300 
6301.8652792743     10975100 
6364.883932067     10795700 
6428.5327713877     10549075 
6492.8180991016     10177310 
6557.7462800926      9541800 
6623.3237428935     10069900 
6689.5569803225    9894427.5 
6756.4525501257      9707930 
6824.0170756269    9521072.5 
6892.2572463832 9344483.3333333 
6961.179818847      9162340 
7030.7916170355 8994403.3333333 
7101.0995332059    8807452.5 
7172.1105285379 8633713.3333333 
7243.8316338233    8484242.5 
7316.2699501615 8330963.3333333 
7389.4326496631    8153012.5 
7463.3269761598      7993930 
7537.9602459214      7833140 
7613.3398483806 7677576.6666667 
7689.4732468644    7535807.5 
7766.367979333    7377322.5 
7844.0316591264    7230432.5 
7922.4719757176    7069112.5 
8001.6966954748      6928910 
8081.7136624296      6788890 
8162.5307990539    6626462.5 
8244.1561070444      6508600 
8326.5976681148    6359807.5 
8409.863644796      6215260 
8493.9622812439    5951502.5 
8578.9019040564    5944277.5 
8664.6909230969      5697226 
8751.3378323279    5732397.5 
8838.8512106512      5516490 
8927.2397227577      5444322 
9016.5121199853      5339400 
9106.6772411851      5294840 
9197.744013597      4999415 
9289.721453733      5073214 
9382.6186682703      4934028 
9476.444854953      4700314 
9571.2093035025      4712455 
9666.9213965375      4619214 
9763.5906105029      4515604 
9861.226516608      4405504 
9959.838781774      4272190 
10059.437169592      4127450 
10160.031541288      4114835 
10261.631856701      4020775 
10364.248175268      3930905 
10467.89065702      3834155 
10572.56956359 3714666.6666667 
10678.295259226      3613740 
10785.078211819      3523285 
10892.928993937      3333680 
11001.858283876      3391775 
11111.876866715      3318210 
11222.995635382 3224236.6666667 
11335.225591736      3137760 
11448.577847653      3078990 
11563.06362613 2987476.6666667 
11678.694262391      2908340 
11795.481205015      2841845 
11913.436017065 2774483.3333333 
12032.570377236      2704890 
12152.896081008      2659230 
12274.425041818 2590333.3333333 
12397.169292236      2527250 
12521.140985159      2462240 
12646.35239501      2401060 
12772.81591896 2258153.3333333 
12900.54407815 2275893.3333333 
13029.549518932      2221875 
13159.845014121      2168400 
13291.443464262      2118815 
13424.357898905      2069990 
13558.601477894 2011076.6666667 
13694.187492673 1953553.3333333 
13831.129367599      1911620 
13969.440661275      1867590 
14109.135067888      1815510 
14250.226418567      1766750 
14392.728682753 1712153.3333333 
14536.65596958 1672972.6666667 
14682.022529276      1627000 
14828.842754569 1582853.3333333 
14977.131182115 1538123.3333333 
15126.902493936      1502880 
15278.171518875      1460690 
15430.953234064 1420226.6666667 
15585.262766404 1379216.6666667 
15741.115394068      1331970 
15898.526548009 1305274.2857143 
16057.511813489      1240360 
16218.086931624      1233145 
16380.26780094      1155170 
16544.07047895      1169705 
16709.511183739      1080110 
16876.606295577      1086350 
17045.372358532      1054150 
17215.826082118     972049.5 
17387.984342939     963107.5 
17561.864186368       940221 
17737.482828232     913332.5 
17914.857656514       875539 
18094.006233079       806232 
18274.94629541     808696.5 
18457.695758364       785576 
18642.272715948       730362 
18828.695443107     728810.5 
19016.982397539       707227 
19207.152221514     677739.5 
19399.223743729     628432.5 
19593.215981166     630715.5 
19789.148140978     608661.5 
19987.039622388     587314.5 
20186.910018612       565677 
20388.779118798     546380.5 
20592.666909986       526675 
20798.593579086     508455.5 
21006.579514877       491009 
21216.645310025       474128 
21428.811763126       456942 
21643.099880757 427210.33333333 
21859.530879564     420758.5 
22078.12618836       407070 
22298.907450244     393903.5 
22521.896524746     380767.5 
22747.115489993       365786 
22974.586644893     351469.5 
23204.332511342     340388.5 
23436.375836456 327281.33333333 
23670.73959482       314508 
23907.446990769       304970 
24146.521460676 293342.66666667 
24387.986675283     282202.5 
24631.866542036 271613.66666667 
24878.185207456       261637 
25126.967059531 252091.66666667 
25378.236730126       243237 
25632.019097427       233910 
25888.339288402     225969.5 
26147.222681286 212416.33333333 
26408.694908098       208985 
26672.781857179       199818 
26939.509675751 195544.66666667 
27208.904772509 187481.66666667 
27480.993820234       177802 
27755.803758436       174060 
28033.361796021 168316.33333333 
28313.695413981       161668 
28596.832368121       153065 
28882.800691802 149440.66666667 
29171.62869872       143740 
29463.344985707 138339.33333333 
29757.978435564       133158 
30055.55821992 126827.66666667 
30356.113802119 122811.66666667 
30659.67494014 119007.33333333 
30966.271689541       114651 
31275.934406437 110596.66666667 
31588.693750501 106699.66666667 
31904.580688006     103076.6 
32223.626494886     98796.75 
32545.862759835      95365.5 
32871.321387434        90770 
33200.034601308     88024.45 
33532.034947321      85072.7 
33867.355296794     82233.65 
34206.028849762      78708.4 
34548.08913826      76138.3 
34893.570029642     73684.75 
35242.505729939      70549.7 
35594.930787238      67575.3 
35950.880095111      64777.8 
36310.388896062      62717.2 
36673.492785022     60758.95 
37040.227712872     58054.35 
37410.629990001      55501.3 
37784.736289901      53742.9 
38162.5836528     51647.65 
38544.209489328      49642.2 
38929.651584221     47664.15 
39318.948100064     45914.85 
39712.137581064      44111.3 
40109.258956875      42036.3 
40510.351546444      40922.4 
40915.455061908      39437.1 
41324.609612527     37845.95 
41737.855708653      36602.4 
42155.234265739     35313.45 
42576.786608396     34061.05 
43002.55447448        32861 
43432.580019225      31564.7 
43866.905819417 30329.333333333 
44305.574877612     29061.25 
44748.630626388      28082.7 
45196.116932652     27140.35 
45648.078101978 26018.066666667 
46104.558882998      24709.3 
46565.604471828     23968.85 
47031.260516546 23170.233333333 
47501.573121712     22245.75 
47976.588852929      21540.8 
48456.354741458 20698.533333333 
48940.918288873     19895.05 
49430.327471761 19132.566666667 
49924.630746479      18404.7 
50423.877053944      17712.5 
50928.115824483     16930.75 
51437.396982728      16421.2 
51951.770952555     15819.15 
52471.288662081      15247.2 
52996.001548702 14592.433333333 
53525.961564189     14068.95 
54061.221179831      13576.9 
54601.833391629      13008.8 
55147.851725545      12554.2 
55699.330242801 12129.166666667 
56256.323545229 11637.166666667 
56818.886780681 11162.966666667 
57387.075648488 10724.766666667 
57960.946404973      10302.7 
58540.555869022 9854.4566666667 
59125.961427713 9506.0366666667 
59717.22104199      9154.11 
60314.39325241      8806.85 
60917.537184934 8475.4633333333 
61526.712556783      8161.05 
62141.979682351      7858.73 
62763.399479174 7559.0766666667 
63391.033473966      7298.67 
64024.943808706 6982.4557142857 
64665.193246793      6745.12 
65311.845179261      6509.08 
65964.963631053     6208.535 
66624.613267364      5993.96 
67290.859400038     5779.685 
67963.767994038     5529.825 
68643.405673978      5344.01 
69329.839730718      5166.74 
70023.138128025     4941.135 
70723.369509305      4728.07 
71430.603204399      4575.22 
72144.909236443     4428.955 
72866.358328807     4242.915 
73595.021912095     4066.505 
74330.972131216      3865.09 
75074.281852528      3740.09 
75825.024671053      3626.11 
76583.274917764     3516.775 
77349.107666942      3376.79 
78122.598743611      3244.22 
78903.824731047      3117.87 
79692.862978358      2997.54 
80489.791608141         2883 
81294.689524223     2772.815 
82107.636419465      2669.88 
82928.712783659       2570.7 
83757.999911496       2476.1 
84595.579910611 2364.1066666667 
85441.535709717      2257.92 
86295.951066814      2176.03 
87158.910577482       2095.5 
88030.499683257     2026.865 
88910.80468009      1956.48 
89799.912726891 1872.8966666667 
90697.91185416      1793.43 
91604.890972701      1733.04 
92520.939882428      1661.14 
93446.149281253      1591.15 
94380.610774065     1540.585 
95324.416881806 1478.4766666667 
96277.661050624     1419.295 
97240.43766113 1363.1733333333 
98212.842037741     1309.695 
99194.970458119     1268.805 
100186.9201627      1239.15 
199060.83304441        80.72 
399467.9878358      5.10163 
594753.39981818      1.00669 
793700.71765891     0.317477 
997811.18987739     0.129557 
1193529.3359837    0.0622495 
1399507.0114645    0.0334829 
