#  WAVELENGTH	        FLUX	
#  (ANGSTROM)	(ERG/CM2/S/A)	
############	############	
819.57271053542  3.25008E-25 
827.76843764078  7.45059E-25 
844.40658323736  1.67185E-24 
852.85064906973  3.67123E-24 
861.37915556043  7.90493E-24 
869.99294711603  1.67028E-23 
878.69287658719  3.46449E-23 
887.47980535306  7.07393E-23 
896.3546034066   1.4147E-22 
914.37133093507  8.69938E-17 
923.51504424442  5.54865E-16 
932.75019468686  6.32133E-16 
942.07769663373  1.42668E-15 
951.49847360007  1.05453E-15 
961.01345833607  2.58036E-15 
970.62359291943  1.26894E-15 
980.32982884862  5.90087E-15 
990.13312713711   1.0912E-14 
1000.0344584085  1.12043E-14 
1010.0348029926  7.72385E-15 
1020.1351510225  1.57229E-14 
1030.3365025327   4.9735E-14 
1040.639867558  1.11906E-13 
1051.0462662336  1.39668E-13 
1061.556728896  4.69523E-13 
1072.1722961849  6.67284E-13 
1082.8940191468  1.70674E-12 
1093.7229593382  2.60975E-12 
1104.6601889316  4.26759E-12 
1115.7067908209  1.32573E-11 
1126.8638587291  2.31231E-11 
1138.1324973164  3.82469E-11 
1149.5138222896  5.37183E-11 
1161.0089605125  6.03863E-11 
1172.6190501176  8.31324E-11 
1184.3452406188  7.25374E-11 
1196.188693025  1.15357E-11 
1208.1505799552  5.76699E-12 
1220.2320857548    2.166E-11 
1232.4344066123  1.16739E-10 
1244.7587506785  9.85622E-10 
1257.2063381852   2.27075E-9 
1269.7784015671   3.64536E-9 
1282.4761855828  5.188675E-9 
1295.3009474386   8.78722E-9 
1308.253956913    1.1693E-8 
1321.3364964821   1.44025E-8 
1334.5498614469   2.05771E-8 
1347.8953600614   3.37042E-8 
1361.374313662   3.86531E-8 
1374.9880567986   5.07169E-8 
1388.7379373666   6.79228E-8 
1402.6253167403 1.1638255E-7 
1416.6515699077   1.49837E-7 
1430.8180856068 2.6625341176471E-7 
1445.1262664628   3.15358E-7 
1459.5775291275   5.09725E-7 
1474.1733044187   5.89055E-7 
1488.9150374629   1.08927E-6 
1503.8041878376 1.4003710454545E-6 
1518.8422297159   2.54488E-6 
1534.0306520131   6.00315E-6 
1549.3709585332   8.65411E-6 
1564.8646681186  1.321432E-5 
1580.5133147997   1.77855E-5 
1596.3184479477   1.75684E-5 
1612.2816324272   1.68828E-5 
1628.4044487515   2.43663E-5 
1644.688493239   3.17974E-5 
1661.1353781714 5.3352881818182E-5 
1677.7467319531  0.000107318 
1694.5241992726 0.0001797185 
1711.4694412654  0.000260602 
1728.584135678 0.0004596235 
1745.8699770348   0.00052672 
1763.3286768051 0.0007098575 
1780.9619635732  0.001324685 
1798.7715832089   0.00202924 
1816.759299041   0.00282721 
1834.9268920314  0.003174675 
1853.2761609517   0.00414793 
1871.8089225613  0.005892885 
1890.5270117869  0.008931445 
1909.4322819047    0.0129905 
1928.5266047238  0.012644295 
1947.811870771 0.028623363636364 
1967.2899894787 0.042924041176471 
1986.9628893735 0.045394976190476 
2006.8325182673    0.0549296 
2026.9008434499    0.0667188 
2047.1698518844   0.08124485 
2067.6415504033  0.093607715 
2088.3179659073     0.211539 
2109.2011455664    0.2087295 
2130.293157022     0.290836 
2151.5960885923    0.3227655 
2173.1120494782    0.3226915 
2194.843169973 0.64223733333333 
2216.7916016727     0.964858 
2238.9595176894     1.773935 
2261.3491128663    1.4469555 
2283.962603995     2.011662 
2306.8022300349      4.44308 
2329.8702523353     5.192435 
2353.1689548586 3.1212666666667 
2376.7006444072      8.40044 
2400.4676508513     13.16667 
2424.4723273598 23.027133333333 
2448.7170506334      30.4099 
2473.2042211397 20.128273333333 
2497.9362633511 24.259447826087 
2522.9156259846 84.644111111111 
2548.1447822445    106.62955 
2573.6262300669     112.2903 
2599.3624923676 186.74466666667 
2625.3561172913     613.7785 
2651.6096784642      928.727 
2678.1257752488     667.6755 
2704.9070330013 763.91766666667 
2731.9561033313 660.89333333333 
2759.2756643647     1295.471 
2786.8684210083      720.644 
2814.7371052184 1120.9846666667 
2842.8844762706       530.05 
2871.3133210333 2531.7933333333 
2900.0264542436      6618.07 
2929.026718786     6402.055 
2958.3169859739      5433.86 
2987.9001558336      6245.41 
3017.779157392      9345.94 
3047.9569489659     13792.85 
3078.4365184556      16847.3 
3109.2208836401      25942.1 
3140.3130924765     36668.35 
3171.7162234013      34834.7 
3203.4333856353     35832.65 
3235.4677194916      58489.8 
3267.8223966866     81437.45 
3300.5006206534     69450.95 
3333.50562686      62774.4 
3366.8406831286      39383.9 
3400.5090899598      61607.2 
3434.5141808594      64853.5 
3468.859322668      79836.2 
3503.5479158947     110831.5 
3538.5833950537     108625.6 
3573.9692290042      73673.4 
3609.7089212942     132175.4 
3645.8060105072 183457.33333333 
3682.2640706123     163643.5 
3719.0867113184     80457.25 
3756.2775784316     174450.5 
3793.8403542159       116208 
3831.778757758     104291.5 
3870.0965453356       139632 
3908.797510789    127116.85 
3947.8854858969     124747.8 
3987.3643407558     324809.5 
4027.2379841634     317180.5 
4067.510364005       347257 
4108.1854676451     294605.5 
4149.2673223215 284167.66666667 
4190.7599955447       292888 
4232.6675955002     327232.5 
4274.9942714552     293768.5 
4317.7442141697     437686.5 
4360.9216563114       440662 
4404.5308728746     483394.5 
4448.5761816033       567589 
4493.0619434193       643671 
4537.9925628535       666716 
4583.3724884821     692850.5 
4629.2062133669 720311.33333333 
4675.4982755006     732662.5 
4722.2532582556       738392 
4769.4757908381       735291 
4817.1705487465       777708 
4865.342254234       784150 
4913.9956767763       789307 
4963.1356335441 741559.66666667 
5012.7669898795       704881 
5062.8946597783 664253.33333333 
5113.5236063761     613510.5 
5164.6588424398       634274 
5216.3054308642     864676.5 
5268.4684851729 888631.66666667 
5321.1531700246 918138.33333333 
5374.3647017249       915776 
5428.1083487421 935601.33333333 
5482.3894322295       959128 
5537.2133265518 980555.66666667 
5592.5854598173    1002893.5 
5648.5113144155      1018970 
5704.9964275597 1026950.6666667 
5762.0463918353      1048360 
5819.6668557536      1071100 
5877.8635243112 1010696.6666667 
5936.6421595543 1074176.6666667 
5996.0085811498 1083726.6666667 
6055.9686669613      1081000 
6116.5283536309      1039670 
6177.6936371672 1065283.3333333 
6239.4705735389 1047156.6666667 
6301.8652792743      1079900 
6364.883932067 1093436.6666667 
6428.5327713877    1084577.5 
6492.8180991016 1104963.3333333 
6557.7462800926      1100300 
6623.3237428935 1109503.3333333 
6689.5569803225    1111887.5 
6756.4525501257 1114613.3333333 
6824.0170756269      1119445 
6892.2572463832 1116256.6666667 
6961.179818847      1112030 
7030.7916170355 1106296.6666667 
7101.0995332059    1091027.5 
7172.1105285379 1088366.6666667 
7243.8316338233    1101292.5 
7316.2699501615 1101236.6666667 
7389.4326496631    1099912.5 
7463.3269761598      1105495 
7537.9602459214      1108455 
7613.3398483806 1099026.6666667 
7689.4732468644      1094465 
7766.367979333    1099887.5 
7844.0316591264    1086237.5 
7922.4719757176    1071887.5 
8001.6966954748      1069935 
8081.7136624296    1063832.5 
8162.5307990539    1053807.5 
8244.1561070444    1057507.5 
8326.5976681148    1031597.5 
8409.863644796      1035648 
8493.9622812439    1001075.5 
8578.9019040564    1036927.5 
8664.6909230969    1004897.4 
8751.3378323279      1020005 
8838.8512106512    1021322.5 
8927.2397227577      1006278 
9016.5121199853   1004021.25 
9106.6772411851     984917.2 
9197.744013597    966751.75 
9289.721453733     967077.2 
9382.6186682703     955886.8 
9476.444854953     952687.2 
9571.2093035025    943449.25 
9666.9213965375     930922.8 
9763.5906105029       930987 
9861.226516608     931967.8 
9959.838781774 925546.46666667 
10059.437169592     915473.5 
10160.031541288     906752.5 
10261.631856701       898634 
10364.248175268       889829 
10467.89065702       883079 
10572.56956359       869846 
10678.295259226     859026.5 
10785.078211819     846856.5 
10892.928993937     827611.5 
11001.858283876       813661 
11111.876866715       811805 
11222.995635382 806540.66666667 
11335.225591736       794002 
11448.577847653     797996.5 
11563.06362613 784434.33333333 
11678.694262391       781724 
11795.481205015       769263 
11913.436017065       764292 
12032.570377236     759915.5 
12152.896081008       757740 
12274.425041818       749818 
12397.169292236       743022 
12521.140985159 735658.66666667 
12646.35239501     729342.5 
12772.81591896 719904.66666667 
12900.54407815 714412.66666667 
13029.549518932     709151.5 
13159.845014121 702633.66666667 
13291.443464262     697603.5 
13424.357898905 695094.66666667 
13558.601477894 686544.66666667 
13694.187492673 687046.33333333 
13831.129367599     670764.5 
13969.440661275 669107.66666667 
14109.135067888 660947.33333333 
14250.226418567       658963 
14392.728682753 659697.33333333 
14536.65596958 649290.63333333 
14682.022529276       651527 
14828.842754569 657052.33333333 
14977.131182115 650488.66666667 
15126.902493936 659645.33333333 
15278.171518875       658932 
15430.953234064 660971.33333333 
15585.262766404       663125 
15741.115394068       651527 
15898.526548009 660083.85714286 
16057.511813489       657256 
16218.086931624       649096 
16380.26780094       631372 
16544.07047895     624410.5 
16709.511183739     597552.5 
16876.606295577       587842 
17045.372358532       565491 
17215.826082118     542819.5 
17387.984342939     524782.5 
17561.864186368       509935 
17737.482828232       494986 
17914.857656514       476379 
18094.006233079       456744 
18274.94629541     440744.5 
18457.695758364       427057 
18642.272715948     413887.5 
18828.695443107       400079 
19016.982397539       388745 
19207.152221514     374445.5 
19399.223743729       359502 
19593.215981166       346887 
19789.148140978     334337.5 
19987.039622388     326187.5 
20186.910018612       313505 
20388.779118798       304526 
20592.666909986       293609 
20798.593579086     283876.5 
21006.579514877     275721.5 
21216.645310025       267150 
21428.811763126       259090 
21643.099880757       248084 
21859.530879564     238313.5 
22078.12618836       231509 
22298.907450244       224433 
22521.896524746     217578.5 
22747.115489993 202072.66666667 
22974.586644893       192384 
23204.332511342       174496 
23436.375836456 169105.66666667 
23670.73959482     159796.5 
23907.446990769       159258 
24146.521460676       149388 
24387.986675283       141606 
24631.866542036 138927.33333333 
24878.185207456     136313.5 
25126.967059531       127999 
25378.236730126       126303 
25632.019097427       123038 
25888.339288402       120430 
26147.222681286 117823.33333333 
26408.694908098 112856.66666667 
26672.781857179       110723 
26939.509675751 106774.33333333 
27208.904772509 103304.66666667 
27480.993820234 99630.933333333 
27755.803758436      96197.1 
28033.361796021      92075.9 
28313.695413981 89923.833333333 
28596.832368121 86844.766666667 
28882.800691802 83872.066666667 
29171.62869872 79534.633333333 
29463.344985707 77336.333333333 
29757.978435564      74401.6 
30055.55821992 72566.966666667 
30356.113802119 69571.866666667 
30659.67494014 67100.333333333 
30966.271689541      65292.5 
31275.934406437 62627.333333333 
31588.693750501 61036.733333333 
31904.580688006     59268.66 
32223.626494886      56781.9 
32545.862759835      55190.6 
32871.321387434      53258.6 
33200.034601308      51002.2 
33532.034947321      49850.7 
33867.355296794     47809.15 
34206.028849762     46032.85 
34548.08913826      44813.3 
34893.570029642      43324.5 
35242.505729939     41601.45 
35594.930787238      39676.8 
35950.880095111      38358.9 
36310.388896062        37126 
36673.492785022     36053.35 
37040.227712872     34490.65 
37410.629990001     33223.75 
37784.736289901      32039.7 
38162.5836528        30762 
38544.209489328     29652.15 
38929.651584221     28478.35 
39318.948100064      27526.5 
39712.137581064     26293.85 
40109.258956875      25364.6 
40510.351546444      24349.7 
40915.455061908      23501.1 
41324.609612527      22606.4 
41737.855708653     21807.45 
42155.234265739     21077.15 
42576.786608396      19932.8 
43002.55447448     18489.15 
43432.580019225     17240.15 
43866.905819417 16001.266666667 
44305.574877612     14799.05 
44748.630626388     14293.05 
45196.116932652      13550.9 
45648.078101978      13038.8 
46104.558882998     12608.65 
46565.604471828     12331.95 
47031.260516546 11934.433333333 
47501.573121712     11561.15 
47976.588852929     11234.95 
48456.354741458      10843.9 
48940.918288873     10477.45 
49430.327471761 10128.733333333 
49924.630746479     9748.205 
50423.877053944 9432.5433333333 
50928.115824483      9124.57 
51437.396982728 8862.2566666667 
51951.770952555      8565.73 
52471.288662081 8342.5133333333 
52996.001548702      8002.14 
53525.961564189     7794.375 
54061.221179831 7536.1433333333 
54601.833391629 7273.0166666667 
55147.851725545     7092.025 
55699.330242801 6893.9966666667 
56256.323545229 6638.1066666667 
56818.886780681 6403.6466666667 
57387.075648488 6209.1033333333 
57960.946404973 5988.0833333333 
58540.555869022 5775.8733333333 
59125.961427713 5588.2633333333 
59717.22104199 5408.3066666667 
60314.39325241 5204.0966666667 
60917.537184934      5030.37 
61526.712556783 4874.3633333333 
62141.979682351 4700.3866666667 
62763.399479174 4541.6366666667 
63391.033473966      4380.14 
64024.943808706 4174.0885714286 
64665.193246793      4015.72 
65311.845179261      3861.15 
65964.963631053      3672.11 
66624.613267364      3547.92 
67290.859400038     3430.285 
67963.767994038       3277.3 
68643.405673978      3174.08 
69329.839730718      3075.06 
70023.138128025     2938.375 
70723.369509305      2818.38 
71430.603204399       2736.3 
72144.909236443     2640.125 
72866.358328807     2536.925 
73595.021912095     2432.135 
74330.972131216     2336.125 
75074.281852528     2227.545 
75825.024671053      2141.87 
76583.274917764     2065.165 
77349.107666942     1961.985 
78122.598743611      1873.59 
78903.824731047      1794.77 
79692.862978358     1723.805 
80489.791608141     1660.875 
81294.689524223     1608.135 
82107.636419465      1553.29 
82928.712783659     1495.795 
83757.999911496      1443.45 
84595.579910611      1380.31 
85441.535709717     1321.555 
86295.951066814     1275.695 
87158.910577482      1231.16 
88030.499683257      1189.44 
88910.80468009     1151.095 
89799.912726891 1105.3233333333 
90697.91185416       1060.1 
91604.890972701     1026.895 
92520.939882428 986.72833333333 
93446.149281253      947.115 
94380.610774065     917.8855 
95324.416881806      884.265 
96277.661050624      848.966 
97240.43766113      817.601 
98212.842037741      784.452 
99194.970458119     761.6885 
100186.9201627      744.903 
199060.83304441      49.3243 
399467.9878358      3.13817 
594753.39981818     0.619974 
793700.71765891     0.195441 
997811.18987739    0.0796935 
1193529.3359837    0.0382433 
1399507.0114645    0.0205433 
