#  WAVELENGTH	        FLUX	
#  (ANGSTROM)	(ERG/CM2/S/A)	
############	############	
288.29907038004  6.63063E-23 
294.09388169468  3.74117E-22 
300.00516871675  1.39335E-21 
306.03527260795  8.11053E-21 
315.30844740325  8.72459E-20 
324.86260866801  8.09074E-19 
334.70627057326  6.55133E-18 
344.8482052779  4.68983E-17 
355.29745074603  2.50199E-16 
362.43892950602  1.22666E-15 
373.42119150899   5.5559E-15 
384.7362270329  2.73274E-14 
392.46942519626  1.23635E-13 
404.36164124913  5.17766E-13 
412.48931023824  1.76722E-12 
420.78034537403  5.02719E-12 
429.23803031605  1.37351E-11 
437.8657147254  5.14264E-11 
446.66681559138  1.61073E-10 
455.64481858477  4.30553E-10 
469.4513122327   1.22594E-9 
478.88728360858   3.33432E-9 
488.51291800911    8.6902E-9 
498.3320276611   2.17524E-8 
503.31534793771   4.53484E-8 
508.34850141708   8.20721E-8 
518.56630629557   1.59414E-7 
528.98948905211   3.56735E-7 
539.62217778206   7.66069E-7 
545.01839955988    1.6134E-6 
555.97326939103   3.28821E-6 
567.14833210579    6.5278E-6 
578.54801358112   1.25663E-5 
584.33349371693   2.39014E-5 
596.07859694064   4.41987E-5 
608.05977673914   8.00074E-5 
614.14037450653  0.000141911 
626.48459603412  0.000246892 
639.0769364144  0.000421688 
645.46770577855  0.000707861 
651.92238283633   0.00105833 
658.44160666469    0.0014921 
671.67628295866   0.00240529 
678.39304578824   0.00381993 
692.02874600859    0.0059808 
698.94903346867   0.00923664 
712.99790904139    0.0146766 
720.12788813181    0.0220674 
734.60245868325    0.0315319 
741.94848327009    0.0463689 
749.36796810279    0.0674383 
764.43026426165    0.0970431 
772.07456690427     0.138241 
779.79531257331     0.195015 
787.59326569905     0.272505 
803.4238903396     0.377403 
811.45812924299     0.518122 
819.57271053542     0.705388 
827.76843764078     0.952438 
844.40658323736      1.27656 
852.85064906973      1.69781 
861.37915556043      2.24193 
869.99294711603      2.93964 
878.69287658719      3.82886 
887.47980535306      4.95473 
896.3546034066      6.36879 
914.37133093507      112.467 
923.51504424442      724.643 
932.75019468686      1203.37 
942.07769663373      2470.95 
951.49847360007      77219.3 
961.01345833607      79911.5 
970.62359291943      3996.26 
980.32982884862       829972 
990.13312713711      1270690 
1000.0344584085       833783 
1010.0348029926      56325.3 
1020.1351510225      5376.51 
1030.3365025327      83559.7 
1040.639867558      1417950 
1051.0462662336      3143110 
1061.556728896      3408160 
1072.1722961849      4275130 
1082.8940191468      4500360 
1093.7229593382      4533550 
1104.6601889316     12557705 
1115.7067908209     17186800 
1126.8638587291     17341800 
1138.1324973164     14958000 
1149.5138222896     12786000 
1161.0089605125     10619700 
1172.6190501176      6430430 
1184.3452406188   5852128.55 
1196.188693025      25189.4 
1208.1505799552      6575.95 
1220.2320857548      27253.9 
1232.4344066123      56797.5 
1244.7587506785      4422155 
1257.2063381852      8595080 
1269.7784015671     17126900 
1282.4761855828     24937800 
1295.3009474386     21085100 
1308.253956913     32382700 
1321.3364964821     36629500 
1334.5498614469     39636000 
1347.8953600614     43042400 
1361.374313662     39848100 
1374.9880567986     45443300 
1388.7379373666     48749900 
1402.6253167403     48934400 
1416.6515699077     49332600 
1430.8180856068 48702129.411765 
1445.1262664628 54573584.615385 
1459.5775291275     52577000 
1474.1733044187     52570400 
1488.9150374629     55438500 
1503.8041878376     56420950 
1518.8422297159     55329700 
1534.0306520131     56044100 
1549.3709585332     54666000 
1564.8646681186     52565900 
1580.5133147997     58230200 
1596.3184479477     56690500 
1612.2816324272     55373000 
1628.4044487515     55019400 
1644.688493239     53402050 
1661.1353781714 53070331.818182 
1677.7467319531     57410000 
1694.5241992726     54453100 
1711.4694412654     53998650 
1728.584135678     55362050 
1745.8699770348     57822800 
1763.3286768051     55352450 
1780.9619635732     57765200 
1798.7715832089     57258600 
1816.759299041     55606400 
1834.9268920314     54257950 
1853.2761609517     53731500 
1871.8089225613     56014100 
1890.5270117869     54421350 
1909.4322819047     54450700 
1928.5266047238     55412000 
1947.811870771     55993400 
1967.2899894787 55481905.882353 
1986.9628893735 53923719.047619 
2006.8325182673     52128500 
2026.9008434499     53230250 
2047.1698518844     51591750 
2067.6415504033     53317435 
2088.3179659073     52349800 
2109.2011455664     52040100 
2130.293157022     49308500 
2151.5960885923     50346850 
2173.1120494782     48892850 
2194.843169973 49311233.333333 
2216.7916016727     47894800 
2238.9595176894     46110350 
2261.3491128663     46980050 
2283.962603995 47273466.666667 
2306.8022300349     45876950 
2329.8702523353     43268300 
2353.1689548586     43768900 
2376.7006444072     41286650 
2400.4676508513     41750750 
2424.4723273598 43252833.333333 
2448.7170506334     42755200 
2473.2042211397 42371266.666667 
2497.9362633511 43447247.826087 
2522.9156259846 40437733.333333 
2548.1447822445     41796450 
2573.6262300669 43240666.666667 
2599.3624923676 41838033.333333 
2625.3561172913     43910150 
2651.6096784642 43845433.333333 
2678.1257752488     43417150 
2704.9070330013 42413833.333333 
2731.9561033313     41300400 
2759.2756643647     42278600 
2786.8684210083     38997000 
2814.7371052184 42674866.666667 
2842.8844762706     41021700 
2871.3133210333 41239933.333333 
2900.0264542436     42716200 
2929.026718786     41564450 
2958.3169859739     41601300 
2987.9001558336     41744450 
3017.779157392     41821900 
3047.9569489659     41188150 
3078.4365184556     41156700 
3109.2208836401     40509150 
3140.3130924765     40302450 
3171.7162234013     39416400 
3203.4333856353     39509200 
3235.4677194916     39340600 
3267.8223966866     39371450 
3300.5006206534     39060400 
3333.50562686     38359600 
3366.8406831286     38227700 
3400.5090899598     38187400 
3434.5141808594     38007100 
3468.859322668     37623800 
3503.5479158947     37481700 
3538.5833950537     37156000 
3573.9692290042     36857100 
3609.7089212942     36560520 
3645.8060105072 36661733.333333 
3682.2640706123     45990600 
3719.0867113184     86504200 
3756.2775784316     98647400 
3793.8403542159    101665150 
3831.778757758    110192500 
3870.0965453356     90621900 
3908.797510789    106905500 
3947.8854858969     95884900 
3987.3643407558    103055000 
4027.2379841634    100790000 
4067.510364005     97416200 
4108.1854676451     88397250 
4149.2673223215     93754800 
4190.7599955447     91209300 
4232.6675955002     89117050 
4274.9942714552     86979500 
4317.7442141697     76912350 
4360.9216563114     83222400 
4404.5308728746     81547450 
4448.5761816033 79082533.333333 
4493.0619434193     76968850 
4537.9925628535     75176700 
4583.3724884821     73774450 
4629.2062133669 71876533.333333 
4675.4982755006     69982350 
4722.2532582556     68554450 
4769.4757908381     66746800 
4817.1705487465     63596350 
4865.342254234 59560966.666667 
4913.9956767763     61515950 
4963.1356335441 59923933.333333 
5012.7669898795     58351450 
5062.8946597783     56930600 
5113.5236063761     55458900 
5164.6588424398 53938566.666667 
5216.3054308642     52606800 
5268.4684851729 51254433.333333 
5321.1531700246 49791833.333333 
5374.3647017249     48547350 
5428.1083487421 47338633.333333 
5482.3894322295     45935700 
5537.2133265518     44592600 
5592.5854598173     43501050 
5648.5113144155     42439300 
5704.9964275597 41213766.666667 
5762.0463918353     40024200 
5819.6668557536     38848300 
5877.8635243112 37768866.666667 
5936.6421595543     36696000 
5996.0085811498     35673700 
6055.9686669613     34677700 
6116.5283536309 33706766.666667 
6177.6936371672     32787500 
6239.4705735389     31879900 
6301.8652792743 30995533.333333 
6364.883932067 30165966.666667 
6428.5327713877     29234175 
6492.8180991016     27874000 
6557.7462800926 25615633.333333 
6623.3237428935 26852033.333333 
6689.5569803225     26037250 
6756.4525501257     25252500 
6824.0170756269     24494975 
6892.2572463832 23764733.333333 
6961.179818847     23063200 
7030.7916170355 22382366.666667 
7101.0995332059     21733800 
7172.1105285379     21104400 
7243.8316338233     20497850 
7316.2699501615 19913566.666667 
7389.4326496631     19349275 
7463.3269761598     18727175 
7537.9602459214     18133500 
7613.3398483806 17630633.333333 
7689.4732468644     17145575 
7766.367979333     16585375 
7844.0316591264     16091550 
7922.4719757176     15601775 
8001.6966954748     15130475 
8081.7136624296     14673700 
8162.5307990539     14273825 
8244.1561070444     13889875 
8326.5976681148     13337650 
8409.863644796     13314140 
8493.9622812439     13339975 
8578.9019040564     13792875 
8664.6909230969     13205600 
8751.3378323279     13591600 
8838.8512106512     12680200 
8927.2397227577     12494540 
9016.5121199853     12261150 
9106.6772411851     12007060 
9197.744013597   11092622.5 
9289.721453733     11262640 
9382.6186682703     10868360 
9476.444854953     10139096 
9571.2093035025     10170875 
9666.9213965375      9863914 
9763.5906105029      9532856 
9861.226516608      9214288 
9959.838781774 8849674.6666667 
10059.437169592      8432025 
10160.031541288      8363565 
10261.631856701      8092580 
10364.248175268      7832840 
10467.89065702      7582530 
10572.56956359      7282270 
10678.295259226      6999855 
10785.078211819      6781005 
10892.928993937      6328650 
11001.858283876      6373615 
11111.876866715      6180115 
11222.995635382 5946236.6666667 
11335.225591736      5727640 
11448.577847653      5558390 
11563.06362613 5355083.3333333 
11678.694262391      5159685 
11795.481205015      5011680 
11913.436017065      4833870 
12032.570377236      4662870 
12152.896081008      4531815 
12274.425041818      4374150 
12397.169292236      4222940 
12521.140985159      4078690 
12646.35239501      3940350 
12772.81591896 3718273.3333333 
12900.54407815 3656136.6666667 
13029.549518932      3535230 
13159.845014121      3419470 
13291.443464262      3308295 
13424.357898905      3201770 
13558.601477894      3079510 
13694.187492673      2962900 
13831.129367599      2869845 
13969.440661275 2780573.3333333 
14109.135067888 2677966.6666667 
14250.226418567 2579886.6666667 
14392.728682753      2486000 
14536.65596958 2401118.3333333 
14682.022529276 2318756.6666667 
14828.842754569      2234330 
14977.131182115 2147196.6666667 
15126.902493936      2079120 
15278.171518875 2005436.6666667 
15430.953234064 1959346.6666667 
15585.262766404 1903696.6666667 
15741.115394068 1848133.3333333 
15898.526548009 1824675.7142857 
16057.511813489      1706990 
16218.086931624      1706465 
16380.26780094      1598370 
16544.07047895      1600675 
16709.511183739      1503315 
16876.606295577      1483440 
17045.372358532      1436600 
17215.826082118      1351295 
17387.984342939      1319640 
17561.864186368      1279580 
17737.482828232      1240630 
17914.857656514      1190775 
18094.006233079      1121540 
18274.94629541      1098580 
18457.695758364      1066180 
18642.272715948      1014763 
18828.695443107       995076 
19016.982397539       957570 
19207.152221514     921395.5 
19399.223743729     870594.5 
19593.215981166     854300.5 
19789.148140978     823002.5 
19987.039622388       793122 
20186.910018612       764585 
20388.779118798       737326 
20592.666909986     711272.5 
20798.593579086       686357 
21006.579514877       662520 
21216.645310025       639706 
21428.811763126     617851.5 
21643.099880757 584483.33333333 
21859.530879564       567227 
22078.12618836     548419.5 
22298.907450244       530396 
22521.896524746       513101 
22747.115489993 492871.66666667 
22974.586644893       473545 
23204.332511342       458618 
23436.375836456       440543 
23670.73959482     423392.5 
23907.446990769     409843.5 
24146.521460676       394324 
24387.986675283     379676.5 
24631.866542036       366477 
24878.185207456       351363 
25126.967059531 339818.66666667 
25378.236730126     331044.5 
25632.019097427 315985.33333333 
25888.339288402       308076 
26147.222681286 289996.33333333 
26408.694908098 285560.33333333 
26672.781857179     270089.5 
26939.509675751       266172 
27208.904772509 255282.33333333 
27480.993820234 241563.33333333 
27755.803758436     236721.5 
28033.361796021 228858.66666667 
28313.695413981 219837.33333333 
28596.832368121 208404.66666667 
28882.800691802 203084.33333333 
29171.62869872 195313.66666667 
29463.344985707 187905.33333333 
29757.978435564       180847 
30055.55821992 172475.66666667 
30356.113802119       167062 
30659.67494014 161565.66666667 
30966.271689541       155716 
31275.934406437 150129.66666667 
31588.693750501 144789.33333333 
31904.580688006     139851.4 
32223.626494886       134017 
32545.862759835       129371 
32871.321387434     123299.5 
33200.034601308     119095.5 
33532.034947321       115110 
33867.355296794     111301.5 
34206.028849762       106442 
34548.08913826       102977 
34893.570029642     99641.85 
35242.505729939     95373.85 
35594.930787238     91442.25 
35950.880095111      87616.6 
36310.388896062      84522.3 
36673.492785022        82174 
37040.227712872     78975.25 
37410.629990001     75150.75 
37784.736289901     72773.75 
38162.5836528     70071.85 
38544.209489328     67589.55 
38929.651584221     64426.45 
39318.948100064     62567.75 
39712.137581064      59985.9 
40109.258956875     56969.85 
40510.351546444     55759.15 
40915.455061908      53701.7 
41324.609612527     51200.55 
41737.855708653     49855.65 
42155.234265739      48065.4 
42576.786608396      46351.5 
43002.55447448     44714.95 
43432.580019225      42746.7 
43866.905819417 41260.633333333 
44305.574877612      39559.4 
44748.630626388      38185.9 
45196.116932652      36901.9 
45648.078101978      35373.9 
46104.558882998      33570.3 
46565.604471828      32441.3 
47031.260516546      31488.6 
47501.573121712     30227.15 
47976.588852929     29271.05 
48456.354741458 28116.066666667 
48940.918288873      27020.2 
49430.327471761 25988.233333333 
49924.630746479     24973.05 
50423.877053944 24040.766666667 
50928.115824483      22937.8 
51437.396982728 22275.433333333 
51951.770952555     21547.35 
52471.288662081        20676 
52996.001548702      19869.3 
53525.961564189      19016.9 
54061.221179831      18481.4 
54601.833391629 17696.833333333 
55147.851725545     16958.65 
55699.330242801 16504.166666667 
56256.323545229      15830.9 
56818.886780681 15095.533333333 
57387.075648488 14585.133333333 
57960.946404973 14004.933333333 
58540.555869022        13360 
59125.961427713 12839.866666667 
59717.22104199      12440.4 
60314.39325241 11969.033333333 
60917.537184934 11527.266666667 
61526.712556783 11104.633333333 
62141.979682351 10680.633333333 
62763.399479174      10213.3 
63391.033473966      9921.69 
64024.943808706 9492.5028571429 
64665.193246793      9164.57 
65311.845179261     8845.525 
65964.963631053     8433.565 
66624.613267364      8144.82 
67290.859400038     7814.255 
67963.767994038     7505.095 
68643.405673978      7261.45 
69329.839730718     7008.265 
70023.138128025      6712.01 
70723.369509305      6407.37 
71430.603204399      6212.72 
72144.909236443      5998.35 
72866.358328807     5758.595 
73595.021912095     5516.915 
74330.972131216      5192.96 
75074.281852528     5070.465 
75825.024671053      4919.95 
76583.274917764      4771.24 
77349.107666942     4559.995 
78122.598743611     4400.425 
78903.824731047     4228.525 
79692.862978358     4064.945 
80489.791608141     3909.175 
81294.689524223     3739.945 
82107.636419465      3619.35 
82928.712783659     3484.515 
83757.999911496     3355.865 
84595.579910611      3203.23 
85441.535709717      3058.33 
86295.951066814     2931.625 
87158.910577482     2827.435 
88030.499683257       2743.5 
88910.80468009     2649.795 
89799.912726891 2534.6233333333 
90697.91185416     2428.315 
91604.890972701      2346.23 
92520.939882428 2246.0033333333 
93446.149281253      2141.77 
94380.610774065      2083.25 
95324.416881806 1998.7133333333 
96277.661050624     1920.265 
97240.43766113 1843.6533333333 
98212.842037741     1767.085 
99194.970458119     1716.095 
100186.9201627      1675.84 
199060.83304441      108.244 
399467.9878358      6.79692 
594753.39981818      1.33781 
793700.71765891     0.421148 
997811.18987739     0.171608 
1193529.3359837    0.0823521 
1399507.0114645    0.0442485 
