#  WAVELENGTH	        FLUX	
#  (ANGSTROM)	(ERG/CM2/S/A)	
############	############	
258.40929451997  3.67695E-23 
263.60332133982  1.55609E-22 
266.23935455322  6.08633E-22 
271.59076557974  2.56134E-21 
277.04973996789  1.02019E-20 
282.61843974125  4.39939E-20 
288.29907038004  2.03085E-19 
294.09388169468  8.79435E-19 
300.00516871675  2.85326E-18 
306.03527260795  1.38756E-17 
315.30844740325  1.17422E-16 
324.86260866801  8.69866E-16 
334.70627057326  5.70286E-15 
344.8482052779  3.34565E-14 
355.29745074603  1.50764E-13 
362.43892950602  6.29768E-13 
373.42119150899  2.44903E-12 
384.7362270329  1.02519E-11 
392.46942519626  3.98061E-11 
404.36164124913  1.44229E-10 
412.48931023824  4.34855E-10 
420.78034537403   1.11273E-9 
429.23803031605    2.7453E-9 
437.8657147254   8.98856E-9 
446.66681559138   2.50726E-8 
455.64481858477   6.06525E-8 
469.4513122327   1.55234E-7 
478.88728360858   3.81261E-7 
488.51291800911   9.01266E-7 
498.3320276611   2.05469E-6 
503.31534793771   4.49113E-6 
508.34850141708   7.95041E-6 
518.56630629557   1.43642E-5 
528.98948905211   2.95175E-5 
539.62217778206   5.81696E-5 
545.01839955988  0.000113248 
555.97326939103  0.000213509 
567.14833210579  0.000393196 
578.54801358112   0.00070227 
584.33349371693   0.00124826 
596.07859694064   0.00215772 
608.05977673914   0.00365897 
614.14037450653   0.00609256 
626.48459603412    0.0099702 
639.0769364144     0.016046 
645.46770577855    0.0254313 
651.92238283633    0.0363606 
658.44160666469    0.0493401 
671.67628295866    0.0754146 
678.39304578824     0.113744 
692.02874600859     0.169403 
698.94903346867     0.249198 
712.99790904139      0.37591 
720.12788813181     0.539833 
734.60245868325     0.740874 
741.94848327009      1.04312 
749.36796810279      1.45418 
764.43026426165      2.00813 
772.07456690427      2.74827 
779.79531257331       3.7281 
787.59326569905       5.0146 
803.4238903396      6.69194 
811.45812924299       8.8598 
819.57271053542      11.6419 
827.76843764078      15.1827 
844.40658323736      19.6795 
852.85064906973      25.3256 
861.37915556043      32.3851 
869.99294711603      41.1516 
878.69287658719      51.9864 
887.47980535306      65.2885 
896.3546034066       81.489 
914.37133093507      564.989 
923.51504424442      3118.89 
932.75019468686      5056.12 
942.07769663373      9902.71 
951.49847360007      95956.1 
961.01345833607       163152 
970.62359291943      16467.7 
980.32982884862      4153950 
990.13312713711     11281800 
1000.0344584085      8938730 
1010.0348029926       803759 
1020.1351510225      22360.5 
1030.3365025327       656659 
1040.639867558     11842300 
1051.0462662336     26455500 
1061.556728896     28963900 
1072.1722961849     35429500 
1082.8940191468     37611400 
1093.7229593382     37361300 
1104.6601889316     57584600 
1115.7067908209     70385600 
1126.8638587291     72127700 
1138.1324973164     65588900 
1149.5138222896     58818400 
1161.0089605125     53518900 
1172.6190501176     37988800 
1184.3452406188   16812114.5 
1196.188693025       129609 
1208.1505799552      45353.8 
1220.2320857548       140969 
1232.4344066123       311838 
1244.7587506785     24131000 
1257.2063381852     42764800 
1269.7784015671     65989400 
1282.4761855828     84988450 
1295.3009474386     73093000 
1308.253956913     98041700 
1321.3364964821    104657000 
1334.5498614469    110197000 
1347.8953600614    112303000 
1361.374313662    105138000 
1374.9880567986    113330500 
1388.7379373666    116763000 
1402.6253167403    117110500 
1416.6515699077    116548000 
1430.8180856068 113934352.94118 
1445.1262664628 122552153.84615 
1459.5775291275    118398000 
1474.1733044187    117067500 
1488.9150374629    119730000 
1503.8041878376 120638727.27273 
1518.8422297159    117683000 
1534.0306520131    118039500 
1549.3709585332    113862000 
1564.8646681186    108177500 
1580.5133147997    116674500 
1596.3184479477    112730000 
1612.2816324272    109612000 
1628.4044487515    108253000 
1644.688493239    104442850 
1661.1353781714 104227368.18182 
1677.7467319531    108663000 
1694.5241992726    103043500 
1711.4694412654    101682500 
1728.584135678    102953000 
1745.8699770348    105435000 
1763.3286768051    101334850 
1780.9619635732    103892000 
1798.7715832089    102242000 
1816.759299041     99276300 
1834.9268920314     97023950 
1853.2761609517     95917400 
1871.8089225613     98083700 
1890.5270117869     95685200 
1909.4322819047     94688100 
1928.5266047238     95068400 
1947.811870771 95307936.363636 
1967.2899894787 93946947.058824 
1986.9628893735 91346523.809524 
2006.8325182673     88176450 
2026.9008434499     89341750 
2047.1698518844     86384150 
2067.6415504033     88143540 
2088.3179659073     86600550 
2109.2011455664     85745900 
2130.293157022     82441750 
2151.5960885923     82592800 
2173.1120494782     80425500 
2194.843169973     80411400 
2216.7916016727     78217350 
2238.9595176894     75787950 
2261.3491128663     76214400 
2283.962603995 76195466.666667 
2306.8022300349     74264700 
2329.8702523353     70850100 
2353.1689548586 70732433.333333 
2376.7006444072     67717900 
2400.4676508513     68101150 
2424.4723273598 69005933.333333 
2448.7170506334     68034600 
2473.2042211397 67228233.333333 
2497.9362633511 68320717.391304 
2522.9156259846 64262766.666667 
2548.1447822445     65812100 
2573.6262300669     67332400 
2599.3624923676     65310800 
2625.3561172913     67344450 
2651.6096784642 67104733.333333 
2678.1257752488     66520350 
2704.9070330013 64964733.333333 
2731.9561033313     63243000 
2759.2756643647 64173666.666667 
2786.8684210083     60824750 
2814.7371052184 64086833.333333 
2842.8844762706 61883166.666667 
2871.3133210333 62041166.666667 
2900.0264542436     63306600 
2929.026718786     61666550 
2958.3169859739     61406800 
2987.9001558336     61225550 
3017.779157392     61083300 
3047.9569489659     60180500 
3078.4365184556     59839200 
3109.2208836401     58946700 
3140.3130924765     58330750 
3171.7162234013     57145800 
3203.4333856353     56993650 
3235.4677194916     56620900 
3267.8223966866     56386950 
3300.5006206534     55726000 
3333.50562686     54794900 
3366.8406831286     54399300 
3400.5090899598     54007300 
3434.5141808594     53601700 
3468.859322668     53027150 
3503.5479158947     52524950 
3538.5833950537     51897050 
3573.9692290042     51396700 
3609.7089212942     50855720 
3645.8060105072     50875200 
3682.2640706123     55319350 
3719.0867113184     91465700 
3756.2775784316    117932000 
3793.8403542159    125867000 
3831.778757758    146801000 
3870.0965453356    104203000 
3908.797510789    145287500 
3947.8854858969    120623950 
3987.3643407558    138574000 
4027.2379841634    136292500 
4067.510364005    127065000 
4108.1854676451    112071250 
4149.2673223215 125288333.33333 
4190.7599955447    121344500 
4232.6675955002    118159500 
4274.9942714552    114681500 
4317.7442141697     92829100 
4360.9216563114    108764000 
4404.5308728746    106647000 
4448.5761816033 103014333.33333 
4493.0619434193    100032300 
4537.9925628535     97466750 
4583.3724884821     95252350 
4629.2062133669 92433133.333333 
4675.4982755006     89616950 
4722.2532582556     87571150 
4769.4757908381 84944833.333333 
4817.1705487465     77989500 
4865.342254234 73030666.666667 
4913.9956767763     77628550 
4963.1356335441 75427866.666667 
5012.7669898795     73241350 
5062.8946597783 71251766.666667 
5113.5236063761     69240350 
5164.6588424398 67215166.666667 
5216.3054308642     65387900 
5268.4684851729     63571400 
5321.1531700246     61544000 
5374.3647017249     59870800 
5428.1083487421 58258166.666667 
5482.3894322295 56391866.666667 
5537.2133265518     54606700 
5592.5854598173     53169250 
5648.5113144155 51775566.666667 
5704.9964275597 50168666.666667 
5762.0463918353 48619933.333333 
5819.6668557536     47097300 
5877.8635243112 45697866.666667 
5936.6421595543     44318500 
5996.0085811498     43002300 
6055.9686669613     41727700 
6116.5283536309 40492466.666667 
6177.6936371672 39320066.666667 
6239.4705735389 38175266.666667 
6301.8652792743 37060633.333333 
6364.883932067 36013666.666667 
6428.5327713877     34837075 
6492.8180991016     32807100 
6557.7462800926 29990866.666667 
6623.3237428935 31848566.666667 
6689.5569803225     30846750 
6756.4525501257     29873500 
6824.0170756269     28937500 
6892.2572463832 28036433.333333 
6961.179818847     27172725 
7030.7916170355     26337900 
7101.0995332059     25541850 
7172.1105285379 24772933.333333 
7243.8316338233     24033225 
7316.2699501615     23321900 
7389.4326496631     22636325 
7463.3269761598     21883000 
7537.9602459214     21163550 
7613.3398483806     20556500 
7689.4732468644     19972425 
7766.367979333     19302625 
7844.0316591264     18706325 
7922.4719757176     18117375 
8001.6966954748     17552300 
8081.7136624296     17006000 
8162.5307990539     16535300 
8244.1561070444     16113550 
8326.5976681148     15499775 
8409.863644796     15038700 
8493.9622812439     14840000 
8578.9019040564     15265300 
8664.6909230969     14747800 
8751.3378323279     15616275 
8838.8512106512     14234525 
8927.2397227577     14283420 
9016.5121199853     13991300 
9106.6772411851     13900220 
9197.744013597     12402200 
9289.721453733     13016960 
9382.6186682703     12548060 
9476.444854953     11376458 
9571.2093035025     11692850 
9666.9213965375     11346680 
9763.5906105029     10952300 
9861.226516608     10573580 
9959.838781774 10022575.333333 
10059.437169592      9517635 
10160.031541288      9566690 
10261.631856701      9247245 
10364.248175268      8941550 
10467.89065702      8647150 
10572.56956359      8295200 
10678.295259226      7964045 
10785.078211819      7698895 
10892.928993937      7003945 
11001.858283876      7230290 
11111.876866715      7007695 
11222.995635382 6735766.6666667 
11335.225591736      6481800 
11448.577847653      6285660 
11563.06362613 6050113.3333333 
11678.694262391      5824430 
11795.481205015      5653565 
11913.436017065 5448496.6666667 
12032.570377236      5251615 
12152.896081008      5100815 
12274.425041818      4919790 
12397.169292236      4746120 
12521.140985159 4580936.6666667 
12646.35239501      4421655 
12772.81591896 4105586.6666667 
12900.54407815      4097600 
13029.549518932      3959705 
13159.845014121      3827540 
13291.443464262      3701070 
13424.357898905      3579700 
13558.601477894      3440620 
13694.187492673      3308170 
13831.129367599      3202685 
13969.440661275 3101523.3333333 
14109.135067888      2985100 
14250.226418567 2874256.6666667 
14392.728682753      2768120 
14536.65596958 2672633.3333333 
14682.022529276      2580330 
14828.842754569      2488250 
14977.131182115 2393396.6666667 
15126.902493936 2305963.3333333 
15278.171518875 2216466.6666667 
15430.953234064 2150116.6666667 
15585.262766404      2085560 
15741.115394068 2023616.6666667 
15898.526548009 2003608.5714286 
16057.511813489      1859080 
16218.086931624      1882995 
16380.26780094      1740240 
16544.07047895      1773155 
16709.511183739      1641855 
16876.606295577      1641310 
17045.372358532      1588965 
17215.826082118      1476595 
17387.984342939      1455375 
17561.864186368      1412970 
17737.482828232      1369410 
17914.857656514      1313275 
18094.006233079      1221110 
18274.94629541      1210725 
18457.695758364      1174630 
18642.272715948      1107195 
18828.695443107      1094345 
19016.982397539      1053635 
19207.152221514      1012365 
19399.223743729     946119.5 
19593.215981166     938807.5 
19789.148140978       904057 
19987.039622388       870903 
20186.910018612     839255.5 
20388.779118798       809032 
20592.666909986     780160.5 
20798.593579086     752570.5 
21006.579514877     726181.5 
21216.645310025     700935.5 
21428.811763126     676226.5 
21643.099880757       635335 
21859.530879564     620843.5 
22078.12618836       600087 
22298.907450244       580202 
22521.896524746       561126 
22747.115489993       538836 
22974.586644893       517541 
23204.332511342       501151 
23436.375836456 481479.66666667 
23670.73959482     462555.5 
23907.446990769       447869 
24146.521460676       430480 
24387.986675283       414024 
24631.866542036 399063.66666667 
24878.185207456       382246 
25126.967059531 369064.66666667 
25378.236730126       359835 
25632.019097427       342610 
25888.339288402       334138 
26147.222681286 311764.33333333 
26408.694908098 310353.33333333 
26672.781857179       290918 
26939.509675751       289595 
27208.904772509 277535.33333333 
27480.993820234 260678.66666667 
27755.803758436       257349 
28033.361796021 248745.33333333 
28313.695413981 238873.66666667 
28596.832368121 224580.33333333 
28882.800691802 220561.33333333 
29171.62869872       212072 
29463.344985707 203983.33333333 
29757.978435564 196275.66666667 
30055.55821992 186379.66666667 
30356.113802119 180567.33333333 
30659.67494014 175240.33333333 
30966.271689541 168861.33333333 
31275.934406437 162771.66666667 
31588.693750501       156953 
31904.580688006     151572.8 
32223.626494886       145218 
32545.862759835       140156 
32871.321387434       132764 
33200.034601308       128962 
33532.034947321       124637 
33867.355296794       120495 
34206.028849762     115221.5 
34548.08913826       111440 
34893.570029642       107821 
35242.505729939       103204 
35594.930787238     98879.95 
35950.880095111     94726.95 
36310.388896062      91464.3 
36673.492785022     88804.65 
37040.227712872      85035.4 
37410.629990001     80969.75 
37784.736289901     78536.05 
38162.5836528     75564.65 
38544.209489328      72863.8 
38929.651584221     69340.45 
39318.948100064      67539.5 
39712.137581064     64583.25 
40109.258956875      61099.8 
40510.351546444     60131.45 
40915.455061908      57937.6 
41324.609612527      54971.1 
41737.855708653     53738.25 
42155.234265739      51834.4 
42576.786608396     49981.55 
43002.55447448      48209.3 
43432.580019225     45920.55 
43866.905819417 44418.533333333 
44305.574877612      42631.4 
44748.630626388     41147.75 
45196.116932652     39758.75 
45648.078101978 38103.533333333 
46104.558882998      35998.9 
46565.604471828     34741.15 
47031.260516546        33908 
47501.573121712     32552.95 
47976.588852929      31514.5 
48456.354741458 30273.833333333 
48940.918288873      29090.1 
49430.327471761 27972.066666667 
49924.630746479     26883.55 
50423.877053944      25869.9 
50928.115824483     24545.65 
51437.396982728 23949.966666667 
51951.770952555     23175.35 
52471.288662081      22231.5 
52996.001548702 21364.433333333 
53525.961564189     20437.65 
54061.221179831      19869.1 
54601.833391629      19011.5 
55147.851725545      18221.1 
55699.330242801      17738.4 
56256.323545229 17013.066666667 
56818.886780681 16192.133333333 
57387.075648488      15671.1 
57960.946404973      15044.3 
58540.555869022 14302.933333333 
59125.961427713 13751.233333333 
59717.22104199 13357.933333333 
60314.39325241 12860.933333333 
60917.537184934 12391.566666667 
61526.712556783      11927.3 
62141.979682351      11461.6 
62763.399479174      10929.8 
63391.033473966 10657.066666667 
64024.943808706 10194.742857143 
64665.193246793      9843.15 
65311.845179261     9495.555 
65964.963631053      9051.92 
66624.613267364      8737.21 
67290.859400038     8360.225 
67963.767994038     8052.155 
68643.405673978      7789.39 
69329.839730718      7519.32 
70023.138128025     7198.345 
70723.369509305      6874.47 
71430.603204399      6662.53 
72144.909236443     6435.195 
72866.358328807      6173.61 
73595.021912095      5911.31 
74330.972131216      5543.34 
75074.281852528     5430.815 
75825.024671053      5274.01 
76583.274917764      5114.34 
77349.107666942     4885.255 
78122.598743611     4714.685 
78903.824731047     4531.675 
79692.862978358     4356.085 
80489.791608141     4188.895 
81294.689524223     4002.425 
82107.636419465     3877.905 
82928.712783659     3733.255 
83757.999911496      3595.23 
84595.579910611 3431.8933333333 
85441.535709717     3276.505 
86295.951066814      3134.27 
87158.910577482      3019.14 
88030.499683257      2939.83 
88910.80468009      2837.87 
89799.912726891 2715.2366666667 
90697.91185416      2600.35 
91604.890972701      2512.32 
92520.939882428 2405.3133333333 
93446.149281253      2287.04 
94380.610774065      2230.37 
95324.416881806 2140.1766666667 
96277.661050624     2055.645 
97240.43766113 1973.3166666667 
98212.842037741      1892.46 
99194.970458119      1836.81 
100186.9201627       1793.7 
199060.83304441      115.609 
399467.9878358        7.253 
594753.39981818      1.42697 
793700.71765891     0.448999 
997811.18987739      0.18288 
1193529.3359837    0.0877337 
1399507.0114645    0.0471316 
