#  WAVELENGTH	        FLUX	
#  (ANGSTROM)	(ERG/CM2/S/A)	
############	############	
811.45812924299  1.77928E-25 
819.57271053542  4.06429E-25 
827.76843764078  9.09211E-25 
844.40658323736  1.99301E-24 
852.85064906973  4.28257E-24 
861.37915556043  9.03074E-24 
869.99294711603  1.86957E-23 
878.69287658719   3.8038E-23 
887.47980535306  7.61104E-23 
896.3546034066  1.49652E-22 
914.37133093507  7.02051E-16 
923.51504424442  1.95409E-15 
932.75019468686  2.09863E-15 
942.07769663373  4.82987E-15 
951.49847360007  8.59889E-15 
961.01345833607   4.9392E-15 
970.62359291943  2.53674E-15 
980.32982884862  2.94519E-14 
990.13312713711  3.46473E-14 
1000.0344584085  2.52556E-14 
1010.0348029926  6.60047E-15 
1020.1351510225  6.63549E-14 
1030.3365025327  1.82393E-13 
1040.639867558  3.08097E-13 
1051.0462662336  3.60746E-13 
1061.556728896  8.58003E-13 
1072.1722961849  1.02519E-12 
1082.8940191468  1.82073E-12 
1093.7229593382   2.1061E-12 
1104.6601889316 2.973915E-12 
1115.7067908209  6.15627E-12 
1126.8638587291  9.04258E-12 
1138.1324973164  1.22842E-11 
1149.5138222896     1.43E-11 
1161.0089605125  1.44938E-11 
1172.6190501176  1.60865E-11 
1184.3452406188 2.365075E-11 
1196.188693025  1.68924E-11 
1208.1505799552  1.33073E-12 
1220.2320857548  3.22622E-11 
1232.4344066123  6.60353E-11 
1244.7587506785 1.619195E-10 
1257.2063381852  3.81858E-10 
1269.7784015671  5.96536E-10 
1282.4761855828  9.72365E-10 
1295.3009474386   1.60049E-9 
1308.253956913   2.23939E-9 
1321.3364964821   2.86793E-9 
1334.5498614469  4.299995E-9 
1347.8953600614   6.94931E-9 
1361.374313662   8.75799E-9 
1374.9880567986    1.2766E-8 
1388.7379373666   1.79529E-8 
1402.6253167403  2.998255E-8 
1416.6515699077   4.10863E-8 
1430.8180856068 6.4291129411765E-8 
1445.1262664628 8.4120823076923E-8 
1459.5775291275   1.29002E-7 
1474.1733044187  1.681345E-7 
1488.9150374629   2.73046E-7 
1503.8041878376 3.6529263636364E-7 
1518.8422297159   7.59446E-7 
1534.0306520131 0.0001033356 
1549.3709585332  0.000283947 
1564.8646681186   0.00127743 
1580.5133147997  0.003116265 
1596.3184479477   0.00338996 
1612.2816324272   0.00381285 
1628.4044487515   0.00780285 
1644.688493239  0.011151895 
1661.1353781714 0.020084159090909 
1677.7467319531      0.11475 
1694.5241992726     0.330061 
1711.4694412654     0.522901 
1728.584135678    1.0581305 
1745.8699770348      1.69197 
1763.3286768051      1.90899 
1780.9619635732      3.12429 
1798.7715832089      4.18275 
1816.759299041       6.0157 
1834.9268920314     5.690105 
1853.2761609517     8.346835 
1871.8089225613     11.95225 
1890.5270117869     18.06255 
1909.4322819047      24.7737 
1928.5266047238     28.69265 
1947.811870771 46.925354545455 
1967.2899894787 59.513641176471 
1986.9628893735 69.26450952381 
2006.8325182673      76.9083 
2026.9008434499     109.3485 
2047.1698518844       128.36 
2067.6415504033    158.15395 
2088.3179659073      169.179 
2109.2011455664     166.6155 
2130.293157022     224.7245 
2151.5960885923      246.705 
2173.1120494782     273.7565 
2194.843169973 358.09433333333 
2216.7916016727     449.8895 
2238.9595176894      542.756 
2261.3491128663      540.211 
2283.962603995      713.771 
2306.8022300349     922.7325 
2329.8702523353     830.4145 
2353.1689548586 947.70733333333 
2376.7006444072     944.3065 
2400.4676508513     1245.085 
2424.4723273598 2464.2366666667 
2448.7170506334     2915.085 
2473.2042211397 1984.2833333333 
2497.9362633511 2479.012173913 
2522.9156259846 3133.8340740741 
2548.1447822445      5473.13 
2573.6262300669 4942.7366666667 
2599.3624923676 4455.5166666667 
2625.3561172913    10683.335 
2651.6096784642 16078.466666667 
2678.1257752488     16213.85 
2704.9070330013      13904.3 
2731.9561033313 11420.093333333 
2759.2756643647 13775.666666667 
2786.8684210083     4763.165 
2814.7371052184      19098.2 
2842.8844762706 17184.416666667 
2871.3133210333      35096.6 
2900.0264542436      50929.9 
2929.026718786      51609.3 
2958.3169859739      56174.8 
2987.9001558336     61422.05 
3017.779157392      70422.7 
3047.9569489659     78914.55 
3078.4365184556        83059 
3109.2208836401      91061.8 
3140.3130924765      96923.4 
3171.7162234013      99768.2 
3203.4333856353     106654.5 
3235.4677194916       144244 
3267.8223966866     177376.5 
3300.5006206534       174034 
3333.50562686       167188 
3366.8406831286       150238 
3400.5090899598     206237.5 
3434.5141808594       234182 
3468.859322668       257406 
3503.5479158947       286180 
3538.5833950537     297760.5 
3573.9692290042       277968 
3609.7089212942     332195.8 
3645.8060105072 381713.66666667 
3682.2640706123       439103 
3719.0867113184       422769 
3756.2775784316     499475.5 
3793.8403542159       453433 
3831.778757758       409851 
3870.0965453356       479674 
3908.797510789     388182.5 
3947.8854858969     390070.5 
3987.3643407558     747033.5 
4027.2379841634     801168.5 
4067.510364005     865460.5 
4108.1854676451       926194 
4149.2673223215 922131.66666667 
4190.7599955447       934503 
4232.6675955002     910096.5 
4274.9942714552     720915.5 
4317.7442141697     987955.5 
4360.9216563114      1002099 
4404.5308728746      1169020 
4448.5761816033 1317996.6666667 
4493.0619434193      1432520 
4537.9925628535      1477235 
4583.3724884821      1521825 
4629.2062133669 1594403.3333333 
4675.4982755006      1636130 
4722.2532582556      1693240 
4769.4757908381 1720026.6666667 
4817.1705487465      1722630 
4865.342254234 1729683.3333333 
4913.9956767763      1792460 
4963.1356335441      1798970 
5012.7669898795      1843325 
5062.8946597783      1881750 
5113.5236063761      1846425 
5164.6588424398      1843600 
5216.3054308642      1931340 
5268.4684851729 1960263.3333333 
5321.1531700246      2007610 
5374.3647017249      2021570 
5428.1083487421 2059633.3333333 
5482.3894322295 2095666.6666667 
5537.2133265518      2122250 
5592.5854598173      2147355 
5648.5113144155 2159273.3333333 
5704.9964275597 2182343.3333333 
5762.0463918353      2207600 
5819.6668557536      2224740 
5877.8635243112      2203840 
5936.6421595543      2239470 
5996.0085811498 2241993.3333333 
6055.9686669613 2241796.6666667 
6116.5283536309      2198890 
6177.6936371672      2229700 
6239.4705735389      2212430 
6301.8652792743 2225376.6666667 
6364.883932067 2231436.6666667 
6428.5327713877    2217412.5 
6492.8180991016      2239100 
6557.7462800926 2193533.3333333 
6623.3237428935 2232283.3333333 
6689.5569803225    2234612.5 
6756.4525501257 2224956.6666667 
6824.0170756269      2219820 
6892.2572463832 2207693.3333333 
6961.179818847    2192767.5 
7030.7916170355 2184753.3333333 
7101.0995332059    2164417.5 
7172.1105285379 2141516.6666667 
7243.8316338233    2142222.5 
7316.2699501615 2135636.6666667 
7389.4326496631    2111277.5 
7463.3269761598    2106912.5 
7537.9602459214    2097242.5 
7613.3398483806 2078623.3333333 
7689.4732468644      2060545 
7766.367979333    2054902.5 
7844.0316591264      2027340 
7922.4719757176      1997540 
8001.6966954748    1984792.5 
8081.7136624296    1963787.5 
8162.5307990539      1941000 
8244.1561070444    1933987.5 
8326.5976681148    1901697.5 
8409.863644796      1885986 
8493.9622812439      1784615 
8578.9019040564      1854690 
8664.6909230969      1790678 
8751.3378323279    1814562.5 
8838.8512106512    1800042.5 
8927.2397227577      1775174 
9016.5121199853      1756455 
9106.6772411851      1722296 
9197.744013597      1681275 
9289.721453733      1677270 
9382.6186682703      1648670 
9476.444854953      1635298 
9571.2093035025    1616797.5 
9666.9213965375      1597678 
9763.5906105029      1582194 
9861.226516608      1564818 
9959.838781774 1547380.6666667 
10059.437169592      1523460 
10160.031541288      1502115 
10261.631856701      1481180 
10364.248175268      1462895 
10467.89065702      1443335 
10572.56956359 1413486.6666667 
10678.295259226      1390245 
10785.078211819      1364875 
10892.928993937      1330645 
11001.858283876      1308525 
11111.876866715      1297635 
11222.995635382 1282336.6666667 
11335.225591736      1259780 
11448.577847653      1253770 
11563.06362613 1227893.3333333 
11678.694262391      1214435 
11795.481205015      1193010 
11913.436017065 1177563.3333333 
12032.570377236      1161470 
12152.896081008      1152435 
12274.425041818 1134156.6666667 
12397.169292236      1118405 
12521.140985159 1101756.6666667 
12646.35239501      1086370 
12772.81591896      1066790 
12900.54407815 1053033.3333333 
13029.549518932      1038505 
13159.845014121 1023236.6666667 
13291.443464262      1011795 
13424.357898905      1000712 
13558.601477894       983550 
13694.187492673 971233.66666667 
13831.129367599       958579 
13969.440661275 947075.33333333 
14109.135067888 928499.33333333 
14250.226418567 917785.66666667 
14392.728682753 905801.66666667 
14536.65596958 895276.03333333 
14682.022529276 884973.33333333 
14828.842754569 876689.33333333 
14977.131182115 863539.33333333 
15126.902493936 859179.33333333 
15278.171518875       849506 
15430.953234064 841272.33333333 
15585.262766404 831257.33333333 
15741.115394068       813344 
15898.526548009 812146.14285714 
16057.511813489       790574 
16218.086931624       783992 
16380.26780094       753232 
16544.07047895       744064 
16709.511183739     708487.5 
16876.606295577       695432 
17045.372358532     672482.5 
17215.826082118       641700 
17387.984342939     622379.5 
17561.864186368       604732 
17737.482828232     588011.5 
17914.857656514       566269 
18094.006233079       540713 
18274.94629541     524212.5 
18457.695758364       509968 
18642.272715948     489979.5 
18828.695443107     475953.5 
19016.982397539       460763 
19207.152221514     443872.5 
19399.223743729       424539 
19593.215981166       412135 
19789.148140978       398231 
19987.039622388     385732.5 
20186.910018612       371639 
20388.779118798     359797.5 
20592.666909986     347059.5 
20798.593579086       335489 
21006.579514877       324756 
21216.645310025       314019 
21428.811763126     303989.5 
21643.099880757 290064.66666667 
21859.530879564       279597 
22078.12618836       270991 
22298.907450244     262456.5 
22521.896524746       253988 
22747.115489993       239259 
22974.586644893     228811.5 
23204.332511342       213002 
23436.375836456 206789.66666667 
23670.73959482       197637 
23907.446990769     194944.5 
24146.521460676       185540 
24387.986675283     178134.5 
24631.866542036       174349 
24878.185207456       169982 
25126.967059531 163211.33333333 
25378.236730126       158777 
25632.019097427       153874 
25888.339288402       149611 
26147.222681286       144299 
26408.694908098 139145.66666667 
26672.781857179     135272.5 
26939.509675751       131226 
27208.904772509       126468 
27480.993820234       121539 
27755.803758436       117867 
28033.361796021       114075 
28313.695413981 109969.66666667 
28596.832368121 105624.33333333 
28882.800691802 101943.66666667 
29171.62869872 98005.733333333 
29463.344985707      94446.9 
29757.978435564      91016.4 
30055.55821992      87673.8 
30356.113802119      84503.5 
30659.67494014 81510.366666667 
30966.271689541 78677.733333333 
31275.934406437        75793 
31588.693750501 73247.266666667 
31904.580688006     70885.56 
32223.626494886     67903.85 
32545.862759835      65693.2 
32871.321387434      63315.1 
33200.034601308     60573.95 
33532.034947321      58714.4 
33867.355296794     56609.85 
34206.028849762     54285.05 
34548.08913826        52607 
34893.570029642     50917.05 
35242.505729939        48759 
35594.930787238     46670.35 
35950.880095111     44860.05 
36310.388896062      43434.5 
36673.492785022      42111.1 
37040.227712872      40397.5 
37410.629990001     38774.85 
37784.736289901        37324 
38162.5836528        35891 
38544.209489328      34515.6 
38929.651584221      33185.5 
39318.948100064     31969.75 
39712.137581064      30719.9 
40109.258956875     29544.85 
40510.351546444      28519.9 
40915.455061908     27500.55 
41324.609612527     26481.25 
41737.855708653      25540.4 
42155.234265739      24658.3 
42576.786608396     23431.95 
43002.55447448      22056.6 
43432.580019225      20755.2 
43866.905819417      19562.6 
44305.574877612      18297.8 
44748.630626388      17722.4 
45196.116932652      16812.5 
45648.078101978 16134.133333333 
46104.558882998      15508.4 
46565.604471828     15116.45 
47031.260516546 14619.666666667 
47501.573121712     14140.25 
47976.588852929     13717.55 
48456.354741458 13272.066666667 
48940.918288873      12787.4 
49430.327471761 12356.066666667 
49924.630746479      11910.5 
50423.877053944 11490.866666667 
50928.115824483     11102.35 
51437.396982728 10772.266666667 
51951.770952555     10373.65 
52471.288662081 10088.023333333 
52996.001548702 9669.4266666667 
53525.961564189     9395.855 
54061.221179831 9076.1066666667 
54601.833391629 8733.2933333333 
55147.851725545      8483.42 
55699.330242801      8232.87 
56256.323545229 7923.2033333333 
56818.886780681 7629.5266666667 
57387.075648488      7365.46 
57960.946404973 7094.7866666667 
58540.555869022      6834.46 
59125.961427713 6592.8833333333 
59717.22104199 6365.1333333333 
60314.39325241      6125.14 
60917.537184934 5907.7633333333 
61526.712556783 5708.8366666667 
62141.979682351      5502.61 
62763.399479174 5309.4833333333 
63391.033473966 5124.7833333333 
64024.943808706 4910.0185714286 
64665.193246793      4748.77 
65311.845179261      4586.06 
65964.963631053      4377.76 
66624.613267364      4230.04 
67290.859400038     4086.035 
67963.767994038     3905.415 
68643.405673978      3775.05 
69329.839730718     3650.765 
70023.138128025      3492.48 
70723.369509305      3342.67 
71430.603204399      3234.97 
72144.909236443     3132.085 
72866.358328807     3001.035 
73595.021912095     2876.635 
74330.972131216      2755.97 
75074.281852528      2646.27 
75825.024671053      2565.35 
76583.274917764     2487.695 
77349.107666942      2387.99 
78122.598743611      2293.77 
78903.824731047      2204.24 
79692.862978358     2119.465 
80489.791608141      2039.01 
81294.689524223       1962.3 
82107.636419465     1889.235 
82928.712783659     1818.975 
83757.999911496     1752.055 
84595.579910611       1672.8 
85441.535709717      1597.65 
86295.951066814      1540.58 
87158.910577482     1486.305 
88030.499683257      1434.38 
88910.80468009     1384.715 
89799.912726891      1325.78 
90697.91185416      1269.48 
91604.890972701      1226.95 
92520.939882428       1176.1 
93446.149281253     1127.665 
94380.610774065     1090.815 
95324.416881806      1046.95 
96277.661050624    1004.7895 
97240.43766113 965.17266666667 
98212.842037741      927.396 
99194.970458119      898.427 
100186.9201627      877.807 
199060.83304441      57.0748 
399467.9878358      3.60437 
594753.39981818      0.71243 
793700.71765891     0.225061 
997811.18987739    0.0919484 
1193529.3359837    0.0442029 
1399507.0114645    0.0237801 
