#  WAVELENGTH	        FLUX	
#  (ANGSTROM)	(ERG/CM2/S/A)	
############	############	
914.37133093507   1.4423E-21 
923.51504424442  1.32525E-20 
932.75019468686  1.35196E-20 
942.07769663373  5.71533E-20 
951.49847360007  3.64485E-20 
961.01345833607  9.32415E-20 
970.62359291943  7.58037E-20 
980.32982884862   3.2714E-19 
990.13312713711  8.28518E-19 
1000.0344584085  1.12684E-18 
1010.0348029926  7.60355E-19 
1020.1351510225  2.30612E-18 
1030.3365025327  8.34718E-18 
1040.639867558  2.22742E-17 
1051.0462662336  2.70891E-17 
1061.556728896  1.26887E-16 
1072.1722961849  2.09809E-16 
1082.8940191468  7.08994E-16 
1093.7229593382  1.34812E-15 
1104.6601889316 2.831645E-15 
1115.7067908209   1.0387E-14 
1126.8638587291  2.16295E-14 
1138.1324973164  3.57269E-14 
1149.5138222896  5.02278E-14 
1161.0089605125  5.34857E-14 
1172.6190501176  6.81191E-14 
1184.3452406188 1.411306E-13 
1196.188693025  1.47049E-14 
1208.1505799552  7.05547E-15 
1220.2320857548  3.53704E-14 
1232.4344066123  8.06529E-14 
1244.7587506785 1.2464315E-12 
1257.2063381852  4.04387E-12 
1269.7784015671   8.1572E-12 
1282.4761855828  1.59094E-11 
1295.3009474386  3.43652E-11 
1308.253956913  5.23432E-11 
1321.3364964821  7.36884E-11 
1334.5498614469 1.237401E-10 
1347.8953600614   2.2743E-10 
1361.374313662  2.76418E-10 
1374.9880567986  3.84457E-10 
1388.7379373666  5.51885E-10 
1402.6253167403 1.0254575E-9 
1416.6515699077   1.30186E-9 
1430.8180856068 2.6007164705882E-9 
1445.1262664628 3.1196146153846E-9 
1459.5775291275   5.34617E-9 
1474.1733044187   6.39498E-9 
1488.9150374629   1.28968E-8 
1503.8041878376 1.6976446363636E-8 
1518.8422297159   2.90725E-8 
1534.0306520131   4.00473E-8 
1549.3709585332   5.30363E-8 
1564.8646681186  7.869995E-8 
1580.5133147997  1.156405E-7 
1596.3184479477   1.25655E-7 
1612.2816324272  1.360785E-7 
1628.4044487515   2.03231E-7 
1644.688493239  2.774145E-7 
1661.1353781714 4.8283990909091E-7 
1677.7467319531   8.88558E-7 
1694.5241992726  1.492925E-6 
1711.4694412654   2.28656E-6 
1728.584135678  4.099905E-6 
1745.8699770348   4.78688E-6 
1763.3286768051  6.525795E-6 
1780.9619635732   1.19778E-5 
1798.7715832089   1.79609E-5 
1816.759299041   2.69724E-5 
1834.9268920314  3.183415E-5 
1853.2761609517   4.31915E-5 
1871.8089225613   6.27668E-5 
1890.5270117869  9.892275E-5 
1909.4322819047  0.000149153 
1928.5266047238 0.0001596685 
1947.811870771 0.00034429718181818 
1967.2899894787 0.00051536988235294 
1986.9628893735 0.00060277666666667 
2006.8325182673 0.0007874815 
2026.9008434499   0.00103132 
2047.1698518844    0.0012982 
2067.6415504033  0.001569526 
2088.3179659073   0.00315091 
2109.2011455664  0.003874325 
2130.293157022  0.004842475 
2151.5960885923  0.005631965 
2173.1120494782  0.005915115 
2194.843169973   0.01069759 
2216.7916016727   0.01356615 
2238.9595176894   0.02509115 
2261.3491128663   0.02404725 
2283.962603995 0.033730566666667 
2306.8022300349   0.07182775 
2329.8702523353    0.0837193 
2353.1689548586 0.061217833333333 
2376.7006444072    0.1382925 
2400.4676508513     0.222944 
2424.4723273598 0.38073633333333 
2448.7170506334    0.5286975 
2473.2042211397 0.42476433333333 
2497.9362633511 0.53234465217391 
2522.9156259846     1.923307 
2548.1447822445     1.959335 
2573.6262300669      2.04672 
2599.3624923676      3.58401 
2625.3561172913     7.588155 
2651.6096784642 8.4279466666667 
2678.1257752488     8.002825 
2704.9070330013 12.485333333333 
2731.9561033313      14.6247 
2759.2756643647      29.3056 
2786.8684210083     29.29755 
2814.7371052184      31.8554 
2842.8844762706     18.12131 
2871.3133210333      69.3318 
2900.0264542436      115.718 
2929.026718786      131.017 
2958.3169859739       127.61 
2987.9001558336     178.7475 
3017.779157392      229.602 
3047.9569489659      317.323 
3078.4365184556      392.449 
3109.2208836401     559.0155 
3140.3130924765     953.2165 
3171.7162234013       997.35 
3203.4333856353      1201.61 
3235.4677194916      1768.79 
3267.8223966866      2651.23 
3300.5006206534      2838.52 
3333.50562686      2908.87 
3366.8406831286      2484.22 
3400.5090899598      3820.42 
3434.5141808594      4009.27 
3468.859322668      4920.48 
3503.5479158947      6833.44 
3538.5833950537      7731.47 
3573.9692290042      5292.84 
3609.7089212942     9905.164 
3645.8060105072      14496.5 
3682.2640706123     14049.75 
3719.0867113184      8272.41 
3756.2775784316     17092.05 
3793.8403542159     13462.59 
3831.778757758      14167.1 
3870.0965453356        16823 
3908.797510789    14204.685 
3947.8854858969      13287.7 
3987.3643407558      36576.2 
4027.2379841634      38423.2 
4067.510364005      43450.3 
4108.1854676451      35151.9 
4149.2673223215 37790.333333333 
4190.7599955447      37657.8 
4232.6675955002      47824.7 
4274.9942714552     50171.95 
4317.7442141697      73461.9 
4360.9216563114     76634.75 
4404.5308728746     82230.35 
4448.5761816033      99993.3 
4493.0619434193       116079 
4537.9925628535       124355 
4583.3724884821     133107.5 
4629.2062133669 141892.66666667 
4675.4982755006       150842 
4722.2532582556     154829.5 
4769.4757908381 149716.33333333 
4817.1705487465     171389.5 
4865.342254234 185526.66666667 
4913.9956767763       189727 
4963.1356335441 168217.66666667 
5012.7669898795       167099 
5062.8946597783       161947 
5113.5236063761     154415.5 
5164.6588424398       162155 
5216.3054308642     238494.5 
5268.4684851729 256711.66666667 
5321.1531700246       273600 
5374.3647017249       278464 
5428.1083487421 281366.66666667 
5482.3894322295 292562.33333333 
5537.2133265518       312307 
5592.5854598173       313856 
5648.5113144155 332885.33333333 
5704.9964275597 346005.33333333 
5762.0463918353       360688 
5819.6668557536 371671.66666667 
5877.8635243112       343829 
5936.6421595543 375048.66666667 
5996.0085811498 395310.66666667 
6055.9686669613 406317.66666667 
6116.5283536309 388511.33333333 
6177.6936371672 377578.66666667 
6239.4705735389 383849.33333333 
6301.8652792743       420036 
6364.883932067       433235 
6428.5327713877    436308.25 
6492.8180991016 454085.66666667 
6557.7462800926 458131.66666667 
6623.3237428935 457482.33333333 
6689.5569803225    437958.75 
6756.4525501257 449440.66666667 
6824.0170756269     473730.5 
6892.2572463832 492481.33333333 
6961.179818847    505251.25 
7030.7916170355 473017.66666667 
7101.0995332059    440133.25 
7172.1105285379       474170 
7243.8316338233     510468.5 
7316.2699501615       526839 
7389.4326496631    536734.25 
7463.3269761598       545653 
7537.9602459214       550040 
7613.3398483806       540420 
7689.4732468644    536977.75 
7766.367979333    547600.75 
7844.0316591264    550509.75 
7922.4719757176     553053.5 
8001.6966954748    557660.25 
8081.7136624296    561816.25 
8162.5307990539     559051.5 
8244.1561070444    562438.25 
8326.5976681148    550537.25 
8409.863644796     554695.4 
8493.9622812439       541335 
8578.9019040564    568824.75 
8664.6909230969     555962.6 
8751.3378323279       569689 
8838.8512106512    566805.75 
8927.2397227577     562164.8 
9016.5121199853       567633 
9106.6772411851     564621.6 
9197.744013597    558281.25 
9289.721453733       559002 
9382.6186682703     558215.2 
9476.444854953     558388.8 
9571.2093035025     554067.5 
9666.9213965375       546352 
9763.5906105029     550841.8 
9861.226516608     556070.6 
9959.838781774 554224.53333333 
10059.437169592       550022 
10160.031541288       548048 
10261.631856701     546978.5 
10364.248175268     544550.5 
10467.89065702       543254 
10572.56956359 537798.33333333 
10678.295259226       533635 
10785.078211819     529941.5 
10892.928993937       520428 
11001.858283876     513382.5 
11111.876866715       512173 
11222.995635382 510945.33333333 
11335.225591736     504450.5 
11448.577847653       509018 
11563.06362613 502282.33333333 
11678.694262391     502408.5 
11795.481205015     496628.5 
11913.436017065 495627.66666667 
12032.570377236       496401 
12152.896081008       496326 
12274.425041818 493566.33333333 
12397.169292236       491625 
12521.140985159 488693.33333333 
12646.35239501     486951.5 
12772.81591896 482286.33333333 
12900.54407815 481375.66666667 
13029.549518932     479191.5 
13159.845014121       475348 
13291.443464262     453545.5 
13424.357898905 443804.66666667 
13558.601477894 443835.66666667 
13694.187492673 451261.66666667 
13831.129367599     423732.5 
13969.440661275       424821 
14109.135067888       421544 
14250.226418567 422892.33333333 
14392.728682753 428633.33333333 
14536.65596958 414528.63333333 
14682.022529276 424226.33333333 
14828.842754569       437911 
14977.131182115       438758 
15126.902493936 451945.33333333 
15278.171518875 450967.66666667 
15430.953234064 461708.33333333 
15585.262766404       475224 
15741.115394068 474265.66666667 
15898.526548009 489251.42857143 
16057.511813489       501247 
16218.086931624       493187 
16380.26780094       486167 
16544.07047895     488913.5 
16709.511183739     472634.5 
16876.606295577       464400 
17045.372358532     441540.5 
17215.826082118       417944 
17387.984342939     394621.5 
17561.864186368       374588 
17737.482828232       354611 
17914.857656514       334673 
18094.006233079       317831 
18274.94629541       304197 
18457.695758364       282704 
18642.272715948       278726 
18828.695443107     279121.5 
19016.982397539       274700 
19207.152221514     266008.5 
19399.223743729       258161 
19593.215981166       247821 
19789.148140978     234519.5 
19987.039622388       227202 
20186.910018612       219983 
20388.779118798       216041 
20592.666909986       210550 
20798.593579086     206435.5 
21006.579514877     204363.5 
21216.645310025       201315 
21428.811763126     198673.5 
21643.099880757 194487.66666667 
21859.530879564     189325.5 
22078.12618836     185910.5 
22298.907450244     182042.5 
22521.896524746     177451.5 
22747.115489993       163621 
22974.586644893     153911.5 
23204.332511342     135883.5 
23436.375836456       128750 
23670.73959482       119537 
23907.446990769     116502.5 
24146.521460676 105418.33333333 
24387.986675283      96146.3 
24631.866542036      90745.3 
24878.185207456     86390.85 
25126.967059531      78027.9 
25378.236730126     77645.35 
25632.019097427      74651.8 
25888.339288402     74797.05 
26147.222681286      76141.2 
26408.694908098 73762.966666667 
26672.781857179     72656.35 
26939.509675751        68624 
27208.904772509 64327.566666667 
27480.993820234      60954.9 
27755.803758436     58322.35 
28033.361796021      54185.1 
28313.695413981 53868.733333333 
28596.832368121 52501.766666667 
28882.800691802      51005.3 
29171.62869872      47100.9 
29463.344985707 46630.133333333 
29757.978435564      44219.8 
30055.55821992 44240.466666667 
30356.113802119        42667 
30659.67494014 40964.033333333 
30966.271689541      40750.3 
31275.934406437      39277.4 
31588.693750501      39285.3 
31904.580688006     38516.44 
32223.626494886     37948.05 
32545.862759835      37462.1 
32871.321387434     36993.05 
33200.034601308     36172.05 
33532.034947321      35961.6 
33867.355296794      35028.5 
34206.028849762     34407.35 
34548.08913826      34197.3 
34893.570029642      33062.6 
35242.505729939     32220.65 
35594.930787238      31118.9 
35950.880095111      30452.3 
36310.388896062      29671.8 
36673.492785022      29103.5 
37040.227712872     28073.45 
37410.629990001     27289.45 
37784.736289901      26563.3 
38162.5836528      25510.6 
38544.209489328     24781.75 
38929.651584221      23780.1 
39318.948100064     23060.25 
39712.137581064     21665.95 
40109.258956875      20636.8 
40510.351546444     19426.05 
40915.455061908      18692.7 
41324.609612527      17912.9 
41737.855708653      17310.1 
42155.234265739      16673.7 
42576.786608396      15779.7 
43002.55447448     14684.05 
43432.580019225      13701.8 
43866.905819417 12653.566666667 
44305.574877612      11685.6 
44748.630626388     11290.95 
45196.116932652     10716.45 
45648.078101978      10260.4 
46104.558882998      9901.68 
46565.604471828     9632.885 
47031.260516546 9351.2533333333 
47501.573121712     8989.875 
47976.588852929     8751.585 
48456.354741458 8384.4466666667 
48940.918288873       8179.6 
49430.327471761 7857.3366666667 
49924.630746479     7518.885 
50423.877053944 7273.1733333333 
50928.115824483      7006.81 
51437.396982728 6777.7466666667 
51951.770952555      6591.55 
52471.288662081 6363.2066666667 
52996.001548702 6116.4966666667 
53525.961564189     5948.375 
54061.221179831      5703.89 
54601.833391629      5546.67 
55147.851725545     5358.205 
55699.330242801 5250.7133333333 
56256.323545229 5056.5333333333 
56818.886780681      4850.62 
57387.075648488      4764.83 
57960.946404973 4597.2866666667 
58540.555869022 4454.8266666667 
59125.961427713      4334.71 
59717.22104199 4212.1633333333 
60314.39325241 4080.5433333333 
60917.537184934 3976.3766666667 
61526.712556783      3872.02 
62141.979682351      3741.97 
62763.399479174 3626.1066666667 
63391.033473966 3472.1366666667 
64024.943808706 3213.0457142857 
64665.193246793      3020.89 
65311.845179261      2821.82 
65964.963631053     2627.075 
66624.613267364      2532.13 
67290.859400038      2451.41 
67963.767994038      2361.36 
68643.405673978      2268.69 
69329.839730718      2232.51 
70023.138128025      2133.24 
70723.369509305      2041.16 
71430.603204399       2021.1 
72144.909236443     1932.225 
72866.358328807     1864.755 
73595.021912095      1798.26 
74330.972131216      1739.84 
75074.281852528      1650.22 
75825.024671053      1555.47 
76583.274917764     1517.035 
77349.107666942     1437.745 
78122.598743611      1371.22 
78903.824731047     1309.035 
79692.862978358     1258.515 
80489.791608141     1204.045 
81294.689524223     1176.025 
82107.636419465     1132.255 
82928.712783659     1086.705 
83757.999911496     1053.845 
84595.579910611 1013.9933333333 
85441.535709717       974.06 
86295.951066814      950.287 
87158.910577482     910.2855 
88030.499683257     888.8845 
88910.80468009       862.99 
89799.912726891 835.14466666667 
90697.91185416     808.9405 
91604.890972701      782.671 
92520.939882428 754.79566666667 
93446.149281253      725.171 
94380.610774065      707.278 
95324.416881806 685.28833333333 
96277.661050624     656.2155 
97240.43766113 637.70566666667 
98212.842037741     607.9205 
99194.970458119      595.622 
100186.9201627      581.115 
199060.83304441      40.7661 
399467.9878358      2.66607 
594753.39981818     0.531703 
793700.71765891     0.168504 
997811.18987739    0.0689418 
1193529.3359837    0.0331759 
1399507.0114645    0.0178605 
