#  WAVELENGTH	        FLUX	
#  (ANGSTROM)	(ERG/CM2/S/A)	
############	############	
224.8065172268  1.25437E-23 
229.32512822306  7.06695E-23 
233.93456330034  3.15511E-22 
238.63664802268  2.29838E-21 
245.86757709442   1.7452E-20 
250.80951539401   9.9922E-20 
255.85078665343  3.47801E-19 
258.40929451997  8.38448E-19 
263.60332133982  2.44186E-18 
266.23935455322  7.80558E-18 
271.59076557974  2.71021E-17 
277.04973996789  8.99686E-17 
282.61843974125  3.19992E-16 
288.29907038004  1.20639E-15 
294.09388169468  4.29579E-15 
300.00516871675  1.19122E-14 
306.03527260795  4.68609E-14 
315.30844740325  2.97472E-13 
324.86260866801  1.68066E-12 
334.70627057326   8.5335E-12 
344.8482052779  3.93735E-11 
355.29745074603  1.44341E-10 
362.43892950602   4.9607E-10 
373.42119150899   1.60152E-9 
384.7362270329   5.51096E-9 
392.46942519626   1.77646E-8 
404.36164124913    5.3956E-8 
412.48931023824   1.39875E-7 
420.78034537403    3.1474E-7 
429.23803031605   6.86285E-7 
437.8657147254   1.91132E-6 
446.66681559138   4.63371E-6 
455.64481858477   9.93635E-6 
469.4513122327   2.23838E-5 
478.88728360858   4.86692E-5 
488.51291800911  0.000102447 
498.3320276611  0.000208889 
503.31534793771  0.000455867 
508.34850141708  0.000780051 
518.56630629557   0.00130386 
528.98948905211   0.00244506 
539.62217778206   0.00439157 
545.01839955988   0.00783376 
555.97326939103    0.0135628 
567.14833210579    0.0230015 
578.54801358112    0.0378578 
584.33349371693    0.0624555 
596.07859694064     0.100211 
608.05977673914     0.158134 
614.14037450653       0.2456 
626.48459603412     0.375772 
639.0769364144     0.566824 
645.46770577855     0.843493 
651.92238283633      1.14847 
658.44160666469      1.49465 
671.67628295866      2.15533 
678.39304578824      3.07236 
692.02874600859      4.33155 
698.94903346867      6.04322 
712.99790904139       8.6155 
720.12788813181      11.7727 
734.60245868325      15.4716 
741.94848327009      20.7844 
749.36796810279      27.6825 
764.43026426165      36.5699 
772.07456690427      47.9329 
779.79531257331      62.3517 
787.59326569905      80.5171 
803.4238903396      103.266 
811.45812924299      131.562 
819.57271053542      166.528 
827.76843764078      209.474 
844.40658323736      261.961 
852.85064906973      325.683 
861.37915556043      402.654 
869.99294711603      495.107 
878.69287658719      605.674 
887.47980535306      737.211 
896.3546034066      892.857 
914.37133093507      1772.77 
923.51504424442      4804.08 
932.75019468686       7425.8 
942.07769663373      13332.4 
951.49847360007      21492.5 
961.01345833607      29886.4 
970.62359291943      19987.7 
980.32982884862      69325.5 
990.13312713711       163307 
1000.0344584085       152535 
1010.0348029926      74791.9 
1020.1351510225      33071.9 
1030.3365025327      85244.2 
1040.639867558       254084 
1051.0462662336      2157600 
1061.556728896     12337300 
1072.1722961849     32664800 
1082.8940191468     52943300 
1093.7229593382     63609400 
1104.6601889316     87526950 
1115.7067908209     88605500 
1126.8638587291     91695100 
1138.1324973164     72149300 
1149.5138222896     47019700 
1161.0089605125     24939500 
1172.6190501176      7263790 
1184.3452406188      1122384 
1196.188693025       305764 
1208.1505799552       156544 
1220.2320857548       331561 
1232.4344066123       600283 
1244.7587506785      3090010 
1257.2063381852     17123000 
1269.7784015671     39908700 
1282.4761855828     84513600 
1295.3009474386    106304000 
1308.253956913    125618000 
1321.3364964821    140716000 
1334.5498614469    159723000 
1347.8953600614    164093000 
1361.374313662    165782000 
1374.9880567986    148555000 
1388.7379373666    132013000 
1402.6253167403    181932500 
1416.6515699077    206322000 
1430.8180856068 205174529.41176 
1445.1262664628 209523692.30769 
1459.5775291275    204758000 
1474.1733044187    204503000 
1488.9150374629    203129000 
1503.8041878376    203669500 
1518.8422297159    198455000 
1534.0306520131    196348500 
1549.3709585332    188238000 
1564.8646681186    177430000 
1580.5133147997    182347000 
1596.3184479477    177044000 
1612.2816324272    177091000 
1628.4044487515    178104000 
1644.688493239    174537500 
1661.1353781714 178036772.72727 
1677.7467319531    179619000 
1694.5241992726    173182500 
1711.4694412654    173053000 
1728.584135678    172249000 
1745.8699770348    171337000 
1763.3286768051    167579500 
1780.9619635732    167108000 
1798.7715832089    163885500 
1816.759299041    161183000 
1834.9268920314    158863500 
1853.2761609517    157277500 
1871.8089225613    156038500 
1890.5270117869    154149500 
1909.4322819047    152019500 
1928.5266047238    149451000 
1947.811870771 148684181.81818 
1967.2899894787 146039823.52941 
1986.9628893735 143525047.61905 
2006.8325182673    139741500 
2026.9008434499    139510000 
2047.1698518844    135707500 
2067.6415504033    136340050 
2088.3179659073    134261500 
2109.2011455664    132139000 
2130.293157022    130289500 
2151.5960885923    127775000 
2173.1120494782    125970000 
2194.843169973 124100333.33333 
2216.7916016727    121902000 
2238.9595176894    119982000 
2261.3491128663    118230500 
2283.962603995 117409333.33333 
2306.8022300349    115485500 
2329.8702523353    111306000 
2353.1689548586    110246000 
2376.7006444072    107078000 
2400.4676508513    107283500 
2424.4723273598 107141333.33333 
2448.7170506334    105554500 
2473.2042211397 103502666.66667 
2497.9362633511 103223565.21739 
2522.9156259846 99567222.222222 
2548.1447822445    100571150 
2573.6262300669 100151266.66667 
2599.3624923676     97632200 
2625.3561172913     98312900 
2651.6096784642 97883033.333333 
2678.1257752488     97001750 
2704.9070330013 95080266.666667 
2731.9561033313     92303700 
2759.2756643647     92717300 
2786.8684210083     89226500 
2814.7371052184 91396333.333333 
2842.8844762706     89449700 
2871.3133210333 88863766.666667 
2900.0264542436     88509200 
2929.026718786     86646050 
2958.3169859739     85968500 
2987.9001558336     84954900 
3017.779157392     84124200 
3047.9569489659     83021400 
3078.4365184556     82049000 
3109.2208836401     80985200 
3140.3130924765     79684950 
3171.7162234013     78384600 
3203.4333856353     77668300 
3235.4677194916     76868900 
3267.8223966866     76046450 
3300.5006206534     74855800 
3333.50562686     73828700 
3366.8406831286     73004700 
3400.5090899598     71967450 
3434.5141808594     71145800 
3468.859322668     70315850 
3503.5479158947     69260600 
3538.5833950537     68194400 
3573.9692290042     67403500 
3609.7089212942     66530280 
3645.8060105072 66210633.333333 
3682.2640706123     64259950 
3719.0867113184     64119800 
3756.2775784316     76778800 
3793.8403542159     89316300 
3831.778757758    120784000 
3870.0965453356     68568800 
3908.797510789    141163500 
3947.8854858969     98495450 
3987.3643407558    136359000 
4027.2379841634    152323500 
4067.510364005    116976200 
4108.1854676451     99858700 
4149.2673223215 141597333.33333 
4190.7599955447    139236500 
4232.6675955002    134549000 
4274.9942714552    122397000 
4317.7442141697     72466450 
4360.9216563114    114190500 
4404.5308728746    120991000 
4448.5761816033 118241666.66667 
4493.0619434193    114929000 
4537.9925628535    112186500 
4583.3724884821    109377000 
4629.2062133669    105844000 
4675.4982755006    102251000 
4722.2532582556     99486350 
4769.4757908381     94445800 
4817.1705487465     71740950 
4865.342254234     70497600 
4913.9956767763     86806100 
4963.1356335441 85449966.666667 
5012.7669898795     83252100 
5062.8946597783 80994833.333333 
5113.5236063761     78654750 
5164.6588424398     76369400 
5216.3054308642     74229650 
5268.4684851729 72139366.666667 
5321.1531700246 69729133.333333 
5374.3647017249     67792650 
5428.1083487421 65931166.666667 
5482.3894322295 63778333.333333 
5537.2133265518 61716666.666667 
5592.5854598173     60061300 
5648.5113144155 58463533.333333 
5704.9964275597     56615100 
5762.0463918353     54842100 
5819.6668557536     53121900 
5877.8635243112 51497733.333333 
5936.6421595543 49927933.333333 
5996.0085811498 48416466.666667 
6055.9686669613     46963000 
6116.5283536309 45562866.666667 
6177.6936371672     44218400 
6239.4705735389     42921600 
6301.8652792743 41670466.666667 
6364.883932067     40387700 
6428.5327713877     38750275 
6492.8180991016 33551566.666667 
6557.7462800926 30260833.333333 
6623.3237428935 35241133.333333 
6689.5569803225     34495000 
6756.4525501257     33487300 
6824.0170756269     32428250 
6892.2572463832     31408900 
6961.179818847     30431300 
7030.7916170355     29489900 
7101.0995332059     28587000 
7172.1105285379     27718000 
7243.8316338233     26883125 
7316.2699501615     26078400 
7389.4326496631     25304925 
7463.3269761598     24455300 
7537.9602459214     23642150 
7613.3398483806     22957700 
7689.4732468644     22299025 
7766.367979333     21564250 
7844.0316591264     20878300 
7922.4719757176     20212175 
8001.6966954748     19572650 
8081.7136624296     18957625 
8162.5307990539     18402475 
8244.1561070444     17903600 
8326.5976681148     17391975 
8409.863644796     16785520 
8493.9622812439     16086525 
8578.9019040564     15507275 
8664.6909230969     14607140 
8751.3378323279     15272575 
8838.8512106512     13683200 
8927.2397227577     14258020 
9016.5121199853     13902675 
9106.6772411851     14530100 
9197.744013597   11761682.5 
9289.721453733     13854360 
9382.6186682703     13451320 
9476.444854953     11005140 
9571.2093035025     12229550 
9666.9213965375     12275540 
9763.5906105029     11880620 
9861.226516608     11407640 
9959.838781774 10146968.666667 
10059.437169592      9611330 
10160.031541288     10337150 
10261.631856701     10052425 
10364.248175268      9731370 
10467.89065702      9411400 
10572.56956359 9023123.3333333 
10678.295259226      8625405 
10785.078211819      8131360 
10892.928993937      6801980 
11001.858283876      7715775 
11111.876866715      7598135 
11222.995635382 7330773.3333333 
11335.225591736      7052590 
11448.577847653      6838745 
11563.06362613      6582230 
11678.694262391      6336340 
11795.481205015      6150165 
11913.436017065      5926680 
12032.570377236      5712080 
12152.896081008      5547705 
12274.425041818 5350436.6666667 
12397.169292236      5161360 
12521.140985159      4967840 
12646.35239501      4730230 
12772.81591896 4119816.6666667 
12900.54407815 4406786.6666667 
13029.549518932      4298965 
13159.845014121      4159990 
13291.443464262      4021850 
13424.357898905 3889606.6666667 
13558.601477894 3737943.3333333 
13694.187492673      3593500 
13831.129367599      3478315 
13969.440661275      3368080 
14109.135067888 3241226.6666667 
14250.226418567      3120270 
14392.728682753      3004510 
14536.65596958      2897474 
14682.022529276 2795653.3333333 
14828.842754569 2697403.3333333 
14977.131182115 2603096.6666667 
15126.902493936      2511970 
15278.171518875 2422663.3333333 
15430.953234064 2333986.6666667 
15585.262766404      2246840 
15741.115394068 2163366.6666667 
15898.526548009 2092998.5714286 
16057.511813489      1968420 
16218.086931624      1959615 
16380.26780094      1806510 
16544.07047895      1877935 
16709.511183739      1677435 
16876.606295577      1738350 
17045.372358532      1699125 
17215.826082118      1516650 
17387.984342939      1527260 
17561.864186368      1515040 
17737.482828232      1469175 
17914.857656514      1394030 
18094.006233079      1236460 
18274.94629541      1289930 
18457.695758364      1252370 
18642.272715948      1132040 
18828.695443107      1152755 
19016.982397539      1126700 
19207.152221514      1065355 
19399.223743729     962318.5 
19593.215981166    1001872.5 
19789.148140978       969716 
19987.039622388       933933 
20186.910018612     899777.5 
20388.779118798       867163 
20592.666909986       836015 
20798.593579086     806251.5 
21006.579514877     777778.5 
21216.645310025       749294 
21428.811763126     711557.5 
21643.099880757 654759.66666667 
21859.530879564       662946 
22078.12618836       641971 
22298.907450244     620570.5 
22521.896524746       600051 
22747.115489993 575785.33333333 
22974.586644893     552767.5 
23204.332511342     535167.5 
23436.375836456       514168 
23670.73959482       494106 
23907.446990769       478761 
24146.521460676       460389 
24387.986675283       442774 
24631.866542036 426003.33333333 
24878.185207456     409709.5 
25126.967059531 394156.33333333 
25378.236730126       380081 
25632.019097427 365077.33333333 
25888.339288402       350243 
26147.222681286       320482 
26408.694908098 324469.33333333 
26672.781857179     307281.5 
26939.509675751 305711.33333333 
27208.904772509 291964.33333333 
27480.993820234       271833 
27755.803758436       272274 
28033.361796021       263793 
28313.695413981       251921 
28596.832368121       231755 
28882.800691802 233119.66666667 
29171.62869872 225247.66666667 
29463.344985707 216621.66666667 
29757.978435564 208032.33333333 
30055.55821992 193656.33333333 
30356.113802119       187599 
30659.67494014 185738.33333333 
30966.271689541 179179.33333333 
31275.934406437 172690.33333333 
31588.693750501       166492 
31904.580688006     160760.2 
32223.626494886     153902.5 
32545.862759835       147346 
32871.321387434       136669 
33200.034601308     136309.5 
33532.034947321       131994 
33867.355296794     127634.5 
34206.028849762       122046 
34548.08913826       118035 
34893.570029642       114203 
35242.505729939     109317.5 
35594.930787238       104685 
35950.880095111     100283.8 
36310.388896062      97100.1 
36673.492785022      94005.5 
37040.227712872     88299.65 
37410.629990001     84371.05 
37784.736289901      83011.5 
38162.5836528     79815.85 
38544.209489328      76719.3 
38929.651584221      73505.1 
39318.948100064     71031.45 
39712.137581064     67906.45 
40109.258956875      63379.7 
40510.351546444     62892.25 
40915.455061908      60947.2 
41324.609612527     57799.05 
41737.855708653      56361.3 
42155.234265739     54688.45 
42576.786608396     52762.25 
43002.55447448        50815 
43432.580019225      48014.6 
43866.905819417      46512.6 
44305.574877612     44964.95 
44748.630626388     43381.15 
45196.116932652     41907.35 
45648.078101978 40084.133333333 
46104.558882998     37098.75 
46565.604471828      35906.1 
47031.260516546 35635.233333333 
47501.573121712     34297.45 
47976.588852929     33213.25 
48456.354741458 31910.633333333 
48940.918288873      30663.5 
49430.327471761      29478.6 
49924.630746479     28339.55 
50423.877053944 27206.633333333 
50928.115824483     25328.65 
51437.396982728      25094.7 
51951.770952555     24327.05 
52471.288662081        23439 
52996.001548702      22437.3 
53525.961564189     21607.15 
54061.221179831 20878.466666667 
54601.833391629 19976.866666667 
55147.851725545      19253.2 
55699.330242801        18653 
56256.323545229      17883.8 
56818.886780681 17073.433333333 
57387.075648488 16464.266666667 
57960.946404973 15799.633333333 
58540.555869022 14791.966666667 
59125.961427713 14395.033333333 
59717.22104199 14009.733333333 
60314.39325241 13501.133333333 
60917.537184934      12993.8 
61526.712556783 12504.833333333 
62141.979682351 11992.133333333 
62763.399479174 11457.633333333 
63391.033473966 11169.833333333 
64024.943808706 10707.742857143 
64665.193246793        10346 
65311.845179261       9979.7 
65964.963631053      9510.39 
66624.613267364      9155.99 
67290.859400038       8711.1 
67963.767994038     8435.155 
68643.405673978      8180.29 
69329.839730718     7906.935 
70023.138128025     7559.075 
70723.369509305     7230.185 
71430.603204399      6994.67 
72144.909236443      6765.49 
72866.358328807      6475.55 
73595.021912095      6172.77 
74330.972131216      5696.34 
75074.281852528     5650.685 
75825.024671053      5517.92 
76583.274917764     5354.325 
77349.107666942      5133.93 
78122.598743611     4939.995 
78903.824731047      4754.05 
79692.862978358       4569.5 
80489.791608141      4389.02 
81294.689524223      4205.83 
82107.636419465      4064.27 
82928.712783659     3914.975 
83757.999911496      3770.01 
84595.579910611 3598.3966666667 
85441.535709717      3427.12 
86295.951066814     3282.125 
87158.910577482     3120.045 
88030.499683257      3073.79 
88910.80468009     2974.495 
89799.912726891 2846.6666666667 
90697.91185416     2725.135 
91604.890972701      2632.75 
92520.939882428      2516.54 
93446.149281253      2387.41 
94380.610774065     2332.705 
95324.416881806 2243.7666666667 
96277.661050624     2153.445 
97240.43766113 2067.8466666667 
98212.842037741     1986.185 
99194.970458119     1923.855 
100186.9201627      1878.62 
199060.83304441       120.62 
399467.9878358      7.54967 
594753.39981818      1.48641 
793700.71765891     0.468741 
997811.18987739     0.191424 
1193529.3359837    0.0920765 
1399507.0114645    0.0495899 
