#  WAVELENGTH	        FLUX	
#  (ANGSTROM)	(ERG/CM2/S/A)	
############	############	
        90.9   1.0636E-17 
    92.72709  6.93108E-17 
95.53681355409  4.09804E-16 
97.457103506527  1.16963E-15 
99.415991287008  3.89901E-15 
101.41425271188  1.67711E-14 
103.45267919139  4.80178E-14 
105.53207804313  1.32826E-13 
107.6532728118   4.1771E-13 
109.81710359532  1.71356E-12 
113.14467165136  1.01838E-11 
117.73879903054  5.97477E-11 
120.10534889105  2.77446E-10 
123.7446610678   1.18597E-9 
126.23192875526   2.95472E-9 
127.49424804281    4.8823E-9 
130.05688242847   1.07677E-8 
131.35745125276   2.15747E-8 
132.67102576529   3.68448E-8 
135.33771338317   9.39061E-8 
139.43858143639   2.72215E-7 
142.24129692326   8.27085E-7 
146.55135046134   2.68762E-6 
150.99200293167   8.00947E-6 
154.02694219059    2.5192E-5 
158.69411256591   6.42269E-5 
161.88386422848  0.000142679 
165.13772989948  0.000370741 
170.14156825316  0.000985948 
171.84298393569   0.00193655 
175.2970279128   0.00395216 
178.82049817385   0.00785294 
180.60870315558    0.0105464 
186.0813274699    0.0243748 
189.82156215205    0.0592021 
193.6369755513    0.0979863 
197.52907875988     0.207916 
201.49941324296     0.358837 
203.51440737539     0.589698 
209.68109743327      1.33644 
216.03464436659      2.98249 
218.19499081026      4.84285 
222.58071012555      7.35091 
224.8065172268       11.875 
229.32512822306      1368.19 
233.93456330034      7631.49 
238.63664802268        17240 
245.86757709442      33730.8 
250.80951539401      52820.1 
255.85078665343        47986 
258.40929451997      88286.5 
263.60332133982       111285 
266.23935455322       147913 
271.59076557974       195425 
277.04973996789       250181 
282.61843974125       353278 
288.29907038004       474877 
294.09388169468       614826 
300.00516871675       650331 
306.03527260795       856483 
315.30844740325      1735490 
324.86260866801      2579590 
334.70627057326      3878300 
344.8482052779      5602850 
355.29745074603      7526680 
362.43892950602     10285300 
373.42119150899     13305900 
384.7362270329     18152900 
392.46942519626     23923600 
404.36164124913     30944600 
412.48931023824     38904700 
420.78034537403     46618600 
429.23803031605     55582400 
437.8657147254     70491400 
446.66681559138     86416100 
455.64481858477    101863000 
469.4513122327    123508000 
478.88728360858    146776000 
488.51291800911    172188000 
498.3320276611    203389000 
503.31534793771   1111680000 
508.34850141708   3829460000 
518.56630629557   3764220000 
528.98948905211   3883840000 
539.62217778206   3534880000 
545.01839955988   3907050000 
555.97326939103   4109560000 
567.14833210579   4205850000 
578.54801358112   3955670000 
584.33349371693   4253460000 
596.07859694064   4245330000 
608.05977673914   4336920000 
614.14037450653   4506540000 
626.48459603412   4592250000 
639.0769364144   4573000000 
645.46770577855   4710610000 
651.92238283633   4728420000 
658.44160666469   4795600000 
671.67628295866   4859700000 
678.39304578824   4786760000 
692.02874600859   5088320000 
698.94903346867   5022930000 
712.99790904139   5255360000 
720.12788813181   5314420000 
734.60245868325   5444980000 
741.94848327009   5502720000 
749.36796810279   5571580000 
764.43026426165   5642720000 
772.07456690427   5742910000 
779.79531257331   5882800000 
787.59326569905   5928730000 
803.4238903396   5996060000 
811.45812924299   6064200000 
819.57271053542   6181570000 
827.76843764078   6000890000 
844.40658323736   6302900000 
852.85064906973   6365040000 
861.37915556043   6453330000 
869.99294711603   6525160000 
878.69287658719   6594500000 
887.47980535306   6659110000 
896.3546034066   6672840000 
914.37133093507   7391290000 
923.51504424442  27397600000 
932.75019468686  46859400000 
942.07769663373  77959500000 
951.49847360007  87603900000 
961.01345833607 106879000000 
970.62359291943  63375800000 
980.32982884862 104175000000 
990.13312713711  96307400000 
1000.0344584085 100465000000 
1010.0348029926  96495100000 
1020.1351510225  59204800000 
1030.3365025327  90878200000 
1040.639867558  94280500000 
1051.0462662336  92166400000 
1061.556728896  87162300000 
1072.1722961849  86203500000 
1082.8940191468  79661500000 
1093.7229593382  83504200000 
1104.6601889316  79425350000 
1115.7067908209  74377300000 
1126.8638587291  75657400000 
1138.1324973164  73293000000 
1149.5138222896  71659400000 
1161.0089605125  70203900000 
1172.6190501176  61597500000 
1184.3452406188  65246650000 
1196.188693025  61004800000 
1208.1505799552  38466100000 
1220.2320857548  58873500000 
1232.4344066123  59497400000 
1244.7587506785  57489400000 
1257.2063381852  56155600000 
1269.7784015671  54972300000 
1282.4761855828  52603850000 
1295.3009474386  50708400000 
1308.253956913  50345300000 
1321.3364964821  48983400000 
1334.5498614469  47256600000 
1347.8953600614  46103600000 
1361.374313662  45022200000 
1374.9880567986  43608400000 
1388.7379373666  41056600000 
1402.6253167403  40385950000 
1416.6515699077  39277300000 
1430.8180856068 38575364705.882 
1445.1262664628 37440069230.769 
1459.5775291275  36445800000 
1474.1733044187  35360500000 
1488.9150374629  34262700000 
1503.8041878376 33235336363.636 
1518.8422297159  32150300000 
1534.0306520131  30437500000 
1549.3709585332  29356000000 
1564.8646681186  29099550000 
1580.5133147997  28251400000 
1596.3184479477  27034800000 
1612.2816324272  26251900000 
1628.4044487515  25382400000 
1644.688493239  24501150000 
1661.1353781714 24220222727.273 
1677.7467319531  23695400000 
1694.5241992726  23012400000 
1711.4694412654  21990450000 
1728.584135678  21457500000 
1745.8699770348  20825200000 
1763.3286768051  20312750000 
1780.9619635732  19642750000 
1798.7715832089  18975950000 
1816.759299041  18464200000 
1834.9268920314  17979550000 
1853.2761609517  17252100000 
1871.8089225613  16734900000 
1890.5270117869  16133900000 
1909.4322819047  15527150000 
1928.5266047238  15141750000 
1947.811870771 14580009090.909 
1967.2899894787 14222329411.765 
1986.9628893735 13716123809.524 
2006.8325182673  13357800000 
2026.9008434499  12918850000 
2047.1698518844  11094650000 
2067.6415504033  10982520000 
2088.3179659073  11582150000 
2109.2011455664  11429500000 
2130.293157022  11076200000 
2151.5960885923  10751100000 
2173.1120494782  10444200000 
2194.843169973 10073853333.333 
2216.7916016727   9741085000 
2238.9595176894   9398120000 
2261.3491128663   9181460000 
2283.962603995 8775286666.6667 
2306.8022300349   8533425000 
2329.8702523353   8291495000 
2353.1689548586   8001620000 
2376.7006444072   7675300000 
2400.4676508513   7508395000 
2424.4723273598   7251630000 
2448.7170506334   7005505000 
2473.2042211397 6710013333.3333 
2497.9362633511 6475649565.2174 
2522.9156259846 6317327777.7778 
2548.1447822445   6119650000 
2573.6262300669   5922100000 
2599.3624923676 5714993333.3333 
2625.3561172913   5528700000 
2651.6096784642   5341510000 
2678.1257752488   5175020000 
2704.9070330013 5016626666.6667 
2731.9561033313   4826330000 
2759.2756643647 4653376666.6667 
2786.8684210083   4518170000 
2814.7371052184 4368146666.6667 
2842.8844762706 4229653333.3333 
2871.3133210333 4080066666.6667 
2900.0264542436   3959990000 
2929.026718786   3810975000 
2958.3169859739   3690390000 
2987.9001558336   3564125000 
3017.779157392   3443150000 
3047.9569489659   3328220000 
3078.4365184556   3215600000 
3109.2208836401   3112040000 
3140.3130924765   2977820000 
3171.7162234013   2860030000 
3203.4333856353   2782660000 
3235.4677194916   2698580000 
3267.8223966866   2614195000 
3300.5006206534   2507275000 
3333.50562686   2425710000 
3366.8406831286   2355000000 
3400.5090899598   2256045000 
3434.5141808594   2177330000 
3468.859322668   2117440000 
3503.5479158947   2038215000 
3538.5833950537   1964945000 
3573.9692290042   1900530000 
3609.7089212942   1842894000 
3645.8060105072   1756580000 
3682.2640706123   1687765000 
3719.0867113184   1604665000 
3756.2775784316   1591395000 
3793.8403542159   1569190000 
3831.778757758   1671680000 
3870.0965453356   1394360000 
3908.797510789   1620930000 
3947.8854858969   1433995000 
3987.3643407558   1505615000 
4027.2379841634   1440765000 
4067.510364005   1378035000 
4108.1854676451   1263160000 
4149.2673223215   1306660000 
4190.7599955447   1253820000 
4232.6675955002   1211595000 
4274.9942714552   1167565000 
4317.7442141697   1022937500 
4360.9216563114   1077625000 
4404.5308728746   1055995000 
4448.5761816033 1002469333.3333 
4493.0619434193    973673000 
4537.9925628535    940743000 
4583.3724884821    912138000 
4629.2062133669    875521000 
4675.4982755006    833922000 
4722.2532582556    816074000 
4769.4757908381 784780666.66667 
4817.1705487465    732126000 
4865.342254234 692385666.66667 
4913.9956767763    692369000 
4963.1356335441 671736666.66667 
5012.7669898795    647868000 
5062.8946597783 625805666.66667 
5113.5236063761    603312500 
5164.6588424398    581896000 
5216.3054308642    561358500 
5268.4684851729    541770000 
5321.1531700246    519353000 
5374.3647017249    500828500 
5428.1083487421 484498666.66667 
5482.3894322295    464986000 
5537.2133265518    446444000 
5592.5854598173    431680000 
5648.5113144155    417414000 
5704.9964275597 399850333.33333 
5762.0463918353 384577666.66667 
5819.6668557536 366945333.33333 
5877.8635243112 356376333.33333 
5936.6421595543    343850000 
5996.0085811498    331147000 
6055.9686669613    319004000 
6116.5283536309 307404333.33333 
6177.6936371672 296338333.33333 
6239.4705735389 285757666.66667 
6301.8652792743    275649000 
6364.883932067 265978666.66667 
6428.5327713877    255237500 
6492.8180991016 242229333.33333 
6557.7462800926 226899666.66667 
6623.3237428935    228066000 
6689.5569803225    219362750 
6756.4525501257 211372333.33333 
6824.0170756269    203307250 
6892.2572463832 195606666.66667 
6961.179818847    188283750 
7030.7916170355    180472000 
7101.0995332059    174612750 
7172.1105285379    168236000 
7243.8316338233    161896250 
7316.2699501615 156369333.33333 
7389.4326496631    150830750 
7463.3269761598    144785000 
7537.9602459214    139045000 
7613.3398483806    134253000 
7689.4732468644    129668000 
7766.367979333    124646750 
7844.0316591264    119969000 
7922.4719757176    115412500 
8001.6966954748    111042000 
8081.7136624296    106821750 
8162.5307990539    102769000 
8244.1561070444     98928875 
8326.5976681148     95292550 
8409.863644796     91406060 
8493.9622812439     87749025 
8578.9019040564     84318550 
8664.6909230969     80467500 
8751.3378323279     79322325 
8838.8512106512     74427375 
8927.2397227577     72998320 
9016.5121199853     70520250 
9106.6772411851     69413460 
9197.744013597     63310075 
9289.721453733     64436600 
9382.6186682703     61872620 
9476.444854953     56686960 
9571.2093035025     57083250 
9666.9213965375     55282740 
9763.5906105029     53164720 
9861.226516608     51111920 
9959.838781774     48345480 
10059.437169592     46093400 
10160.031541288     45695600 
10261.631856701     43926750 
10364.248175268     42383750 
10467.89065702     40837000 
10572.56956359     38985000 
10678.295259226     37269300 
10785.078211819     35727300 
10892.928993937     33009850 
11001.858283876     33362700 
11111.876866715     32330950 
11222.995635382 30955966.666667 
11335.225591736     29657300 
11448.577847653     28665150 
11563.06362613     27481900 
11678.694262391     26360800 
11795.481205015     25504200 
11913.436017065 24406166.666667 
12032.570377236     23509900 
12152.896081008     22766850 
12274.425041818     21880500 
12397.169292236     21033950 
12521.140985159     20218100 
12646.35239501     19454200 
12772.81591896 18117033.333333 
12900.54407815     17860700 
13029.549518932     17241500 
13159.845014121     16614000 
13291.443464262     16012950 
13424.357898905 15436766.666667 
13558.601477894 14786033.333333 
13694.187492673     14165800 
13831.129367599     13672850 
13969.440661275     13202500 
14109.135067888 12663733.333333 
14250.226418567 12152133.333333 
14392.728682753 11666066.666667 
14536.65596958     11202150 
14682.022529276 10763733.333333 
14828.842754569 10347966.666667 
14977.131182115 9945756.6666667 
15126.902493936 9572453.3333333 
15278.171518875 9208453.3333333 
15430.953234064 8859236.6666667 
15585.262766404 8524376.6666667 
15741.115394068      8204930 
15898.526548009 7890342.8571429 
16057.511813489      7528750 
16218.086931624      7330240 
16380.26780094      6963460 
16544.07047895      6866205 
16709.511183739      6423325 
16876.606295577      6320580 
17045.372358532      6095380 
17215.826082118      5722890 
17387.984342939      5562725 
17561.864186368      5394650 
17737.482828232      5218145 
17914.857656514      4990455 
18094.006233079      4664350 
18274.94629541      4578715 
18457.695758364      4432940 
18642.272715948      4193105 
18828.695443107      4115730 
19016.982397539      3943830 
19207.152221514      3785975 
19399.223743729      3548870 
19593.215981166      3497300 
19789.148140978      3360570 
19987.039622388      3230340 
20186.910018612      3106420 
20388.779118798      2985770 
20592.666909986      2875865 
20798.593579086      2768600 
21006.579514877      2662135 
21216.645310025      2568680 
21428.811763126      2471490 
21643.099880757 2323053.3333333 
21859.530879564      2260225 
22078.12618836      2180590 
22298.907450244      2104650 
22521.896524746      2031900 
22747.115489993      1945360 
22974.586644893      1863060 
23204.332511342      1800815 
23436.375836456      1726510 
23670.73959482      1655745 
23907.446990769      1601840 
24146.521460676 1537506.6666667 
24387.986675283      1476150 
24631.866542036      1417290 
24878.185207456      1362140 
25126.967059531 1309273.3333333 
25378.236730126      1259830 
25632.019097427 1211513.3333333 
25888.339288402      1165535 
26147.222681286 1100893.3333333 
26408.694908098 1073916.6666667 
26672.781857179      1026725 
26939.509675751       999509 
27208.904772509 955863.33333333 
27480.993820234       906736 
27755.803758436       883926 
28033.361796021 853199.33333333 
28313.695413981       817708 
28596.832368121 774008.33333333 
28882.800691802       752934 
29171.62869872 722837.66666667 
29463.344985707 694212.33333333 
29757.978435564       666989 
30055.55821992       635017 
30356.113802119       612415 
30659.67494014 592932.66666667 
30966.271689541       570565 
31275.934406437       549231 
31588.693750501 528882.66666667 
31904.580688006     510109.8 
32223.626494886     487955.5 
32545.862759835       470168 
32871.321387434     446807.5 
33200.034601308       432320 
33532.034947321       417800 
33867.355296794       403347 
34206.028849762     385026.5 
34548.08913826       371917 
34893.570029642       359406 
35242.505729939       343513 
35594.930787238     328485.5 
35950.880095111       314265 
36310.388896062       304097 
36673.492785022     294280.5 
37040.227712872     279758.5 
37410.629990001       267621 
37784.736289901       258859 
38162.5836528       248317 
38544.209489328     238343.5 
38929.651584221       228480 
39318.948100064     219800.5 
39712.137581064       210835 
40109.258956875       200152 
40510.351546444       195042 
40915.455061908       187653 
41324.609612527     179738.5 
41737.855708653     173735.5 
42155.234265739       167389 
42576.786608396       161180 
43002.55447448       155396 
43432.580019225       148902 
43866.905819417 142906.66666667 
44305.574877612     136889.5 
44748.630626388     132146.5 
45196.116932652     127564.5 
45648.078101978 122110.66666667 
46104.558882998       115272 
46565.604471828       111622 
47031.260516546 108327.33333333 
47501.573121712       103871 
47976.588852929       100474 
48456.354741458 96427.933333333 
48940.918288873      92570.5 
49430.327471761 88916.366666667 
49924.630746479      85428.4 
50423.877053944 82120.466666667 
50928.115824483      77996.7 
51437.396982728 75890.433333333 
51951.770952555        73096 
52471.288662081 70371.466666667 
52996.001548702      67261.9 
53525.961564189     64797.45 
54061.221179831 62452.566666667 
54601.833391629      59771.5 
55147.851725545     57632.85 
55699.330242801 55616.066666667 
56256.323545229      53295.1 
56818.886780681 51052.633333333 
57387.075648488 49005.466666667 
57960.946404973 47027.566666667 
58540.555869022 44732.233333333 
59125.961427713      43193.6 
59717.22104199 41659.966666667 
60314.39325241 40039.766666667 
60917.537184934 38496.866666667 
61526.712556783 37027.366666667 
62141.979682351 35607.833333333 
62763.399479174 34167.166666667 
63391.033473966 33021.033333333 
64024.943808706 31555.242857143 
64665.193246793      30458.6 
65311.845179261     29363.05 
65964.963631053     27974.45 
66624.613267364      26983.7 
67290.859400038      25918.3 
67963.767994038     24845.15 
68643.405673978        23991 
69329.839730718      23176.8 
70023.138128025      22141.8 
70723.369509305      21163.6 
71430.603204399      20463.8 
72144.909236443     19795.75 
72866.358328807     18944.25 
73595.021912095     18126.15 
74330.972131216     17047.75 
75074.281852528     16627.85 
75825.024671053      16132.8 
76583.274917764     15635.55 
77349.107666942     15000.75 
78122.598743611      14398.3 
78903.824731047      13825.4 
79692.862978358     13280.65 
80489.791608141      12762.7 
81294.689524223     12261.85 
82107.636419465     11799.95 
82928.712783659      11352.6 
83757.999911496      10926.2 
84595.579910611      10422.1 
85441.535709717       9944.8 
86295.951066814     9565.255 
87158.910577482       9166.8 
88030.499683257     8907.615 
88910.80468009     8592.295 
89799.912726891      8218.31 
90697.91185416      7862.85 
91604.890972701      7592.95 
92520.939882428 7271.9966666667 
93446.149281253     6941.275 
94380.610774065     6734.345 
95324.416881806 6457.8866666667 
96277.661050624      6194.57 
97240.43766113 5945.2733333333 
98212.842037741     5707.795 
99194.970458119      5526.27 
100186.9201627      5395.04 
199060.83304441       337.74 
399467.9878358      20.8078 
594753.39981818      4.06785 
793700.71765891      1.27729 
997811.18987739     0.520038 
1193529.3359837     0.249563 
1399507.0114645     0.134154 
