#  WAVELENGTH	        FLUX	
#  (ANGSTROM)	(ERG/CM2/S/A)	
############	############	
        90.9  9.77935E-22 
    92.72709  8.35273E-21 
95.53681355409  6.23682E-20 
97.457103506527   2.0376E-19 
99.415991287008  7.92223E-19 
101.41425271188  4.10731E-18 
103.45267919139  1.34707E-17 
105.53207804313  4.25028E-17 
107.6532728118  1.54989E-16 
109.81710359532  7.62786E-16 
113.14467165136  5.70748E-15 
117.73879903054  4.21313E-14 
120.10534889105  2.38999E-13 
123.7446610678  1.23678E-12 
126.23192875526  3.47477E-12 
127.49424804281  6.13498E-12 
130.05688242847  1.50223E-11 
131.35745125276  3.30077E-11 
132.67102576529  6.05317E-11 
135.33771338317  1.74746E-10 
139.43858143639  5.84218E-10 
142.24129692326   2.06079E-9 
146.55135046134   7.84833E-9 
150.99200293167   2.70953E-8 
154.02694219059   9.95323E-8 
158.69411256591   2.88238E-7 
161.88386422848   7.13611E-7 
165.13772989948   2.11278E-6 
170.14156825316   6.41214E-6 
171.84298393569   1.38137E-5 
175.2970279128   3.10825E-5 
178.82049817385   6.78361E-5 
180.60870315558   9.48295E-5 
186.0813274699  0.000245793 
189.82156215205  0.000673781 
193.6369755513    0.0011938 
197.52907875988   0.00280759 
201.49941324296   0.00522523 
203.51440737539   0.00919751 
209.68109743327    0.0232711 
216.03464436659     0.058029 
218.19499081026      0.10074 
222.58071012555     0.161839 
224.8065172268     0.278961 
229.32512822306      81.3637 
233.93456330034      312.663 
238.63664802268       614.32 
245.86757709442      1207.96 
250.80951539401       2079.4 
255.85078665343      2125.35 
258.40929451997      3972.01 
263.60332133982      5322.52 
266.23935455322      7650.37 
271.59076557974      11026.6 
277.04973996789      15331.5 
282.61843974125      23435.4 
288.29907038004      34176.3 
294.09388169468      47822.3 
300.00516871675      53032.7 
306.03527260795      75191.8 
315.30844740325       170573 
324.86260866801       276560 
334.70627057326       452396 
344.8482052779       703664 
355.29745074603      1010370 
362.43892950602      1466440 
373.42119150899      1996210 
384.7362270329      2881930 
392.46942519626      3997040 
404.36164124913      5422950 
412.48931023824      7111680 
420.78034537403      8804780 
429.23803031605     10847400 
437.8657147254     14356900 
446.66681559138     18270200 
455.64481858477     22210400 
469.4513122327     27839500 
478.88728360858     34134700 
488.51291800911     41303900 
498.3320276611     50277000 
503.31534793771    445246000 
508.34850141708   1356380000 
518.56630629557   1323950000 
528.98948905211   1335430000 
539.62217778206   1223620000 
545.01839955988   1379640000 
555.97326939103   1492260000 
567.14833210579   1548900000 
578.54801358112   1446450000 
584.33349371693   1593290000 
596.07859694064   1603200000 
608.05977673914   1671040000 
614.14037450653   1771040000 
626.48459603412   1820820000 
639.0769364144   1827820000 
645.46770577855   1908260000 
651.92238283633   1933580000 
658.44160666469   1981940000 
671.67628295866   2024610000 
678.39304578824   2007680000 
692.02874600859   2176270000 
698.94903346867   2159990000 
712.99790904139   2303570000 
720.12788813181   2343400000 
734.60245868325   2420880000 
741.94848327009   2480200000 
749.36796810279   2532180000 
764.43026426165   2591420000 
772.07456690427   2663850000 
779.79531257331   2758850000 
787.59326569905   2802710000 
803.4238903396   2856300000 
811.45812924299   2906480000 
819.57271053542   2994970000 
827.76843764078   2908640000 
844.40658323736   3093260000 
852.85064906973   3149080000 
861.37915556043   3220430000 
869.99294711603   3286350000 
878.69287658719   3350720000 
887.47980535306   3409480000 
896.3546034066   3436790000 
914.37133093507   5314210000 
923.51504424442  27717200000 
932.75019468686  40299900000 
942.07769663373  52622600000 
951.49847360007  55401000000 
961.01345833607  60274500000 
970.62359291943  41619300000 
980.32982884862  56449700000 
990.13312713711  53897600000 
1000.0344584085  54855700000 
1010.0348029926  53732700000 
1020.1351510225  42756700000 
1030.3365025327  51641000000 
1040.639867558  53324100000 
1051.0462662336  52267300000 
1061.556728896  49397100000 
1072.1722961849  49388400000 
1082.8940191468  46920800000 
1093.7229593382  48471300000 
1104.6601889316  46468100000 
1115.7067908209  43557100000 
1126.8638587291  44816600000 
1138.1324973164  43586200000 
1149.5138222896  42958800000 
1161.0089605125  42346600000 
1172.6190501176  36894600000 
1184.3452406188  39793400000 
1196.188693025  37905800000 
1208.1505799552  29615800000 
1220.2320857548  37426400000 
1232.4344066123  37252500000 
1244.7587506785  36089050000 
1257.2063381852  35483100000 
1269.7784015671  34889200000 
1282.4761855828  33552350000 
1295.3009474386  32542500000 
1308.253956913  32485200000 
1321.3364964821  31709000000 
1334.5498614469  30772350000 
1347.8953600614  30197500000 
1361.374313662  29597000000 
1374.9880567986  28824850000 
1388.7379373666  27036700000 
1402.6253167403  26862200000 
1416.6515699077  26290700000 
1430.8180856068 25985452941.176 
1445.1262664628 25332746153.846 
1459.5775291275  24764000000 
1474.1733044187  24148550000 
1488.9150374629  23476700000 
1503.8041878376 22889104545.455 
1518.8422297159  22220300000 
1534.0306520131  21031450000 
1549.3709585332  20341400000 
1564.8646681186  20313000000 
1580.5133147997  19872250000 
1596.3184479477  19014800000 
1612.2816324272  18545000000 
1628.4044487515  18120400000 
1644.688493239  17555750000 
1661.1353781714 17352213636.364 
1677.7467319531  17078200000 
1694.5241992726  16624500000 
1711.4694412654  15936200000 
1728.584135678  15651100000 
1745.8699770348  15235400000 
1763.3286768051  14907750000 
1780.9619635732  14484950000 
1798.7715832089  14052800000 
1816.759299041  13703400000 
1834.9268920314  13379250000 
1853.2761609517  12856900000 
1871.8089225613  12522800000 
1890.5270117869  12102850000 
1909.4322819047  11677800000 
1928.5266047238  11453950000 
1947.811870771 11051418181.818 
1967.2899894787 10836411764.706 
1986.9628893735 10461366666.667 
2006.8325182673  10253150000 
2026.9008434499   9935450000 
2047.1698518844   8633275000 
2067.6415504033   8789625000 
2088.3179659073   9085630000 
2109.2011455664   8904240000 
2130.293157022   8656340000 
2151.5960885923   8432310000 
2173.1120494782   8206955000 
2194.843169973 7939003333.3333 
2216.7916016727   7684580000 
2238.9595176894   7449020000 
2261.3491128663   7275320000 
2283.962603995   6978130000 
2306.8022300349   6796835000 
2329.8702523353   6617080000 
2353.1689548586   6401220000 
2376.7006444072   6166310000 
2400.4676508513   6031420000 
2424.4723273598   5837830000 
2448.7170506334   5651760000 
2473.2042211397 5406416666.6667 
2497.9362633511 5258568695.6522 
2522.9156259846 5127345925.9259 
2548.1447822445   4976105000 
2573.6262300669   4824300000 
2599.3624923676   4662690000 
2625.3561172913   4515605000 
2651.6096784642   4374320000 
2678.1257752488   4245975000 
2704.9070330013 4122216666.6667 
2731.9561033313 3974166666.6667 
2759.2756643647 3837533333.3333 
2786.8684210083   3729370000 
2814.7371052184 3615776666.6667 
2842.8844762706 3502356666.6667 
2871.3133210333 3383946666.6667 
2900.0264542436   3288600000 
2929.026718786   3172100000 
2958.3169859739   3073890000 
2987.9001558336   2972825000 
3017.779157392   2875920000 
3047.9569489659   2783740000 
3078.4365184556   2692600000 
3109.2208836401   2609500000 
3140.3130924765   2500470000 
3171.7162234013   2407740000 
3203.4333856353   2343135000 
3235.4677194916   2274400000 
3267.8223966866   2205465000 
3300.5006206534   2118140000 
3333.50562686   2051650000 
3366.8406831286   1993595000 
3400.5090899598   1912545000 
3434.5141808594   1848380000 
3468.859322668   1798815000 
3503.5479158947   1735720000 
3538.5833950537   1673490000 
3573.9692290042   1621820000 
3609.7089212942   1572122000 
3645.8060105072   1495710000 
3682.2640706123   1433715000 
3719.0867113184   1402180000 
3756.2775784316   1426120000 
3793.8403542159   1400465000 
3831.778757758   1439875000 
3870.0965453356   1274210000 
3908.797510789   1376435000 
3947.8854858969   1262045000 
3987.3643407558   1283335000 
4027.2379841634   1230205000 
4067.510364005   1189005000 
4108.1854676451   1105150000 
4149.2673223215 1109833333.3333 
4190.7599955447   1065240000 
4232.6675955002   1030765000 
4274.9942714552    996911500 
4317.7442141697    912847000 
4360.9216563114    927788500 
4404.5308728746    902760500 
4448.5761816033    862383000 
4493.0619434193    834292500 
4537.9925628535    807158500 
4583.3724884821    783161500 
4629.2062133669    752485000 
4675.4982755006    718715000 
4722.2532582556    703015000 
4769.4757908381    676965000 
4817.1705487465    644444500 
4865.342254234 609632333.33333 
4913.9956767763    601484000 
4963.1356335441    582150000 
5012.7669898795    561874500 
5062.8946597783    543020000 
5113.5236063761    523979000 
5164.6588424398    505824000 
5216.3054308642    488396500 
5268.4684851729 471751333.33333 
5321.1531700246 452676666.66667 
5374.3647017249    436992500 
5428.1083487421    422962000 
5482.3894322295 406300666.66667 
5537.2133265518 390446666.66667 
5592.5854598173    377800000 
5648.5113144155    365537000 
5704.9964275597    350045000 
5762.0463918353    336992000 
5819.6668557536 322660333.33333 
5877.8635243112    313422000 
5936.6421595543 302335333.33333 
5996.0085811498 291357666.66667 
6055.9686669613 280870333.33333 
6116.5283536309    270841000 
6177.6936371672 261265666.66667 
6239.4705735389    252098000 
6301.8652792743 243329666.66667 
6364.883932067    234943000 
6428.5327713877    225611500 
6492.8180991016 215784333.33333 
6557.7462800926 203434666.66667 
6623.3237428935    202103000 
6689.5569803225    194464250 
6756.4525501257    187394000 
6824.0170756269    180332000 
6892.2572463832    173615000 
6961.179818847    167206500 
7030.7916170355 160410333.33333 
7101.0995332059    155224250 
7172.1105285379    149632000 
7243.8316338233    144085000 
7316.2699501615 139220333.33333 
7389.4326496631    134352750 
7463.3269761598    129040000 
7537.9602459214    123980000 
7613.3398483806 119768333.33333 
7689.4732468644    115727750 
7766.367979333    111298750 
7844.0316591264    107174500 
7922.4719757176    103129500 
8001.6966954748     99248275 
8081.7136624296     95548000 
8162.5307990539     91977475 
8244.1561070444     88526400 
8326.5976681148     85272875 
8409.863644796     81757060 
8493.9622812439     78483050 
8578.9019040564     75776675 
8664.6909230969     72354700 
8751.3378323279     71865575 
8838.8512106512     67639475 
8927.2397227577     66075580 
9016.5121199853     64008550 
9106.6772411851     62449940 
9197.744013597     58008925 
9289.721453733     57957000 
9382.6186682703     55643400 
9476.444854953     51873200 
9571.2093035025     51496475 
9666.9213965375     49750740 
9763.5906105029     47860720 
9861.226516608     46031860 
9959.838781774     43950920 
10059.437169592     41977350 
10160.031541288     41196150 
10261.631856701     39627950 
10364.248175268     38237050 
10467.89065702     36856050 
10572.56956359 35200233.333333 
10678.295259226     33662050 
10785.078211819     32333200 
10892.928993937     30372150 
11001.858283876     30207050 
11111.876866715     29237000 
11222.995635382 28003766.666667 
11335.225591736     26837800 
11448.577847653     25947350 
11563.06362613 24884433.333333 
11678.694262391     23877050 
11795.481205015     23107000 
11913.436017065     22143600 
12032.570377236     21313100 
12152.896081008     20644300 
12274.425041818     19846100 
12397.169292236     19083700 
12521.140985159 18349933.333333 
12646.35239501     17667250 
12772.81591896     16644700 
12900.54407815 16233366.666667 
13029.549518932     15663500 
13159.845014121     15097200 
13291.443464262     14554300 
13424.357898905     14033900 
13558.601477894 13445833.333333 
13694.187492673 12885266.666667 
13831.129367599     12439550 
13969.440661275 12014133.333333 
14109.135067888 11526633.333333 
14250.226418567 11063633.333333 
14392.728682753 10623566.666667 
14536.65596958     10202790 
14682.022529276      9805540 
14828.842754569 9428673.3333333 
14977.131182115 9063203.3333333 
15126.902493936      8721060 
15278.171518875 8385996.6666667 
15430.953234064 8068433.3333333 
15585.262766404 7765623.3333333 
15741.115394068 7475116.6666667 
15898.526548009 7219301.4285714 
16057.511813489      6853500 
16218.086931624      6717735 
16380.26780094      6360370 
16544.07047895      6273190 
16709.511183739      5897680 
16876.606295577      5780210 
17045.372358532      5574055 
17215.826082118      5257790 
17387.984342939      5096430 
17561.864186368      4932220 
17737.482828232      4771450 
17914.857656514      4566750 
18094.006233079      4301830 
18274.94629541      4189255 
18457.695758364      4056430 
18642.272715948      3865820 
18828.695443107      3770010 
19016.982397539      3612380 
19207.152221514      3471130 
19399.223743729      3276610 
19593.215981166      3203250 
19789.148140978      3078450 
19987.039622388      2959675 
20186.910018612      2846510 
20388.779118798      2736245 
20592.666909986      2636005 
20798.593579086      2538015 
21006.579514877      2440890 
21216.645310025      2355350 
21428.811763126      2269350 
21643.099880757      2142980 
21859.530879564      2073375 
22078.12618836      2000600 
22298.907450244      1931130 
22521.896524746      1864540 
22747.115489993 1785336.6666667 
22974.586644893      1710030 
23204.332511342      1653040 
23436.375836456 1585003.3333333 
23670.73959482      1520195 
23907.446990769      1470700 
24146.521460676 1411653.3333333 
24387.986675283      1355355 
24631.866542036 1301593.3333333 
24878.185207456      1250375 
25126.967059531      1202490 
25378.236730126      1159630 
25632.019097427 1112423.3333333 
25888.339288402      1072935 
26147.222681286 1016472.3333333 
26408.694908098       988577 
26672.781857179     941814.5 
26939.509675751 919011.66666667 
27208.904772509       879603 
27480.993820234 834092.66666667 
27755.803758436     812948.5 
28033.361796021 784766.66666667 
28313.695413981 752370.33333333 
28596.832368121       713816 
28882.800691802 692709.33333333 
29171.62869872 665062.66666667 
29463.344985707       638758 
29757.978435564       613761 
30055.55821992 585467.66666667 
30356.113802119 564978.66666667 
30659.67494014       545719 
30966.271689541 525148.33333333 
31275.934406437       505554 
31588.693750501       486864 
31904.580688006     469577.8 
32223.626494886     449231.5 
32545.862759835       433035 
32871.321387434       412991 
33200.034601308       397874 
33532.034947321       384031 
33867.355296794       371506 
34206.028849762     354621.5 
34548.08913826       342567 
34893.570029642       331065 
35242.505729939     316439.5 
35594.930787238     302528.5 
35950.880095111     289381.5 
36310.388896062       279718 
36673.492785022     270916.5 
37040.227712872       258446 
37410.629990001     247091.5 
37784.736289901     238414.5 
38162.5836528     228741.5 
38544.209489328       219665 
38929.651584221     210286.5 
39318.948100064     202573.5 
39712.137581064     194255.5 
40109.258956875     184844.5 
40510.351546444     179864.5 
40915.455061908     172965.5 
41324.609612527       165432 
41737.855708653     160208.5 
42155.234265739     154296.5 
42576.786608396     148569.5 
43002.55447448     143249.5 
43432.580019225     137190.5 
43866.905819417 131824.33333333 
44305.574877612     126205.5 
44748.630626388     121841.5 
45196.116932652     117619.5 
45648.078101978 112593.33333333 
46104.558882998       106694 
46565.604471828     103101.5 
47031.260516546 99891.933333333 
47501.573121712     95783.95 
47976.588852929     92652.95 
48456.354741458      88923.4 
48940.918288873      85367.7 
49430.327471761      81999.1 
49924.630746479      78784.7 
50423.877053944 75735.366666667 
50928.115824483      72088.4 
51437.396982728      70040.7 
51951.770952555      67414.8 
52471.288662081 64889.166666667 
52996.001548702 62035.966666667 
53525.961564189      59704.9 
54061.221179831      57600.5 
54601.833391629 55117.133333333 
55147.851725545     53087.85 
55699.330242801      51296.5 
56256.323545229 49156.866666667 
56818.886780681 47035.333333333 
57387.075648488      45200.6 
57960.946404973      43377.8 
58540.555869022 41351.866666667 
59125.961427713 39839.633333333 
59717.22104199 38429.666666667 
60314.39325241 36934.733333333 
60917.537184934      35512.3 
61526.712556783 34157.266666667 
62141.979682351 32855.566666667 
62763.399479174      31480.9 
63391.033473966      30462.1 
64024.943808706 29110.114285714 
64665.193246793      28098.3 
65311.845179261      27088.1 
65964.963631053     25807.75 
66624.613267364      24894.1 
67290.859400038      23912.9 
67963.767994038     22921.35 
68643.405673978      22133.8 
69329.839730718     21382.15 
70023.138128025      20427.6 
70723.369509305      19525.2 
71430.603204399      18880.2 
72144.909236443        18263 
72866.358328807     17478.55 
73595.021912095      16726.7 
74330.972131216      15784.2 
75074.281852528     15354.35 
75825.024671053      14884.5 
76583.274917764      14425.8 
77349.107666942      13828.4 
78122.598743611     13284.25 
78903.824731047        12756 
79692.862978358      12253.7 
80489.791608141      11775.6 
81294.689524223     11301.35 
82107.636419465     10887.15 
82928.712783659      10474.4 
83757.999911496    10081.245 
84595.579910611 9616.0933333333 
85441.535709717     9175.645 
86295.951066814     8817.395 
87158.910577482       8472.6 
88030.499683257      8218.93 
88910.80468009      7927.98 
89799.912726891      7582.81 
90697.91185416     7254.975 
91604.890972701      7005.85 
92520.939882428 6709.6233333333 
93446.149281253      6401.03 
94380.610774065      6213.69 
95324.416881806 5958.5666666667 
96277.661050624     5715.725 
97240.43766113      5485.72 
98212.842037741      5266.45 
99194.970458119     5099.215 
100186.9201627      4977.78 
199060.83304441      311.847 
399467.9878358      19.2234 
594753.39981818       3.7561 
793700.71765891      1.17869 
997811.18987739     0.479653 
1193529.3359837     0.230099 
1399507.0114645     0.123658 
