#  WAVELENGTH	        FLUX	
#  (ANGSTROM)	(ERG/CM2/S/A)	
############	############	
113.14467165136  7.13485E-22 
117.73879903054  9.30313E-21 
120.10534889105  8.27883E-20 
123.7446610678  6.56513E-19 
126.23192875526  2.41601E-18 
127.49424804281  4.95062E-18 
130.05688242847  1.53386E-17 
131.35745125276   4.1458E-17 
132.67102576529  8.92173E-17 
135.33771338317  3.40843E-16 
139.43858143639  1.56733E-15 
142.24129692326  7.72196E-15 
146.55135046134  4.19575E-14 
150.99200293167  2.01377E-13 
154.02694219059  1.04587E-12 
158.69411256591  4.01284E-12 
161.88386422848   1.2632E-11 
165.13772989948  4.98228E-11 
170.14156825316  2.02809E-10 
171.84298393569  5.34419E-10 
175.2970279128   1.48784E-9 
178.82049817385   3.98424E-9 
180.60870315558    6.0803E-9 
186.0813274699   2.01901E-8 
189.82156215205   7.19361E-8 
193.6369755513   1.47948E-7 
197.52907875988    4.3395E-7 
201.49941324296   9.46838E-7 
203.51440737539   1.92628E-6 
209.68109743327   6.19626E-6 
216.03464436659   1.94827E-5 
218.19499081026   3.89122E-5 
222.58071012555   7.05687E-5 
224.8065172268  0.000139858 
229.32512822306  0.000625322 
233.93456330034    0.0013609 
238.63664802268   0.00338777 
245.86757709442   0.00863855 
250.80951539401    0.0195036 
255.85078665343    0.0340681 
258.40929451997    0.0520707 
263.60332133982    0.0852745 
266.23935455322      0.14566 
271.59076557974     0.258375 
277.04973996789     0.449236 
282.61843974125     0.805812 
288.29907038004      1.48367 
294.09388169468       2.6586 
300.00516871675      4.24587 
306.03527260795      7.84761 
315.30844740325      18.5709 
324.86260866801      40.9843 
334.70627057326      86.0638 
344.8482052779      172.671 
355.29745074603      311.613 
362.43892950602      545.622 
373.42119150899      926.575 
384.7362270329      1618.45 
392.46942519626      2739.31 
404.36164124913      4507.89 
412.48931023824      6901.97 
420.78034537403      9904.18 
429.23803031605      13996.3 
437.8657147254        22052 
446.66681559138        32609 
455.64481858477      45610.1 
469.4513122327      65128.7 
478.88728360858      91430.7 
488.51291800911       126403 
498.3320276611       172136 
503.31534793771       877157 
508.34850141708      3034170 
518.56630629557      3734010 
528.98948905211      5041010 
539.62217778206      5396050 
545.01839955988      7210550 
555.97326939103      8371550 
567.14833210579      9880560 
578.54801358112     10017700 
584.33349371693     12656900 
596.07859694064     14983400 
608.05977673914     17176100 
614.14037450653     19391200 
626.48459603412     21974500 
639.0769364144     24353200 
645.46770577855     27577500 
651.92238283633     30219400 
658.44160666469     32511900 
671.67628295866     35583300 
678.39304578824     39117800 
692.02874600859     44000200 
698.94903346867     48081000 
712.99790904139     53058500 
720.12788813181     57793700 
734.60245868325     62749000 
741.94848327009     68303800 
749.36796810279     74040600 
764.43026426165     79887500 
772.07456690427     86288100 
779.79531257331     92840000 
787.59326569905     99400400 
803.4238903396    106440000 
811.45812924299    113576000 
819.57271053542    121318000 
827.76843764078    127517000 
844.40658323736    136752000 
852.85064906973    144436000 
861.37915556043    153542000 
869.99294711603    162502000 
878.69287658719    171606000 
887.47980535306    180707000 
896.3546034066    188129000 
914.37133093507    248458000 
923.51504424442   1062790000 
932.75019468686   2868140000 
942.07769663373  10851900000 
951.49847360007  19969900000 
961.01345833607  28370100000 
970.62359291943   9538890000 
980.32982884862  38740400000 
990.13312713711  38961900000 
1000.0344584085  40611400000 
1010.0348029926  32203100000 
1020.1351510225   6317410000 
1030.3365025327  27381900000 
1040.639867558  38437900000 
1051.0462662336  38200200000 
1061.556728896  35407000000 
1072.1722961849  36162800000 
1082.8940191468  32993700000 
1093.7229593382  34832000000 
1104.6601889316  32932950000 
1115.7067908209  30629500000 
1126.8638587291  31092400000 
1138.1324973164  29431000000 
1149.5138222896  29584400000 
1161.0089605125  28892700000 
1172.6190501176  25188800000 
1184.3452406188  25904000000 
1196.188693025  19233900000 
1208.1505799552   4694630000 
1220.2320857548  17711800000 
1232.4344066123  23016400000 
1244.7587506785  23026150000 
1257.2063381852  22303500000 
1269.7784015671  22168700000 
1282.4761855828  20933050000 
1295.3009474386  20044700000 
1308.253956913  20230800000 
1321.3364964821  19487500000 
1334.5498614469  18747600000 
1347.8953600614  18489100000 
1361.374313662  17947200000 
1374.9880567986  17420450000 
1388.7379373666  16410600000 
1402.6253167403  16167800000 
1416.6515699077  15803500000 
1430.8180856068  15427100000 
1445.1262664628 14984292307.692 
1459.5775291275  14542100000 
1474.1733044187  14105900000 
1488.9150374629  13680100000 
1503.8041878376 13160659090.909 
1518.8422297159  12783700000 
1534.0306520131  12238750000 
1549.3709585332  11831000000 
1564.8646681186  11708450000 
1580.5133147997  11309800000 
1596.3184479477  10882800000 
1612.2816324272  10627200000 
1628.4044487515  10407100000 
1644.688493239  10057550000 
1661.1353781714 9778870909.0909 
1677.7467319531   9548330000 
1694.5241992726   9256965000 
1711.4694412654   8893445000 
1728.584135678   8618315000 
1745.8699770348   8421920000 
1763.3286768051   8120210000 
1780.9619635732   7926210000 
1798.7715832089   7673485000 
1816.759299041   7482280000 
1834.9268920314   7247170000 
1853.2761609517   6918910000 
1871.8089225613   6755925000 
1890.5270117869   6477860000 
1909.4322819047   6246370000 
1928.5266047238   6140245000 
1947.811870771 5909381818.1818 
1967.2899894787   5813510000 
1986.9628893735 5588731428.5714 
2006.8325182673   5507845000 
2026.9008434499   5321435000 
2047.1698518844   5112585000 
2067.6415504033   5024451500 
2088.3179659073   4859110000 
2109.2011455664   4769700000 
2130.293157022   4633025000 
2151.5960885923   4509450000 
2173.1120494782   4384225000 
2194.843169973 4239026666.6667 
2216.7916016727   4093235000 
2238.9595176894   3985380000 
2261.3491128663   3880755000 
2283.962603995   3744420000 
2306.8022300349   3629195000 
2329.8702523353   3532455000 
2353.1689548586   3422400000 
2376.7006444072   3311535000 
2400.4676508513   3228585000 
2424.4723273598 3129753333.3333 
2448.7170506334   3033720000 
2473.2042211397 2931166666.6667 
2497.9362633511 2843906956.5217 
2522.9156259846 2759080740.7407 
2548.1447822445   2682250000 
2573.6262300669 2604326666.6667 
2599.3624923676   2532240000 
2625.3561172913   2457070000 
2651.6096784642 2376816666.6667 
2678.1257752488   2309690000 
2704.9070330013 2246816666.6667 
2731.9561033313   2176950000 
2759.2756643647 2098256666.6667 
2786.8684210083   2037340000 
2814.7371052184 1975223333.3333 
2842.8844762706 1926913333.3333 
2871.3133210333   1864790000 
2900.0264542436   1814760000 
2929.026718786   1748420000 
2958.3169859739   1702030000 
2987.9001558336   1648880000 
3017.779157392   1598160000 
3047.9569489659   1549320000 
3078.4365184556   1501740000 
3109.2208836401   1457840000 
3140.3130924765   1400820000 
3171.7162234013   1344200000 
3203.4333856353   1318755000 
3235.4677194916   1279830000 
3267.8223966866   1243620000 
3300.5006206534   1197645000 
3333.50562686   1161230000 
3366.8406831286   1131125000 
3400.5090899598   1086865000 
3434.5141808594   1050070000 
3468.859322668   1024790000 
3503.5479158947    990010500 
3538.5833950537    959802000 
3573.9692290042    929366000 
3609.7089212942    905400400 
3645.8060105072 874819333.33333 
3682.2640706123    842183000 
3719.0867113184    794571500 
3756.2775784316    796086500 
3793.8403542159    798413000 
3831.778757758    911352500 
3870.0965453356    690443000 
3908.797510789    917765500 
3947.8854858969    765734500 
3987.3643407558    853404000 
4027.2379841634    820265000 
4067.510364005    772749500 
4108.1854676451    691772500 
4149.2673223215 763903333.33333 
4190.7599955447    738364500 
4232.6675955002    712248500 
4274.9942714552    682029500 
4317.7442141697    548870500 
4360.9216563114    622469500 
4404.5308728746    622495000 
4448.5761816033 585534666.66667 
4493.0619434193    577650500 
4537.9925628535    559615500 
4583.3724884821    542375500 
4629.2062133669 521644666.66667 
4675.4982755006    497763500 
4722.2532582556    486722000 
4769.4757908381    467635000 
4817.1705487465    419847500 
4865.342254234 398124333.33333 
4913.9956767763    410784500 
4963.1356335441 402443666.66667 
5012.7669898795    388765000 
5062.8946597783    376724000 
5113.5236063761    363597500 
5164.6588424398    351110000 
5216.3054308642    339116500 
5268.4684851729    327661000 
5321.1531700246    314525000 
5374.3647017249    304078000 
5428.1083487421 294073666.66667 
5482.3894322295 282607666.66667 
5537.2133265518 271698666.66667 
5592.5854598173    262994000 
5648.5113144155 254632333.33333 
5704.9964275597 245077666.66667 
5762.0463918353 235948666.66667 
5819.6668557536 224102333.33333 
5877.8635243112 218623666.66667 
5936.6421595543 211004666.66667 
5996.0085811498 203434666.66667 
6055.9686669613 196201666.66667 
6116.5283536309 189290666.66667 
6177.6936371672 182680666.66667 
6239.4705735389    176358000 
6301.8652792743 170303666.66667 
6364.883932067    164515000 
6428.5327713877    158020500 
6492.8180991016 147543333.33333 
6557.7462800926 136652666.66667 
6623.3237428935 141267666.66667 
6689.5569803225    136316000 
6756.4525501257    131710000 
6824.0170756269    126836000 
6892.2572463832 122171666.66667 
6961.179818847    117732000 
7030.7916170355 112755666.66667 
7101.0995332059    109429750 
7172.1105285379    105525000 
7243.8316338233    101606500 
7316.2699501615 98309633.333333 
7389.4326496631     94928175 
7463.3269761598     91234200 
7537.9602459214     87725075 
7613.3398483806     84782500 
7689.4732468644     81969100 
7766.367979333     78881250 
7844.0316591264     76031775 
7922.4719757176     73176575 
8001.6966954748     70396875 
8081.7136624296     67832150 
8162.5307990539     65391775 
8244.1561070444     63058275 
8326.5976681148     60799275 
8409.863644796     58390420 
8493.9622812439     56128350 
8578.9019040564     53851800 
8664.6909230969     51361700 
8751.3378323279     50943675 
8838.8512106512     47373875 
8927.2397227577     46993360 
9016.5121199853     45400450 
9106.6772411851     45360820 
9197.744013597     40184625 
9289.721453733     42329080 
9382.6186682703     40719000 
9476.444854953     36273620 
9571.2093035025     37428425 
9666.9213965375     36541000 
9763.5906105029     35187600 
9861.226516608     33826080 
9959.838781774 31516986.666667 
10059.437169592     29982050 
10160.031541288     30307500 
10261.631856701     29148850 
10364.248175268     28171050 
10467.89065702     27161450 
10572.56956359 25941366.666667 
10678.295259226     24828650 
10785.078211819     23655050 
10892.928993937     21336200 
11001.858283876     22174300 
11111.876866715     21595000 
11222.995635382     20690900 
11335.225591736     19839850 
11448.577847653     19188100 
11563.06362613     18411700 
11678.694262391     17671850 
11795.481205015     17107500 
11913.436017065 16347033.333333 
12032.570377236     15792100 
12152.896081008     15301400 
12274.425041818     14715600 
12397.169292236     14155700 
12521.140985159 13611066.666667 
12646.35239501     13079050 
12772.81591896     11960300 
12900.54407815 12017966.666667 
13029.549518932     11642350 
13159.845014121     11225700 
13291.443464262     10826150 
13424.357898905     10442100 
13558.601477894 10009973.333333 
13694.187492673 9596786.6666667 
13831.129367599      9268115 
13969.440661275 8954363.3333333 
14109.135067888      8594640 
14250.226418567 8252856.6666667 
14392.728682753      7927810 
14536.65596958 7617933.3333333 
14682.022529276 7325736.6666667 
14828.842754569      7047630 
14977.131182115 6776336.6666667 
15126.902493936      6528560 
15278.171518875      6284910 
15430.953234064 6049493.3333333 
15585.262766404      5823230 
15741.115394068      5606120 
15898.526548009 5393115.7142857 
16057.511813489      5142340 
16218.086931624      5015530 
16380.26780094      4747780 
16544.07047895      4713440 
16709.511183739      4376445 
16876.606295577      4342250 
17045.372358532      4196855 
17215.826082118      3904935 
17387.984342939      3825500 
17561.864186368      3727620 
17737.482828232      3607150 
17914.857656514      3445335 
18094.006233079      3179405 
18274.94629541      3167580 
18457.695758364      3069990 
18642.272715948      2860780 
18828.695443107      2846900 
19016.982397539      2732085 
19207.152221514      2618550 
19399.223743729      2426210 
19593.215981166      2428380 
19789.148140978      2335535 
19987.039622388      2246155 
20186.910018612      2160970 
20388.779118798      2077020 
20592.666909986      2002375 
20798.593579086      1928535 
21006.579514877      1853870 
21216.645310025      1790720 
21428.811763126      1718425 
21643.099880757 1602066.6666667 
21859.530879564      1577920 
22078.12618836      1522910 
22298.907450244      1470450 
22521.896524746      1420165 
22747.115489993 1360336.6666667 
22974.586644893      1303395 
23204.332511342      1260400 
23436.375836456 1208946.6666667 
23670.73959482      1159940 
23907.446990769      1122540 
24146.521460676 1077963.3333333 
24387.986675283      1035355 
24631.866542036       994272 
24878.185207456     956105.5 
25126.967059531 919237.33333333 
25378.236730126     884798.5 
25632.019097427 850575.33333333 
25888.339288402       817967 
26147.222681286 763618.33333333 
26408.694908098 754012.33333333 
26672.781857179       720481 
26939.509675751 704087.33333333 
27208.904772509       673126 
27480.993820234       635915 
27755.803758436     623734.5 
28033.361796021       602339 
28313.695413981 576830.66666667 
28596.832368121       542003 
28882.800691802       531691 
29171.62869872 510921.33333333 
29463.344985707 490821.33333333 
29757.978435564 471698.33333333 
30055.55821992       446000 
30356.113802119 430798.66666667 
30659.67494014 419664.33333333 
30966.271689541 403931.33333333 
31275.934406437 388909.66666667 
31588.693750501 374603.66666667 
31904.580688006     361377.2 
32223.626494886     345776.5 
32545.862759835       332719 
32871.321387434       313015 
33200.034601308       306112 
33532.034947321       295675 
33867.355296794     285553.5 
34206.028849762     272667.5 
34548.08913826       263451 
34893.570029642     254659.5 
35242.505729939     243469.5 
35594.930787238     232885.5 
35950.880095111       222855 
36310.388896062       215646 
36673.492785022       208735 
37040.227712872       197408 
37410.629990001     188715.5 
37784.736289901       183784 
38162.5836528     176450.5 
38544.209489328     169455.5 
38929.651584221       162374 
39318.948100064       156524 
39712.137581064       149866 
40109.258956875     140932.5 
40510.351546444     138703.5 
40915.455061908       133677 
41324.609612527       127601 
41737.855708653     123647.5 
42155.234265739     119295.5 
42576.786608396       114856 
43002.55447448       110782 
43432.580019225       105642 
43866.905819417       101692 
44305.574877612      97653.5 
44748.630626388      94310.5 
45196.116932652      91047.4 
45648.078101978 87055.233333333 
46104.558882998      81115.9 
46565.604471828      78765.1 
47031.260516546 77219.533333333 
47501.573121712      74167.3 
47976.588852929     71747.05 
48456.354741458      68861.9 
48940.918288873     66111.45 
49430.327471761        63505 
49924.630746479     61018.25 
50423.877053944 58594.933333333 
50928.115824483     55019.55 
51437.396982728 54069.166666667 
51951.770952555      52218.6 
52471.288662081      50274.1 
52996.001548702      48054.3 
53525.961564189     46294.55 
54061.221179831 44620.433333333 
54601.833391629 42694.133333333 
55147.851725545     41140.05 
55699.330242801        39738 
56256.323545229 38080.633333333 
56818.886780681 36419.766666667 
57387.075648488 35015.866666667 
57960.946404973 33590.633333333 
58540.555869022      31608.1 
59125.961427713 30729.633333333 
59717.22104199      29746.2 
60314.39325241 28621.533333333 
60917.537184934 27518.566666667 
61526.712556783 26467.833333333 
62141.979682351 25405.566666667 
62763.399479174 24320.433333333 
63391.033473966      23602.5 
64024.943808706 22554.271428571 
64665.193246793      21770.1 
65311.845179261      20986.4 
65964.963631053      19993.2 
66624.613267364      19283.8 
67290.859400038      18412.2 
67963.767994038      17736.5 
68643.405673978        17144 
69329.839730718     16561.65 
70023.138128025      15821.4 
70723.369509305     15121.85 
71430.603204399      14621.3 
72144.909236443      14143.2 
72866.358328807      13534.4 
73595.021912095      12917.4 
74330.972131216     11930.85 
75074.281852528      11823.9 
75825.024671053      11523.6 
76583.274917764     11168.15 
77349.107666942      10703.3 
78122.598743611      10283.3 
78903.824731047      9873.59 
79692.862978358      9484.31 
80489.791608141       9113.9 
81294.689524223     8739.445 
82107.636419465       8425.2 
82928.712783659     8105.575 
83757.999911496      7800.81 
84595.579910611      7440.14 
85441.535709717      7093.27 
86295.951066814     6803.295 
87158.910577482      6471.47 
88030.499683257       6352.2 
88910.80468009     6132.015 
89799.912726891      5864.31 
90697.91185416       5610.3 
91604.890972701      5417.25 
92520.939882428 5183.8533333333 
93446.149281253     4929.235 
94380.610774065     4801.355 
95324.416881806      4605.77 
96277.661050624     4417.655 
97240.43766113 4239.2966666667 
98212.842037741     4069.445 
99194.970458119     3939.945 
100186.9201627       3846.1 
199060.83304441      239.346 
399467.9878358      14.7657 
594753.39981818       2.8958 
793700.71765891      0.91163 
997811.18987739      0.37195 
1193529.3359837     0.178806 
1399507.0114645    0.0962661 
