#  WAVELENGTH	        FLUX	
#  (ANGSTROM)	(ERG/CM2/S/A)	
############	############	
233.93456330034   3.0285E-23 
238.63664802268    2.895E-22 
245.86757709442  2.37525E-21 
250.80951539401  1.43387E-20 
255.85078665343  5.17882E-20 
258.40929451997  1.28133E-19 
263.60332133982  3.85077E-19 
266.23935455322  1.27397E-18 
271.59076557974  4.58958E-18 
277.04973996789   1.5793E-17 
282.61843974125  5.83666E-17 
288.29907038004  2.28999E-16 
294.09388169468  8.47444E-16 
300.00516871675  2.42352E-15 
306.03527260795  9.94247E-15 
315.30844740325  6.68007E-14 
324.86260866801  3.98253E-13 
334.70627057326  2.12724E-12 
344.8482052779  1.02896E-11 
355.29745074603  3.92902E-11 
362.43892950602  1.40282E-10 
373.42119150899  4.69865E-10 
384.7362270329   1.68135E-9 
392.46942519626   5.62372E-9 
404.36164124913   1.76839E-8 
412.48931023824     4.722E-8 
420.78034537403   1.08948E-7 
429.23803031605   2.43377E-7 
437.8657147254   6.99527E-7 
446.66681559138   1.74334E-6 
455.64481858477   3.82838E-6 
469.4513122327   8.84319E-6 
478.88728360858     1.969E-5 
488.51291800911   4.23835E-5 
498.3320276611   8.82919E-5 
503.31534793771  0.000174228 
508.34850141708  0.000292165 
518.56630629557  0.000496951 
528.98948905211  0.000949925 
539.62217778206   0.00174451 
545.01839955988   0.00316716 
555.97326939103   0.00558825 
567.14833210579    0.0096526 
578.54801358112     0.016207 
584.33349371693    0.0271406 
596.07859694064    0.0442772 
608.05977673914    0.0709986 
614.14037450653        0.112 
626.48459603412     0.173947 
639.0769364144     0.266231 
645.46770577855     0.401785 
651.92238283633     0.553039 
658.44160666469     0.726454 
671.67628295866      1.06125 
678.39304578824      1.53221 
692.02874600859      2.18703 
698.94903346867      3.08744 
712.99790904139      4.45752 
720.12788813181      6.15927 
734.60245868325      8.17303 
741.94848327009      11.0944 
749.36796810279      14.9271 
764.43026426165      19.9133 
772.07456690427      26.3506 
779.79531257331      34.6038 
787.59326569905      45.0987 
803.4238903396      58.3561 
811.45812924299      74.9802 
819.57271053542      95.7012 
827.76843764078      121.363 
844.40658323736      152.961 
852.85064906973      191.621 
861.37915556043      238.668 
869.99294711603      295.603 
878.69287658719      364.173 
887.47980535306      446.403 
896.3546034066      544.426 
914.37133093507      1057.94 
923.51504424442      2966.25 
932.75019468686      4663.54 
942.07769663373      8481.88 
951.49847360007      13646.6 
961.01345833607      18978.8 
970.62359291943      12823.8 
980.32982884862      41314.1 
990.13312713711      79571.8 
1000.0344584085      80345.9 
1010.0348029926        46931 
1020.1351510225      21627.2 
1030.3365025327      54830.8 
1040.639867558       133112 
1051.0462662336       582041 
1061.556728896      3798760 
1072.1722961849     12134200 
1082.8940191468     22497100 
1093.7229593382     28198900 
1104.6601889316     44765500 
1115.7067908209     47233200 
1126.8638587291     49112600 
1138.1324973164     36057200 
1149.5138222896     20921400 
1161.0089605125      9124960 
1172.6190501176      2227130 
1184.3452406188     514678.5 
1196.188693025       205963 
1208.1505799552       103960 
1220.2320857548       224930 
1232.4344066123       397942 
1244.7587506785    1240351.5 
1257.2063381852      6433880 
1269.7784015671     18104400 
1282.4761855828     49261000 
1295.3009474386     68752900 
1308.253956913     83564700 
1321.3364964821     97734700 
1334.5498614469    115041000 
1347.8953600614    120400000 
1361.374313662    123208000 
1374.9880567986    107065050 
1388.7379373666     92140900 
1402.6253167403    141101000 
1416.6515699077    166777000 
1430.8180856068 166654294.11765 
1445.1262664628 171528692.30769 
1459.5775291275    167348000 
1474.1733044187    168156000 
1488.9150374629    167833000 
1503.8041878376 168540045.45455 
1518.8422297159    164421000 
1534.0306520131    161897000 
1549.3709585332    154190000 
1564.8646681186    143698000 
1580.5133147997    147281500 
1596.3184479477    142757000 
1612.2816324272    146183500 
1628.4044487515    150327000 
1644.688493239    149072000 
1661.1353781714 153396909.09091 
1677.7467319531    155563000 
1694.5241992726    149677500 
1711.4694412654    150404500 
1728.584135678    149875000 
1745.8699770348    149309000 
1763.3286768051    145839500 
1780.9619635732    145802500 
1798.7715832089    143077500 
1816.759299041    140552000 
1834.9268920314    138538500 
1853.2761609517    137495500 
1871.8089225613    136542500 
1890.5270117869    134917000 
1909.4322819047    133277000 
1928.5266047238    131058000 
1947.811870771 130524454.54545 
1967.2899894787 128043470.58824 
1986.9628893735    126021000 
2006.8325182673    122707500 
2026.9008434499    122776500 
2047.1698518844    119434500 
2067.6415504033    120215600 
2088.3179659073    118364000 
2109.2011455664    116535500 
2130.293157022    114939000 
2151.5960885923    112784000 
2173.1120494782    111217500 
2194.843169973    109618000 
2216.7916016727    107826000 
2238.9595176894    106095500 
2261.3491128663    104548500 
2283.962603995 104024333.33333 
2306.8022300349    102344000 
2329.8702523353     98645850 
2353.1689548586 97802766.666667 
2376.7006444072     94929850 
2400.4676508513     95254600 
2424.4723273598     95240100 
2448.7170506334     93847000 
2473.2042211397     91978100 
2497.9362633511 91834586.956522 
2522.9156259846 88521166.666667 
2548.1447822445     89677650 
2573.6262300669 89486266.666667 
2599.3624923676     87232300 
2625.3561172913     88037350 
2651.6096784642     87716100 
2678.1257752488     87005800 
2704.9070330013 85260366.666667 
2731.9561033313     82795400 
2759.2756643647 83281733.333333 
2786.8684210083     80012550 
2814.7371052184 82287033.333333 
2842.8844762706 80483066.666667 
2871.3133210333 80078066.666667 
2900.0264542436     79909700 
2929.026718786     78214350 
2958.3169859739     77666000 
2987.9001558336     76823600 
3017.779157392     76151200 
3047.9569489659     75199800 
3078.4365184556     74378500 
3109.2208836401     73461600 
3140.3130924765     72344750 
3171.7162234013     71158100 
3203.4333856353     70582850 
3235.4677194916     69924800 
3267.8223966866     69244100 
3300.5006206534     68216450 
3333.50562686     67292900 
3366.8406831286     66585750 
3400.5090899598     65717050 
3434.5141808594     65005500 
3468.859322668     64287050 
3503.5479158947     63377050 
3538.5833950537     62446900 
3573.9692290042     61756000 
3609.7089212942     60995140 
3645.8060105072 60690466.666667 
3682.2640706123     58911000 
3719.0867113184     59006350 
3756.2775784316     70588800 
3793.8403542159     81914100 
3831.778757758    110622500 
3870.0965453356     63253500 
3908.797510789    129871500 
3947.8854858969     90653450 
3987.3643407558    126017000 
4027.2379841634    141970500 
4067.510364005    108115950 
4108.1854676451     92288300 
4149.2673223215    132409000 
4190.7599955447    130557500 
4232.6675955002    126083000 
4274.9942714552    113980000 
4317.7442141697     67211200 
4360.9216563114    106360500 
4404.5308728746    113560500 
4448.5761816033 111226333.33333 
4493.0619434193    108162500 
4537.9925628535    105555500 
4583.3724884821    103036000 
4629.2062133669 99665033.333333 
4675.4982755006     96352850 
4722.2532582556     93753350 
4769.4757908381     88821100 
4817.1705487465     67053800 
4865.342254234     66002100 
4913.9956767763     81806450 
4963.1356335441 80700333.333333 
5012.7669898795     78663400 
5062.8946597783     76609400 
5113.5236063761     74426050 
5164.6588424398 72276866.666667 
5216.3054308642     70285600 
5268.4684851729     68332100 
5321.1531700246 66079566.666667 
5374.3647017249     64266850 
5428.1083487421     62525000 
5482.3894322295 60509233.333333 
5537.2133265518 58575566.666667 
5592.5854598173     57022600 
5648.5113144155     55525200 
5704.9964275597     53792300 
5762.0463918353     52127000 
5819.6668557536 50514533.333333 
5877.8635243112 48983366.666667 
5936.6421595543     47509800 
5996.0085811498     46088200 
6055.9686669613     44721700 
6116.5283536309 43403766.666667 
6177.6936371672     42137900 
6239.4705735389     40916100 
6301.8652792743     39735100 
6364.883932067 38506933.333333 
6428.5327713877     36942375 
6492.8180991016 31901433.333333 
6557.7462800926     28760800 
6623.3237428935 33619233.333333 
6689.5569803225     32946825 
6756.4525501257     32011700 
6824.0170756269     31009525 
6892.2572463832 30045466.666667 
6961.179818847     29120875 
7030.7916170355 28229933.333333 
7101.0995332059     27373675 
7172.1105285379     26550200 
7243.8316338233     25758500 
7316.2699501615 24995133.333333 
7389.4326496631     24261175 
7463.3269761598     23454150 
7537.9602459214     22682175 
7613.3398483806 22031766.666667 
7689.4732468644     21405450 
7766.367979333     20706125 
7844.0316591264     20053850 
7922.4719757176     19419850 
8001.6966954748     18811325 
8081.7136624296     18225500 
8162.5307990539     17690750 
8244.1561070444     17210225 
8326.5976681148     16723150 
8409.863644796     16143580 
8493.9622812439     15476700 
8578.9019040564     14933825 
8664.6909230969     14063500 
8751.3378323279     14691350 
8838.8512106512     13169200 
8927.2397227577     13704720 
9016.5121199853     13372075 
9106.6772411851     13975380 
9197.744013597     11326680 
9289.721453733     13341640 
9382.6186682703     12961200 
9476.444854953     10604010 
9571.2093035025     11785125 
9666.9213965375     11846920 
9763.5906105029     11472220 
9861.226516608     11014600 
9959.838781774 9790716.6666667 
10059.437169592      9275950 
10160.031541288      9990745 
10261.631856701      9722330 
10364.248175268      9415975 
10467.89065702      9108460 
10572.56956359 8733566.6666667 
10678.295259226      8350085 
10785.078211819      7866855 
10892.928993937      6577835 
11001.858283876      7470320 
11111.876866715      7364030 
11222.995635382      7108190 
11335.225591736      6840680 
11448.577847653      6635200 
11563.06362613      6387820 
11678.694262391      6150245 
11795.481205015      5971075 
11913.436017065 5755716.6666667 
12032.570377236      5548560 
12152.896081008      5389895 
12274.425041818      5199470 
12397.169292236      5016755 
12521.140985159 4828456.6666667 
12646.35239501      4595785 
12772.81591896 3997423.3333333 
12900.54407815 4284513.3333333 
13029.549518932      4182180 
13159.845014121 4048476.6666667 
13291.443464262      3914765 
13424.357898905 3786756.6666667 
13558.601477894      3639840 
13694.187492673      3499780 
13831.129367599      3388210 
13969.440661275      3281180 
14109.135067888 3158173.3333333 
14250.226418567 3040776.6666667 
14392.728682753 2928393.3333333 
14536.65596958      2824286 
14682.022529276 2725416.6666667 
14828.842754569 2629976.6666667 
14977.131182115 2538386.6666667 
15126.902493936      2449880 
15278.171518875 2362946.6666667 
15430.953234064 2276776.6666667 
15585.262766404 2192103.3333333 
15741.115394068 2111013.3333333 
15898.526548009 2042748.5714286 
16057.511813489      1920760 
16218.086931624      1912535 
16380.26780094      1762230 
16544.07047895      1833015 
16709.511183739      1636250 
16876.606295577      1696780 
17045.372358532      1659120 
17215.826082118      1479195 
17387.984342939      1490975 
17561.864186368      1479840 
17737.482828232      1435345 
17914.857656514      1361360 
18094.006233079      1205980 
18274.94629541      1260055 
18457.695758364      1223350 
18642.272715948      1103985 
18828.695443107      1125650 
19016.982397539      1100985 
19207.152221514      1040625 
19399.223743729     938942.5 
19593.215981166     979105.5 
19789.148140978     947957.5 
19987.039622388       913030 
20186.910018612       879663 
20388.779118798       847813 
20592.666909986     817391.5 
20798.593579086     788323.5 
21006.579514877       760509 
21216.645310025     732553.5 
21428.811763126     695434.5 
21643.099880757 639466.33333333 
21859.530879564     648203.5 
22078.12618836       627821 
22298.907450244       606925 
22521.896524746     586873.5 
22747.115489993       563147 
22974.586644893     540650.5 
23204.332511342     523454.5 
23436.375836456 502930.66666667 
23670.73959482     483331.5 
23907.446990769     468335.5 
24146.521460676       450383 
24387.986675283     433174.5 
24631.866542036 416764.66666667 
24878.185207456       400839 
25126.967059531 385628.33333333 
25378.236730126       371891 
25632.019097427 357187.66666667 
25888.339288402     342641.5 
26147.222681286 313197.66666667 
26408.694908098       317470 
26672.781857179     300620.5 
26939.509675751 299187.66666667 
27208.904772509 285735.66666667 
27480.993820234       265951 
27755.803758436     266492.5 
28033.361796021 258196.66666667 
28313.695413981       246571 
28596.832368121 226715.33333333 
28882.800691802 228183.66666667 
29171.62869872 220505.66666667 
29463.344985707       212066 
29757.978435564 203654.33333333 
30055.55821992 189495.33333333 
30356.113802119 183593.33333333 
30659.67494014 181836.33333333 
30966.271689541 175434.66666667 
31275.934406437 169085.66666667 
31588.693750501 163021.33333333 
31904.580688006     157410.6 
32223.626494886       150699 
32545.862759835       144264 
32871.321387434       133725 
33200.034601308       133471 
33532.034947321       129254 
33867.355296794       124988 
34206.028849762       119521 
34548.08913826       115598 
34893.570029642       111846 
35242.505729939       107064 
35594.930787238     102528.5 
35950.880095111     98222.35 
36310.388896062      95103.8 
36673.492785022      92073.3 
37040.227712872      86457.9 
37410.629990001      82604.2 
37784.736289901      81310.3 
38162.5836528     78183.15 
38544.209489328      75152.6 
38929.651584221      72003.4 
39318.948100064      69585.3 
39712.137581064      66520.8 
40109.258956875        62050 
40510.351546444      61606.9 
40915.455061908        59710 
41324.609612527     56619.15 
41737.855708653     55219.85 
42155.234265739     53582.05 
42576.786608396     51695.75 
43002.55447448     49788.35 
43432.580019225     47036.55 
43866.905819417 45571.833333333 
44305.574877612      44059.6 
44748.630626388     42508.75 
45196.116932652     41064.65 
45648.078101978      39278.2 
46104.558882998      36332.3 
46565.604471828      35170.9 
47031.260516546 34920.733333333 
47501.573121712      33610.6 
47976.588852929      32549.2 
48456.354741458 31273.066666667 
48940.918288873      30051.1 
49430.327471761 28889.833333333 
49924.630746479     27774.45 
50423.877053944 26663.833333333 
50928.115824483     24812.65 
51437.396982728 24594.766666667 
51951.770952555      23843.1 
52471.288662081 22973.233333333 
52996.001548702 21991.666666667 
53525.961564189      21178.3 
54061.221179831      20464.9 
54601.833391629 19581.866666667 
55147.851725545     18872.05 
55699.330242801 18284.433333333 
56256.323545229 17530.866666667 
56818.886780681 16736.766666667 
57387.075648488      16139.9 
57960.946404973 15488.533333333 
58540.555869022      14495.9 
59125.961427713 14110.533333333 
59717.22104199      13734.4 
60314.39325241 13236.266666667 
60917.537184934      12739.1 
61526.712556783 12259.366666667 
62141.979682351 11757.166666667 
62763.399479174 11232.133333333 
63391.033473966      10951.7 
64024.943808706 10498.214285714 
64665.193246793      10143.6 
65311.845179261       9784.9 
65964.963631053     9324.535 
66624.613267364      8977.26 
67290.859400038      8540.86 
67963.767994038     8270.495 
68643.405673978      8021.25 
69329.839730718      7753.05 
70023.138128025     7412.205 
70723.369509305     7089.825 
71430.603204399      6858.95 
72144.909236443     6634.315 
72866.358328807      6350.07 
73595.021912095     6053.125 
74330.972131216      5581.73 
75074.281852528     5541.195 
75825.024671053      5411.31 
76583.274917764      5250.91 
77349.107666942      5034.73 
78122.598743611     4845.175 
78903.824731047      4662.43 
79692.862978358      4481.45 
80489.791608141      4304.54 
81294.689524223     4124.755 
82107.636419465      3986.09 
82928.712783659     3839.715 
83757.999911496      3697.55 
84595.579910611 3529.2966666667 
85441.535709717      3361.38 
86295.951066814      3218.98 
87158.910577482     3059.365 
88030.499683257     3014.925 
88910.80468009      2917.54 
89799.912726891 2792.1933333333 
90697.91185416     2673.025 
91604.890972701     2582.405 
92520.939882428 2468.4933333333 
93446.149281253     2341.535 
94380.610774065     2288.205 
95324.416881806      2200.98 
96277.661050624      2112.39 
97240.43766113 2028.4566666667 
98212.842037741      1948.36 
99194.970458119     1887.245 
100186.9201627      1842.89 
199060.83304441      118.378 
399467.9878358      7.40958 
594753.39981818      1.45857 
793700.71765891     0.459816 
997811.18987739     0.187717 
1193529.3359837    0.0902636 
1399507.0114645    0.0485982 
