#  WAVELENGTH	        FLUX	
#  (ANGSTROM)	(ERG/CM2/S/A)	
############	############	
        90.9   1.24511E-8 
    92.72709   4.70575E-8 
95.53681355409   1.66622E-7 
97.457103506527   3.52082E-7 
99.415991287008   8.31984E-7 
101.41425271188   2.36481E-6 
103.45267919139   5.03325E-6 
105.53207804313   1.04637E-5 
107.6532728118   2.38875E-5 
109.81710359532   6.61558E-5 
113.14467165136   0.00024004 
117.73879903054  0.000864748 
120.10534889105   0.00263312 
123.7446610678   0.00755612 
126.23192875526    0.0146549 
127.49424804281    0.0210974 
130.05688242847    0.0374468 
131.35745125276    0.0619884 
132.67102576529    0.0913836 
135.33771338317     0.180021 
139.43858143639     0.388951 
142.24129692326     0.868676 
146.55135046134      2.03371 
150.99200293167      4.46721 
154.02694219059      10.1889 
158.69411256591      19.9395 
161.88386422848      35.3174 
165.13772989948      69.9212 
170.14156825316      140.432 
171.84298393569      227.072 
175.2970279128      376.992 
178.82049817385      613.519 
180.60870315558      755.837 
186.0813274699      1367.11 
189.82156215205      2556.18 
193.6369755513      3644.13 
197.52907875988      6181.75 
201.49941324296      9063.93 
203.51440737539      12833.5 
209.68109743327      22722.7 
216.03464436659      39739.9 
218.19499081026      55655.6 
222.58071012555      74340.7 
224.8065172268       103626 
229.32512822306      4130300 
233.93456330034     16295700 
238.63664802268     42040800 
245.86757709442    321578000 
250.80951539401   1143630000 
255.85078665343    763559000 
258.40929451997   3992340000 
263.60332133982   8148000000 
266.23935455322  12237000000 
271.59076557974  16113300000 
277.04973996789  16988300000 
282.61843974125  22959000000 
288.29907038004  25087300000 
294.09388169468  16655700000 
300.00516871675   2252580000 
306.03527260795   8623200000 
315.30844740325  23659800000 
324.86260866801  27853100000 
334.70627057326  27819200000 
344.8482052779  29313100000 
355.29745074603  33212800000 
362.43892950602  36183800000 
373.42119150899  36426000000 
384.7362270329  33536600000 
392.46942519626  36848400000 
404.36164124913  38197800000 
412.48931023824  38313500000 
420.78034537403  37109500000 
429.23803031605  36269200000 
437.8657147254  37938100000 
446.66681559138  37974700000 
455.64481858477  36953600000 
469.4513122327  37149400000 
478.88728360858  37903700000 
488.51291800911  36739600000 
498.3320276611  38364700000 
503.31534793771  56195500000 
508.34850141708  90727700000 
518.56630629557  88607000000 
528.98948905211  86864000000 
539.62217778206  80351000000 
545.01839955988  80502100000 
555.97326939103  86941000000 
567.14833210579  86780000000 
578.54801358112  83534800000 
584.33349371693  84708500000 
596.07859694064  81710800000 
608.05977673914  79722900000 
614.14037450653  83216700000 
626.48459603412  81695200000 
639.0769364144  81915900000 
645.46770577855  80035300000 
651.92238283633  77493700000 
658.44160666469  78811500000 
671.67628295866  79417400000 
678.39304578824  75907200000 
692.02874600859  77387200000 
698.94903346867  74009800000 
712.99790904139  76094800000 
720.12788813181  75499700000 
734.60245868325  74896300000 
741.94848327009  73231800000 
749.36796810279  72256300000 
764.43026426165  70650000000 
772.07456690427  70557100000 
779.79531257331  69620800000 
787.59326569905  69012800000 
803.4238903396  68297200000 
811.45812924299  67709000000 
819.57271053542  67311800000 
827.76843764078  63931600000 
844.40658323736  65408400000 
852.85064906973  64366600000 
861.37915556043  64165800000 
869.99294711603  63455600000 
878.69287658719  62611700000 
887.47980535306  61756300000 
896.3546034066  60481900000 
914.37133093507  50833700000 
923.51504424442  91141700000 
932.75019468686 118868000000 
942.07769663373 147929000000 
951.49847360007 157326000000 
961.01345833607 175633000000 
970.62359291943 135847000000 
980.32982884862 166977000000 
990.13312713711 154478000000 
1000.0344584085 160222000000 
1010.0348029926 156865000000 
1020.1351510225 124204000000 
1030.3365025327 149222000000 
1040.639867558 147725000000 
1051.0462662336 144265000000 
1061.556728896 138934000000 
1072.1722961849 135866000000 
1082.8940191468 127565000000 
1093.7229593382 130851000000 
1104.6601889316 125449500000 
1115.7067908209 119330000000 
1126.8638587291 118866000000 
1138.1324973164 116097000000 
1149.5138222896 112568000000 
1161.0089605125 110027000000 
1172.6190501176 101139000000 
1184.3452406188 103553000000 
1196.188693025  99761600000 
1208.1505799552  80214000000 
1220.2320857548  95305800000 
1232.4344066123  93454900000 
1244.7587506785  90568350000 
1257.2063381852  88196500000 
1269.7784015671  86297100000 
1282.4761855828  83458300000 
1295.3009474386  80682800000 
1308.253956913  79068200000 
1321.3364964821  77256800000 
1334.5498614469  74941500000 
1347.8953600614  72449900000 
1361.374313662  70761200000 
1374.9880567986  68431650000 
1388.7379373666  65762500000 
1402.6253167403  63945550000 
1416.6515699077  62189500000 
1430.8180856068 60767364705.882 
1445.1262664628 58936553846.154 
1459.5775291275  57433900000 
1474.1733044187  55871400000 
1488.9150374629  54201300000 
1503.8041878376 52718468181.818 
1518.8422297159  51083700000 
1534.0306520131  48593650000 
1549.3709585332  46844700000 
1564.8646681186  46455100000 
1580.5133147997  44898100000 
1596.3184479477  43260700000 
1612.2816324272  42004800000 
1628.4044487515  40144600000 
1644.688493239  38816850000 
1661.1353781714 38562190909.091 
1677.7467319531  37656600000 
1694.5241992726  36634650000 
1711.4694412654  35030900000 
1728.584135678  34147550000 
1745.8699770348  33163000000 
1763.3286768051  32385100000 
1780.9619635732  31263000000 
1798.7715832089  30193350000 
1816.759299041  29404300000 
1834.9268920314  28673800000 
1853.2761609517  27686350000 
1871.8089225613  26758750000 
1890.5270117869  25903500000 
1909.4322819047  25018350000 
1928.5266047238  24239200000 
1947.811870771 23388190909.091 
1967.2899894787 22708194117.647 
1986.9628893735 21983728571.429 
2006.8325182673  21280650000 
2026.9008434499  20609250000 
2047.1698518844  15503450000 
2067.6415504033  15972235000 
2088.3179659073  18488900000 
2109.2011455664  18267100000 
2130.293157022  17706300000 
2151.5960885923  17256500000 
2173.1120494782  16803250000 
2194.843169973 16260433333.333 
2216.7916016727  15825250000 
2238.9595176894  15133900000 
2261.3491128663  14917100000 
2283.962603995 14210866666.667 
2306.8022300349  13861750000 
2329.8702523353  13473100000 
2353.1689548586 13000133333.333 
2376.7006444072  12364150000 
2400.4676508513  12196800000 
2424.4723273598  11780500000 
2448.7170506334  11377950000 
2473.2042211397 10921266666.667 
2497.9362633511  10383540000 
2522.9156259846 10259051851.852 
2548.1447822445   9936975000 
2573.6262300669 9612256666.6667 
2599.3624923676 9246576666.6667 
2625.3561172913   8948985000 
2651.6096784642 8660453333.3333 
2678.1257752488   8386690000 
2704.9070330013 8124273333.3333 
2731.9561033313 7758656666.6667 
2759.2756643647 7533706666.6667 
2786.8684210083   7306255000 
2814.7371052184 7079946666.6667 
2842.8844762706   6831160000 
2871.3133210333 6587676666.6667 
2900.0264542436   6392500000 
2929.026718786   6164230000 
2958.3169859739   5953610000 
2987.9001558336   5748025000 
3017.779157392   5549880000 
3047.9569489659   5362855000 
3078.4365184556   5182930000 
3109.2208836401   5010535000 
3140.3130924765   4791660000 
3171.7162234013   4621330000 
3203.4333856353   4454315000 
3235.4677194916   4339590000 
3267.8223966866   4200030000 
3300.5006206534   4025265000 
3333.50562686   3896700000 
3366.8406831286   3778090000 
3400.5090899598   3624990000 
3434.5141808594   3512340000 
3468.859322668   3407910000 
3503.5479158947   3270225000 
3538.5833950537   3141840000 
3573.9692290042   3044990000 
3609.7089212942   2937046000 
3645.8060105072   2609350000 
3682.2640706123   2534755000 
3719.0867113184   2501335000 
3756.2775784316   2497810000 
3793.8403542159   2441455000 
3831.778757758   2458485000 
3870.0965453356   2224920000 
3908.797510789   2345400000 
3947.8854858969   2176430000 
3987.3643407558   2189560000 
4027.2379841634   2097335000 
4067.510364005   2021715000 
4108.1854676451   1900020000 
4149.2673223215 1885586666.6667 
4190.7599955447   1797635000 
4232.6675955002   1746975000 
4274.9942714552   1687015000 
4317.7442141697   1555720000 
4360.9216563114   1571120000 
4404.5308728746   1524620000 
4448.5761816033 1457376666.6667 
4493.0619434193   1403260000 
4537.9925628535   1349180000 
4583.3724884821   1315790000 
4629.2062133669 1263233333.3333 
4675.4982755006   1194915000 
4722.2532582556   1177405000 
4769.4757908381 1132466666.6667 
4817.1705487465   1076135000 
4865.342254234   1024148000 
4913.9956767763   1006190000 
4963.1356335441 971407666.66667 
5012.7669898795    936520500 
5062.8946597783    903212000 
5113.5236063761    870792500 
5164.6588424398 839903666.66667 
5216.3054308642    810273000 
5268.4684851729 782023666.66667 
5321.1531700246    749689000 
5374.3647017249    718542500 
5428.1083487421 699402666.66667 
5482.3894322295 671246333.33333 
5537.2133265518    644478000 
5592.5854598173    623183000 
5648.5113144155    600964000 
5704.9964275597 550860666.66667 
5762.0463918353 530675666.66667 
5819.6668557536 512499333.33333 
5877.8635243112    501039000 
5936.6421595543 490441666.66667 
5996.0085811498 477560666.66667 
6055.9686669613    461057000 
6116.5283536309 444086666.66667 
6177.6936371672 428093666.66667 
6239.4705735389    413084000 
6301.8652792743 398006333.33333 
6364.883932067 383873333.33333 
6428.5327713877    368965750 
6492.8180991016 351593666.66667 
6557.7462800926 334184666.66667 
6623.3237428935 330043666.66667 
6689.5569803225    316699250 
6756.4525501257 305373666.66667 
6824.0170756269    293011500 
6892.2572463832 282539666.66667 
6961.179818847    271950000 
7030.7916170355    261313000 
7101.0995332059    251752500 
7172.1105285379 242653666.66667 
7243.8316338233    234019500 
7316.2699501615 225767666.66667 
7389.4326496631    217750750 
7463.3269761598    209010500 
7537.9602459214    200125250 
7613.3398483806    193762000 
7689.4732468644    187132500 
7766.367979333    179888750 
7844.0316591264    173029750 
7922.4719757176    166459250 
8001.6966954748    160196500 
8081.7136624296    154225250 
8162.5307990539    146115250 
8244.1561070444    139062250 
8326.5976681148    134158500 
8409.863644796    129035800 
8493.9622812439    124411500 
8578.9019040564    120483000 
8664.6909230969    116099000 
8751.3378323279    113255750 
8838.8512106512    108288750 
8927.2397227577    104994420 
9016.5121199853    101295000 
9106.6772411851     98419860 
9197.744013597     92408475 
9289.721453733     91006220 
9382.6186682703     87672280 
9476.444854953     82330200 
9571.2093035025     81071675 
9666.9213965375     78281740 
9763.5906105029     75204920 
9861.226516608     72360240 
9959.838781774 69217986.666667 
10059.437169592     65899650 
10160.031541288     64701050 
10261.631856701     62259700 
10364.248175268     59920600 
10467.89065702     57820350 
10572.56956359     55220600 
10678.295259226     52771100 
10785.078211819     50781550 
10892.928993937     47948200 
11001.858283876     47383400 
11111.876866715     45790450 
11222.995635382 43856033.333333 
11335.225591736     42011000 
11448.577847653     40607050 
11563.06362613 38787033.333333 
11678.694262391     37344700 
11795.481205015     36130850 
11913.436017065 34650133.333333 
12032.570377236     33307400 
12152.896081008     32256150 
12274.425041818 31000133.333333 
12397.169292236     29800850 
12521.140985159 28658333.333333 
12646.35239501     27575200 
12772.81591896 26111566.666667 
12900.54407815 25349733.333333 
13029.549518932     24430650 
13159.845014121 23542233.333333 
13291.443464262     22691350 
13424.357898905     21878600 
13558.601477894     20953000 
13694.187492673 20074266.666667 
13831.129367599     19376300 
13969.440661275 18709866.666667 
14109.135067888 17946566.666667 
14250.226418567     17221700 
14392.728682753     16533100 
14536.65596958     15879230 
14682.022529276     15226100 
14828.842754569 14667233.333333 
14977.131182115 14101666.666667 
15126.902493936 13567033.333333 
15278.171518875 13053666.666667 
15430.953234064 12563733.333333 
15585.262766404 12094566.666667 
15741.115394068 11646933.333333 
15898.526548009 11189957.142857 
16057.511813489     10729200 
16218.086931624     10388900 
16380.26780094      9955000 
16544.07047895      9687925 
16709.511183739      9169980 
16876.606295577      8923950 
17045.372358532      8612200 
17215.826082118      8166920 
17387.984342939      7863510 
17561.864186368      7610740 
17737.482828232      7361945 
17914.857656514      7045005 
18094.006233079      6672990 
18274.94629541      6460860 
18457.695758364      6257120 
18642.272715948      5965705 
18828.695443107      5813005 
19016.982397539      5573740 
19207.152221514      5350685 
19399.223743729      5079950 
19593.215981166      4937015 
19789.148140978      4744185 
19987.039622388      4560695 
20186.910018612      4385975 
20388.779118798      4218335 
20592.666909986      4060945 
20798.593579086      3909685 
21006.579514877      3763445 
21216.645310025      3627775 
21428.811763126      3495025 
21643.099880757 3312006.6666667 
21859.530879564      3192835 
22078.12618836      3080715 
22298.907450244      2973460 
22521.896524746      2870790 
22747.115489993      2750900 
22974.586644893      2635770 
23204.332511342      2547520 
23436.375836456 2442416.6666667 
23670.73959482      2342295 
23907.446990769      2266045 
24146.521460676      2175130 
24387.986675283      2088475 
24631.866542036 2005933.3333333 
24878.185207456      1927945 
25126.967059531 1853346.6666667 
25378.236730126      1782575 
25632.019097427      1714140 
25888.339288402      1649660 
26147.222681286      1572030 
26408.694908098 1518863.3333333 
26672.781857179      1458865 
26939.509675751 1411103.3333333 
27208.904772509 1350666.6666667 
27480.993820234      1288550 
27755.803758436      1248175 
28033.361796021 1204886.6666667 
28313.695413981 1155233.3333333 
28596.832368121 1102223.3333333 
28882.800691802      1063490 
29171.62869872      1021030 
29463.344985707       980642 
29757.978435564 942235.66666667 
30055.55821992 901801.66666667 
30356.113802119 868704.66666667 
30659.67494014       837758 
30966.271689541       806181 
31275.934406437 776093.66666667 
31588.693750501 747369.66666667 
31904.580688006     720846.2 
32223.626494886       689584 
32545.862759835       664718 
32871.321387434     636484.5 
33200.034601308       611436 
33532.034947321       590064 
33867.355296794       569676 
34206.028849762     543784.5 
34548.08913826       525287 
34893.570029642     507676.5 
35242.505729939       485235 
35594.930787238     464030.5 
35950.880095111       443970 
36310.388896062       429597 
36673.492785022     415867.5 
37040.227712872       397000 
37410.629990001       379815 
37784.736289901       366012 
38162.5836528       351067 
38544.209489328     336870.5 
38929.651584221     323300.5 
39318.948100064     310592.5 
39712.137581064       298289 
40109.258956875       284445 
40510.351546444       275774 
40915.455061908     265229.5 
41324.609612527       254713 
41737.855708653       245685 
42155.234265739       236566 
42576.786608396       227846 
43002.55447448       219598 
43432.580019225     211100.5 
43866.905819417 202174.66666667 
44305.574877612     193413.5 
44748.630626388       186673 
45196.116932652     180200.5 
45648.078101978 172506.66666667 
46104.558882998       163667 
46565.604471828       158665 
47031.260516546 153022.66666667 
47501.573121712     146723.5 
47976.588852929     141923.5 
48456.354741458 136205.66666667 
48940.918288873       130754 
49430.327471761       125589 
49924.630746479       120659 
50423.877053944 115984.33333333 
50928.115824483     110738.5 
51437.396982728 107255.66666667 
51951.770952555     103226.5 
52471.288662081 99374.933333333 
52996.001548702 94980.166666667 
53525.961564189     91495.75 
54061.221179831      88180.9 
54601.833391629 84391.366666667 
55147.851725545     81382.45 
55699.330242801 78517.233333333 
56256.323545229 75236.433333333 
56818.886780681      72109.2 
57387.075648488      69172.2 
57960.946404973 66373.066666667 
58540.555869022      63311.4 
59125.961427713 61099.066666667 
59717.22104199      58778.9 
60314.39325241      56488.9 
60917.537184934      54308.7 
61526.712556783 52233.033333333 
62141.979682351 50251.133333333 
62763.399479174 48268.666666667 
63391.033473966      46570.7 
64024.943808706 44499.357142857 
64665.193246793      42950.1 
65311.845179261     41402.85 
65964.963631053     39440.85 
66624.613267364      38042.2 
67290.859400038     36612.15 
67963.767994038        35021 
68643.405673978      33814.8 
69329.839730718     32664.45 
70023.138128025     31202.55 
70723.369509305      29821.2 
71430.603204399      28833.3 
72144.909236443      27889.6 
72866.358328807      26687.7 
73595.021912095     25543.15 
74330.972131216     24057.45 
75074.281852528        23436 
75825.024671053      22717.6 
76583.274917764        22016 
77349.107666942     21119.85 
78122.598743611        20269 
78903.824731047      19460.4 
79692.862978358     18691.65 
80489.791608141     17960.65 
81294.689524223      17258.8 
82107.636419465      16601.8 
82928.712783659     15970.55 
83757.999911496     15369.35 
84595.579910611 14657.933333333 
85441.535709717      13984.5 
86295.951066814     13459.55 
87158.910577482     12906.85 
88030.499683257     12521.95 
88910.80468009     12077.25 
89799.912726891 11549.566666667 
90697.91185416      11048.5 
91604.890972701        10668 
92520.939882428 10215.433333333 
93446.149281253      9760.03 
94380.610774065      9457.72 
95324.416881806 9068.2633333333 
96277.661050624     8697.205 
97240.43766113 8345.9733333333 
98212.842037741      8011.13 
99194.970458119     7755.735 
100186.9201627       7570.6 
199060.83304441      468.315 
399467.9878358      28.5397 
594753.39981818      5.55009 
793700.71765891      1.73667 
997811.18987739     0.705427 
1193529.3359837     0.337959 
1399507.0114645     0.181459 
