#  WAVELENGTH	        FLUX	
#  (ANGSTROM)	(ERG/CM2/S/A)	
############	############	
101.41425271188   8.1748E-23 
103.45267919139  4.72029E-22 
105.53207804313   1.7316E-21 
107.6532728118  7.18366E-21 
109.81710359532  4.07079E-20 
113.14467165136   3.6241E-19 
117.73879903054  3.16818E-18 
120.10534889105  2.07477E-17 
123.7446610678  1.22493E-16 
126.23192875526  3.73571E-16 
127.49424804281  6.89589E-16 
130.05688242847  1.80954E-15 
131.35745125276  4.22339E-15 
132.67102576529  8.11109E-15 
135.33771338317  2.53865E-14 
139.43858143639  9.29198E-14 
142.24129692326  3.60294E-13 
146.55135046134  1.51651E-12 
150.99200293167  5.74702E-12 
154.02694219059  2.33167E-11 
158.69411256591  7.32906E-11 
161.88386422848  1.95069E-10 
165.13772989948  6.31171E-10 
170.14156825316   2.10265E-9 
171.84298393569   4.85004E-9 
175.2970279128   1.17475E-8 
178.82049817385   2.76027E-8 
180.60870315558   3.98286E-8 
186.0813274699   1.13379E-7 
189.82156215205   3.45121E-7 
193.6369755513   6.50649E-7 
197.52907875988   1.68235E-6 
201.49941324296   3.36004E-6 
203.51440737539   6.31948E-6 
209.68109743327   1.79616E-5 
216.03464436659   5.03103E-5 
218.19499081026   9.39487E-5 
222.58071012555  0.000161096 
224.8065172268  0.000300047 
229.32512822306    0.0189725 
233.93456330034    0.0425456 
238.63664802268    0.0939274 
245.86757709442     0.212452 
250.80951539401     0.435323 
255.85078665343     0.691234 
258.40929451997      1.06259 
263.60332133982      1.61149 
266.23935455322      2.58242 
271.59076557974      4.25507 
277.04973996789      6.92239 
282.61843974125      12.0092 
288.29907038004      20.3627 
294.09388169468      33.9593 
300.00516871675      50.7872 
306.03527260795      88.1345 
315.30844740325      194.456 
324.86260866801      380.569 
334.70627057326      752.743 
344.8482052779      1389.31 
355.29745074603      3113.49 
362.43892950602      5335.02 
373.42119150899      8121.83 
384.7362270329      13195.3 
392.46942519626      21385.4 
404.36164124913      32338.6 
412.48931023824      47088.1 
420.78034537403      63239.7 
429.23803031605      86729.4 
437.8657147254       127969 
446.66681559138       177968 
455.64481858477       234139 
469.4513122327       321611 
478.88728360858       430019 
488.51291800911       573662 
498.3320276611       750222 
503.31534793771      3468390 
508.34850141708     21581100 
518.56630629557     24753600 
528.98948905211     29724000 
539.62217778206     31717100 
545.01839955988     42843900 
555.97326939103     48690200 
567.14833210579     57582000 
578.54801358112     56488400 
584.33349371693     70854700 
596.07859694064     77906800 
608.05977673914     89314800 
614.14037450653     96335600 
626.48459603412    102654000 
639.0769364144     98625100 
645.46770577855     94392100 
651.92238283633    116744000 
658.44160666469    133944000 
671.67628295866    143912000 
678.39304578824    149713000 
692.02874600859    185446000 
698.94903346867    191592000 
712.99790904139    213727000 
720.12788813181    223661000 
734.60245868325    233085000 
741.94848327009    259403000 
749.36796810279    276032000 
764.43026426165    294973000 
772.07456690427    314764000 
779.79531257331    335603000 
787.59326569905    347205000 
803.4238903396    362002000 
811.45812924299    374714000 
819.57271053542    403170000 
827.76843764078    383947000 
844.40658323736    422842000 
852.85064906973    436132000 
861.37915556043    462334000 
869.99294711603    489231000 
878.69287658719    521642000 
887.47980535306    543257000 
896.3546034066    543323000 
914.37133093507    644095000 
923.51504424442   2537310000 
932.75019468686   6115770000 
942.07769663373  16356700000 
951.49847360007  25581400000 
961.01345833607  34478800000 
970.62359291943   6313030000 
980.32982884862  36560900000 
990.13312713711  34192800000 
1000.0344584085  39316900000 
1010.0348029926  35875300000 
1020.1351510225  10821900000 
1030.3365025327  27507800000 
1040.639867558  45455100000 
1051.0462662336  42556400000 
1061.556728896  33779400000 
1072.1722961849  39116300000 
1082.8940191468  34725000000 
1093.7229593382  38941500000 
1104.6601889316  34572700000 
1115.7067908209  27801800000 
1126.8638587291  34692300000 
1138.1324973164  30321600000 
1149.5138222896  31801100000 
1161.0089605125  31316000000 
1172.6190501176  19685100000 
1184.3452406188  27996750000 
1196.188693025  18101900000 
1208.1505799552   8681840000 
1220.2320857548  20783100000 
1232.4344066123  26905700000 
1244.7587506785  26392100000 
1257.2063381852  26343900000 
1269.7784015671  26982100000 
1282.4761855828  23124300000 
1295.3009474386  20360000000 
1308.253956913  25348100000 
1321.3364964821  23434800000 
1334.5498614469  22565750000 
1347.8953600614  22507100000 
1361.374313662  20472000000 
1374.9880567986  19789800000 
1388.7379373666  15195800000 
1402.6253167403  16768400000 
1416.6515699077  16981600000 
1430.8180856068 17525347058.824 
1445.1262664628 17123715384.615 
1459.5775291275  15655100000 
1474.1733044187  15575100000 
1488.9150374629  15149300000 
1503.8041878376 12992427272.727 
1518.8422297159  13056000000 
1534.0306520131  11104350000 
1549.3709585332  10609100000 
1564.8646681186  11624000000 
1580.5133147997  11792300000 
1596.3184479477  11794800000 
1612.2816324272  11390600000 
1628.4044487515  11812900000 
1644.688493239  11586400000 
1661.1353781714 11588245454.545 
1677.7467319531  11601200000 
1694.5241992726  10800450000 
1711.4694412654   9959025000 
1728.584135678  10054180000 
1745.8699770348   9981080000 
1763.3286768051   9434320000 
1780.9619635732   9421740000 
1798.7715832089   9096005000 
1816.759299041   8918020000 
1834.9268920314   8210040000 
1853.2761609517   7901465000 
1871.8089225613   7828530000 
1890.5270117869   7133410000 
1909.4322819047   6803355000 
1928.5266047238   7061795000 
1947.811870771 6720613636.3636 
1967.2899894787 6968074705.8824 
1986.9628893735 6631855238.0952 
2006.8325182673   6729475000 
2026.9008434499   6280895000 
2047.1698518844   6117400000 
2067.6415504033   6137889000 
2088.3179659073   5820185000 
2109.2011455664   5934960000 
2130.293157022   5686210000 
2151.5960885923   5709145000 
2173.1120494782   5517545000 
2194.843169973 5409666666.6667 
2216.7916016727   5155665000 
2238.9595176894   5056625000 
2261.3491128663   4975640000 
2283.962603995 4757233333.3333 
2306.8022300349   4588040000 
2329.8702523353   4425250000 
2353.1689548586 4337196666.6667 
2376.7006444072   4203285000 
2400.4676508513   4076410000 
2424.4723273598 3971583333.3333 
2448.7170506334   3882135000 
2473.2042211397   3665430000 
2497.9362633511 3567835652.1739 
2522.9156259846 3464257407.4074 
2548.1447822445   3393275000 
2573.6262300669 3325886666.6667 
2599.3624923676   3221180000 
2625.3561172913   3141135000 
2651.6096784642 3036256666.6667 
2678.1257752488   2938435000 
2704.9070330013   2839480000 
2731.9561033313 2747876666.6667 
2759.2756643647   2677260000 
2786.8684210083   2566790000 
2814.7371052184   2514530000 
2842.8844762706   2453930000 
2871.3133210333 2378043333.3333 
2900.0264542436   2303730000 
2929.026718786   2225005000 
2958.3169859739   2165470000 
2987.9001558336   2082340000 
3017.779157392   2033200000 
3047.9569489659   1974135000 
3078.4365184556   1890220000 
3109.2208836401   1850135000 
3140.3130924765   1773405000 
3171.7162234013   1705260000 
3203.4333856353   1670195000 
3235.4677194916   1622270000 
3267.8223966866   1572500000 
3300.5006206534   1512895000 
3333.50562686   1467280000 
3366.8406831286   1427160000 
3400.5090899598   1371610000 
3434.5141808594   1324830000 
3468.859322668   1290155000 
3503.5479158947   1245360000 
3538.5833950537   1206175000 
3573.9692290042   1162040000 
3609.7089212942   1133352000 
3645.8060105072   1094300000 
3682.2640706123   1052875000 
3719.0867113184    994176000 
3756.2775784316    980726500 
3793.8403542159    973747500 
3831.778757758   1081215000 
3870.0965453356    848584000 
3908.797510789   1076865000 
3947.8854858969    917894500 
3987.3643407558   1007405000 
4027.2379841634    965157500 
4067.510364005    899110500 
4108.1854676451    819214500 
4149.2673223215 890543666.66667 
4190.7599955447    864852000 
4232.6675955002    821478000 
4274.9942714552    788950500 
4317.7442141697    653309500 
4360.9216563114    725063000 
4404.5308728746    723376500 
4448.5761816033 683850333.33333 
4493.0619434193    674842000 
4537.9925628535    653323000 
4583.3724884821    630684000 
4629.2062133669 603122333.33333 
4675.4982755006    578932500 
4722.2532582556    564091000 
4769.4757908381 546667666.66667 
4817.1705487465    495060500 
4865.342254234 469989666.66667 
4913.9956767763    479878000 
4963.1356335441    468378000 
5012.7669898795    452151500 
5062.8946597783    439253000 
5113.5236063761    420457500 
5164.6588424398 408763333.33333 
5216.3054308642    395192500 
5268.4684851729 381615666.66667 
5321.1531700246 365998666.66667 
5374.3647017249    354174500 
5428.1083487421    341987000 
5482.3894322295    328850000 
5537.2133265518    316314000 
5592.5854598173    306088000 
5648.5113144155 294393333.33333 
5704.9964275597 284410333.33333 
5762.0463918353 274301333.33333 
5819.6668557536    260502000 
5877.8635243112 252875333.33333 
5936.6421595543 244477666.66667 
5996.0085811498    235966000 
6055.9686669613    227685000 
6116.5283536309 219230666.66667 
6177.6936371672 211920333.33333 
6239.4705735389 204350333.33333 
6301.8652792743 197180333.33333 
6364.883932067    190522000 
6428.5327713877    182880500 
6492.8180991016 171531333.33333 
6557.7462800926 158540333.33333 
6623.3237428935 163574333.33333 
6689.5569803225    157707500 
6756.4525501257 151940333.33333 
6824.0170756269    146592500 
6892.2572463832 141142666.66667 
6961.179818847    136020000 
7030.7916170355    130219000 
7101.0995332059    126184500 
7172.1105285379 121276666.66667 
7243.8316338233    117220500 
7316.2699501615    113392000 
7389.4326496631    109444000 
7463.3269761598    105059750 
7537.9602459214    101062400 
7613.3398483806     97649000 
7689.4732468644     94379900 
7766.367979333     90695825 
7844.0316591264     87332350 
7922.4719757176     84072825 
8001.6966954748     80925750 
8081.7136624296     77913000 
8162.5307990539     75026800 
8244.1561070444     72330025 
8326.5976681148     69769275 
8409.863644796     66956380 
8493.9622812439     64380600 
8578.9019040564     61780475 
8664.6909230969     58948540 
8751.3378323279     58214600 
8838.8512106512     54315000 
8927.2397227577     53644340 
9016.5121199853     51812925 
9106.6772411851     51569480 
9197.744013597     45891700 
9289.721453733     48050000 
9382.6186682703     46196760 
9476.444854953     41391160 
9571.2093035025     42484350 
9666.9213965375     41425600 
9763.5906105029     39877620 
9861.226516608     38265140 
9959.838781774 35806133.333333 
10059.437169592     34050600 
10160.031541288     34328200 
10261.631856701     33004300 
10364.248175268     31889500 
10467.89065702     30735750 
10572.56956359     29349500 
10678.295259226     28082900 
10785.078211819     26786150 
10892.928993937     24234150 
11001.858283876     25087150 
11111.876866715     24405350 
11222.995635382 23361666.666667 
11335.225591736     22402700 
11448.577847653     21670150 
11563.06362613 20778666.666667 
11678.694262391     19942450 
11795.481205015     19306150 
11913.436017065 18445666.666667 
12032.570377236     17813300 
12152.896081008     17256550 
12274.425041818 16591933.333333 
12397.169292236     15952300 
12521.140985159 15335033.333333 
12646.35239501     14745150 
12772.81591896 13504766.666667 
12900.54407815     13537100 
13029.549518932     13108600 
13159.845014121     12635700 
13291.443464262     12182450 
13424.357898905 11747666.666667 
13558.601477894 11257833.333333 
13694.187492673     10791200 
13831.129367599     10416700 
13969.440661275 10064066.666667 
14109.135067888      9658220 
14250.226418567      9271760 
14392.728682753 8904256.6666667 
14536.65596958      8553910 
14682.022529276 8222946.6666667 
14828.842754569 7908866.6666667 
14977.131182115 7602316.6666667 
15126.902493936 7322753.3333333 
15278.171518875      7048010 
15430.953234064 6783163.3333333 
15585.262766404 6528716.6666667 
15741.115394068      6284360 
15898.526548009 6042655.7142857 
16057.511813489      5765310 
16218.086931624      5615695 
16380.26780094      5322760 
16544.07047895      5271340 
16709.511183739      4900810 
16876.606295577      4853670 
17045.372358532      4688380 
17215.826082118      4368040 
17387.984342939      4274395 
17561.864186368      4161630 
17737.482828232      4024190 
17914.857656514      3844820 
18094.006233079      3551190 
18274.94629541      3533070 
18457.695758364      3419130 
18642.272715948      3191395 
18828.695443107      3174170 
19016.982397539      3045100 
19207.152221514      2919505 
19399.223743729      2705130 
19593.215981166      2705440 
19789.148140978      2601155 
19987.039622388      2501055 
20186.910018612      2405710 
20388.779118798      2311765 
20592.666909986      2228260 
20798.593579086      2145625 
21006.579514877      2061835 
21216.645310025      1991510 
21428.811763126      1911460 
21643.099880757 1781706.6666667 
21859.530879564      1753725 
22078.12618836      1692190 
22298.907450244      1633760 
22521.896524746      1577570 
22747.115489993      1510790 
22974.586644893      1447175 
23204.332511342      1399190 
23436.375836456 1341803.3333333 
23670.73959482      1287140 
23907.446990769      1245405 
24146.521460676      1195700 
24387.986675283      1148235 
24631.866542036 1102383.3333333 
24878.185207456      1059935 
25126.967059531      1018890 
25378.236730126     980426.5 
25632.019097427 942454.33333333 
25888.339288402       906162 
26147.222681286       846052 
26408.694908098 834861.33333333 
26672.781857179       798163 
26939.509675751 779143.66666667 
27208.904772509 744764.66666667 
27480.993820234 704034.66666667 
27755.803758436     689897.5 
28033.361796021 665984.66666667 
28313.695413981 637729.66666667 
28596.832368121 599677.66666667 
28882.800691802       587600 
29171.62869872       564542 
29463.344985707       542248 
29757.978435564 521035.33333333 
30055.55821992       492816 
30356.113802119 475874.33333333 
30659.67494014       463195 
30966.271689541       445826 
31275.934406437       429248 
31588.693750501 413375.66666667 
31904.580688006     398740.8 
32223.626494886     381454.5 
32545.862759835       367081 
32871.321387434     345488.5 
33200.034601308     337560.5 
33532.034947321       325997 
33867.355296794     314794.5 
34206.028849762       300538 
34548.08913826       290339 
34893.570029642     280615.5 
35242.505729939       268239 
35594.930787238       256539 
35950.880095111     245450.5 
36310.388896062       237485 
36673.492785022     229849.5 
37040.227712872     217409.5 
37410.629990001     207847.5 
37784.736289901     202289.5 
38162.5836528     194217.5 
38544.209489328       186467 
38929.651584221       178688 
39318.948100064       172136 
39712.137581064       164857 
40109.258956875       155090 
40510.351546444     152518.5 
40915.455061908       146953 
41324.609612527     140382.5 
41737.855708653     135917.5 
42155.234265739       131099 
42576.786608396       126209 
43002.55447448     121721.5 
43432.580019225       116165 
43866.905819417 111736.66666667 
44305.574877612       107253 
44748.630626388     103564.5 
45196.116932652     99968.85 
45648.078101978 95602.333333333 
46104.558882998      89165.6 
46565.604471828      86599.1 
47031.260516546      84774.5 
47501.573121712     81394.25 
47976.588852929     78732.05 
48456.354741458 75559.866666667 
48940.918288873      72535.4 
49430.327471761 69669.366666667 
49924.630746479     66934.65 
50423.877053944 64283.433333333 
50928.115824483      60461.2 
51437.396982728 59314.933333333 
51951.770952555      57263.1 
52471.288662081 55126.433333333 
52996.001548702 52688.633333333 
53525.961564189     50755.15 
54061.221179831      48916.2 
54601.833391629      46807.9 
55147.851725545      45108.6 
55699.330242801 43554.866666667 
56256.323545229      41734.5 
56818.886780681 39931.033333333 
57387.075648488 38369.733333333 
57960.946404973 36813.933333333 
58540.555869022      34688.1 
59125.961427713 33694.066666667 
59717.22104199 32593.933333333 
60314.39325241      31351.4 
60917.537184934 30141.133333333 
61526.712556783 28988.933333333 
62141.979682351 27835.066666667 
62763.399479174 26663.933333333 
63391.033473966      25846.7 
64024.943808706      24697.4 
64665.193246793      23837.9 
65311.845179261     22978.55 
65964.963631053      21889.8 
66624.613267364      21113.3 
67290.859400038     20184.35 
67963.767994038      19420.7 
68643.405673978      18767.7 
69329.839730718      18129.6 
70023.138128025     17318.15 
70723.369509305     16551.75 
71430.603204399      16003.2 
72144.909236443      15479.3 
72866.358328807     14813.05 
73595.021912095      14144.5 
74330.972131216     13095.05 
75074.281852528      12951.1 
75825.024671053      12610.4 
76583.274917764      12221.5 
77349.107666942     11718.35 
78122.598743611     11252.35 
78903.824731047     10803.95 
79692.862978358      10377.3 
80489.791608141      9971.72 
81294.689524223      9568.91 
82107.636419465      9218.11 
82928.712783659      8868.07 
83757.999911496     8534.165 
84595.579910611 8139.6066666667 
85441.535709717      7761.58 
86295.951066814      7448.36 
87158.910577482     7094.975 
88030.499683257     6949.775 
88910.80468009      6707.54 
89799.912726891      6414.76 
90697.91185416     6136.645 
91604.890972701      5925.32 
92520.939882428 5671.2933333333 
93446.149281253      5398.05 
94380.610774065     5252.645 
95324.416881806      5037.49 
96277.661050624      4831.59 
97240.43766113      4636.73 
98212.842037741     4450.745 
99194.970458119     4309.275 
100186.9201627       4206.3 
199060.83304441      261.752 
399467.9878358       16.076 
594753.39981818      3.13598 
793700.71765891     0.982678 
997811.18987739     0.399297 
1193529.3359837     0.191274 
1399507.0114645     0.102653 
