#  WAVELENGTH	        FLUX	
#  (ANGSTROM)	(ERG/CM2/S/A)	
############	############	
        90.9  1.83345E-20 
    92.72709  1.26564E-19 
95.53681355409  7.87546E-19 
97.457103506527  2.31359E-18 
99.415991287008  7.95793E-18 
101.41425271188  3.55044E-17 
103.45267919139   1.0436E-16 
105.53207804313  2.95874E-16 
107.6532728118   9.5546E-16 
109.81710359532  4.04357E-15 
113.14467165136  2.49324E-14 
117.73879903054  1.51609E-13 
120.10534889105  7.25132E-13 
123.7446610678   3.1858E-12 
126.23192875526    8.075E-12 
127.49424804281  1.34685E-11 
130.05688242847  3.01357E-11 
131.35745125276  6.12191E-11 
132.67102576529  1.05657E-10 
135.33771338317   2.7466E-10 
139.43858143639  8.15298E-10 
142.24129692326   2.54457E-9 
146.55135046134   8.52604E-9 
150.99200293167   2.62064E-8 
154.02694219059   8.54951E-8 
158.69411256591   2.25209E-7 
161.88386422848   5.15958E-7 
165.13772989948    1.3964E-6 
170.14156825316   3.88057E-6 
171.84298393569   7.89506E-6 
175.2970279128   1.67236E-5 
178.82049817385   3.45163E-5 
180.60870315558   4.71271E-5 
186.0813274699  0.000114597 
189.82156215205  0.000294901 
193.6369755513  0.000505126 
197.52907875988    0.0011306 
201.49941324296   0.00203198 
203.51440737539   0.00346878 
209.68109743327   0.00839533 
216.03464436659    0.0200356 
218.19499081026    0.0339449 
222.58071012555    0.0534866 
224.8065172268     0.091044 
229.32512822306       12.744 
233.93456330034      28.0236 
238.63664802268      52.0868 
245.86757709442      100.888 
250.80951539401      179.584 
255.85078665343      255.997 
258.40929451997      391.124 
263.60332133982      555.129 
266.23935455322      833.495 
271.59076557974      1251.03 
277.04973996789      1814.82 
282.61843974125      3164.94 
288.29907038004       4841.5 
294.09388169468      7219.33 
300.00516871675         9893 
306.03527260795        16248 
315.30844740325        32937 
324.86260866801      55267.9 
334.70627057326      97684.7 
344.8482052779       161043 
355.29745074603       456662 
362.43892950602       826042 
373.42119150899      1108000 
384.7362270329      1665040 
392.46942519626      2807160 
404.36164124913      3743060 
412.48931023824      5113680 
420.78034537403      6215870 
429.23803031605      7987340 
437.8657147254     10644400 
446.66681559138     13259800 
455.64481858477     15866600 
469.4513122327     20284400 
478.88728360858     25146400 
488.51291800911     30987100 
498.3320276611     37707600 
503.31534793771    116464000 
508.34850141708    718615000 
518.56630629557    718141000 
528.98948905211    745428000 
539.62217778206    708332000 
545.01839955988    923768000 
555.97326939103   1049940000 
567.14833210579   1134370000 
578.54801358112   1058920000 
584.33349371693   1226830000 
596.07859694064   1213490000 
608.05977673914   1358400000 
614.14037450653   1488690000 
626.48459603412   1507680000 
639.0769364144   1437210000 
645.46770577855   1525380000 
651.92238283633   1569870000 
658.44160666469   1689480000 
671.67628295866   1718510000 
678.39304578824   1615710000 
692.02874600859   2032370000 
698.94903346867   1939950000 
712.99790904139   2195100000 
720.12788813181   2194510000 
734.60245868325   2219410000 
741.94848327009   2393320000 
749.36796810279   2441300000 
764.43026426165   2537350000 
772.07456690427   2624710000 
779.79531257331   2749000000 
787.59326569905   2770230000 
803.4238903396   2785200000 
811.45812924299   2795880000 
819.57271053542   2957720000 
827.76843764078   2620970000 
844.40658323736   2936070000 
852.85064906973   2942310000 
861.37915556043   3062320000 
869.99294711603   3163290000 
878.69287658719   3301040000 
887.47980535306   3374610000 
896.3546034066   3324460000 
914.37133093507   3534610000 
923.51504424442  12187000000 
932.75019468686  25152600000 
942.07769663373  49952300000 
951.49847360007  62373600000 
961.01345833607  80142000000 
970.62359291943  20576600000 
980.32982884862  73084300000 
990.13312713711  65842500000 
1000.0344584085  72442400000 
1010.0348029926  71800900000 
1020.1351510225  34589800000 
1030.3365025327  62360100000 
1040.639867558  83096200000 
1051.0462662336  77727200000 
1061.556728896  63613000000 
1072.1722961849  69851300000 
1082.8940191468  62607800000 
1093.7229593382  68906700000 
1104.6601889316  63636500000 
1115.7067908209  50561200000 
1126.8638587291  61018000000 
1138.1324973164  55520100000 
1149.5138222896  55635800000 
1161.0089605125  54074200000 
1172.6190501176  34444400000 
1184.3452406188  48451700000 
1196.188693025  39836100000 
1208.1505799552  23268200000 
1220.2320857548  41342900000 
1232.4344066123  46697800000 
1244.7587506785  44894100000 
1257.2063381852  45389500000 
1269.7784015671  46124300000 
1282.4761855828  41951600000 
1295.3009474386  39645800000 
1308.253956913  43853300000 
1321.3364964821  41168100000 
1334.5498614469  39680350000 
1347.8953600614  39166400000 
1361.374313662  36582800000 
1374.9880567986  34986250000 
1388.7379373666  26235300000 
1402.6253167403  29400200000 
1416.6515699077  29088400000 
1430.8180856068 30479982352.941 
1445.1262664628 29532146153.846 
1459.5775291275  27454900000 
1474.1733044187  27394850000 
1488.9150374629  26495600000 
1503.8041878376 23520190909.091 
1518.8422297159  23112900000 
1534.0306520131  19147350000 
1549.3709585332  18063500000 
1564.8646681186  20068100000 
1580.5133147997  20427600000 
1596.3184479477  19917100000 
1612.2816324272  19120150000 
1628.4044487515  19717100000 
1644.688493239  19497000000 
1661.1353781714 19292622727.273 
1677.7467319531  19430800000 
1694.5241992726  18283250000 
1711.4694412654  16938300000 
1728.584135678  17004900000 
1745.8699770348  16753400000 
1763.3286768051  16026050000 
1780.9619635732  15815750000 
1798.7715832089  15260300000 
1816.759299041  14874100000 
1834.9268920314  13905350000 
1853.2761609517  13579150000 
1871.8089225613  13104700000 
1890.5270117869  12070200000 
1909.4322819047  11502200000 
1928.5266047238  11960950000 
1947.811870771 11248172727.273 
1967.2899894787 11643111764.706 
1986.9628893735 11076614285.714 
2006.8325182673  11203400000 
2026.9008434499  10461000000 
2047.1698518844   9615485000 
2067.6415504033   9626986500 
2088.3179659073   9458860000 
2109.2011455664   9732070000 
2130.293157022   9354485000 
2151.5960885923   9271220000 
2173.1120494782   8987060000 
2194.843169973 8786646666.6667 
2216.7916016727   8393785000 
2238.9595176894   8178760000 
2261.3491128663   8010915000 
2283.962603995 7534603333.3333 
2306.8022300349   7378100000 
2329.8702523353   7189395000 
2353.1689548586 6977656666.6667 
2376.7006444072   6696000000 
2400.4676508513   6532825000 
2424.4723273598 6316623333.3333 
2448.7170506334   6142330000 
2473.2042211397 5664846666.6667 
2497.9362633511 5575249130.4348 
2522.9156259846 5497132962.963 
2548.1447822445   5325780000 
2573.6262300669   5188140000 
2599.3624923676 5010733333.3333 
2625.3561172913   4854840000 
2651.6096784642 4661593333.3333 
2678.1257752488   4504760000 
2704.9070330013 4341036666.6667 
2731.9561033313 4211263333.3333 
2759.2756643647 4080136666.6667 
2786.8684210083   3906610000 
2814.7371052184 3824063333.3333 
2842.8844762706   3714710000 
2871.3133210333   3584240000 
2900.0264542436   3459660000 
2929.026718786   3348410000 
2958.3169859739   3245130000 
2987.9001558336   3110285000 
3017.779157392   3019240000 
3047.9569489659   2938175000 
3078.4365184556   2800870000 
3109.2208836401   2742885000 
3140.3130924765   2622520000 
3171.7162234013   2525060000 
3203.4333856353   2460100000 
3235.4677194916   2388850000 
3267.8223966866   2308710000 
3300.5006206534   2214530000 
3333.50562686   2145510000 
3366.8406831286   2083490000 
3400.5090899598   2001635000 
3434.5141808594   1932130000 
3468.859322668   1876950000 
3503.5479158947   1808910000 
3538.5833950537   1746060000 
3573.9692290042   1680630000 
3609.7089212942   1636214000 
3645.8060105072 1572103333.3333 
3682.2640706123   1510035000 
3719.0867113184   1429295000 
3756.2775784316   1386940000 
3793.8403542159   1363630000 
3831.778757758   1474275000 
3870.0965453356   1195360000 
3908.797510789   1455830000 
3947.8854858969   1256950000 
3987.3643407558   1357310000 
4027.2379841634   1299585000 
4067.510364005   1205805000 
4108.1854676451   1112445000 
4149.2673223215 1186563333.3333 
4190.7599955447   1148840000 
4232.6675955002   1089660000 
4274.9942714552   1043060000 
4317.7442141697    886871500 
4360.9216563114    964864000 
4404.5308728746    957371000 
4448.5761816033    907220000 
4493.0619434193    890719500 
4537.9925628535    861808500 
4583.3724884821    830214000 
4629.2062133669 790063666.66667 
4675.4982755006    760016000 
4722.2532582556    744384500 
4769.4757908381 720197666.66667 
4817.1705487465    658369500 
4865.342254234 624434666.66667 
4913.9956767763    630900000 
4963.1356335441 614899333.33333 
5012.7669898795    593972500 
5062.8946597783 575018666.66667 
5113.5236063761    551492500 
5164.6588424398    534577000 
5216.3054308642    515996500 
5268.4684851729 497807333.33333 
5321.1531700246 477464666.66667 
5374.3647017249    460968500 
5428.1083487421 445469666.66667 
5482.3894322295    427666000 
5537.2133265518 410977666.66667 
5592.5854598173    397481500 
5648.5113144155 382449333.33333 
5704.9964275597 368464333.33333 
5762.0463918353    355149000 
5819.6668557536 337507333.33333 
5877.8635243112 327078666.66667 
5936.6421595543 315893333.33333 
5996.0085811498    304475000 
6055.9686669613 293710333.33333 
6116.5283536309    282679000 
6177.6936371672    272982000 
6239.4705735389 263156666.66667 
6301.8652792743 253895333.33333 
6364.883932067 245135666.66667 
6428.5327713877    235014000 
6492.8180991016 221348666.66667 
6557.7462800926    205422000 
6623.3237428935 209903333.33333 
6689.5569803225    202038000 
6756.4525501257 194574666.66667 
6824.0170756269    187441250 
6892.2572463832 180342333.33333 
6961.179818847    173732750 
7030.7916170355    166360000 
7101.0995332059    161009500 
7172.1105285379 154737333.33333 
7243.8316338233    149345000 
7316.2699501615 144350666.66667 
7389.4326496631    139266000 
7463.3269761598    133542000 
7537.9602459214    128383500 
7613.3398483806 123987333.33333 
7689.4732468644    119754250 
7766.367979333    115108750 
7844.0316591264    110713250 
7922.4719757176    106559000 
8001.6966954748    102537000 
8081.7136624296     98564650 
8162.5307990539     94822775 
8244.1561070444     91346475 
8326.5976681148     88112150 
8409.863644796     84547400 
8493.9622812439     81209425 
8578.9019040564     77987825 
8664.6909230969     74464240 
8751.3378323279     73048050 
8838.8512106512     68509150 
8927.2397227577     67264920 
9016.5121199853     64920800 
9106.6772411851     64252380 
9197.744013597     57810500 
9289.721453733     59742660 
9382.6186682703     57422620 
9476.444854953     51874580 
9571.2093035025     52835650 
9666.9213965375     51364340 
9763.5906105029     49422080 
9861.226516608     47425260 
9959.838781774 44548613.333333 
10059.437169592     42402500 
10160.031541288     42492600 
10261.631856701     40839250 
10364.248175268     39430050 
10467.89065702     37988950 
10572.56956359     36265100 
10678.295259226     34674300 
10785.078211819     33128850 
10892.928993937     30174550 
11001.858283876     30985350 
11111.876866715     30087050 
11222.995635382     28795400 
11335.225591736     27591700 
11448.577847653     26680750 
11563.06362613 25570133.333333 
11678.694262391     24538800 
11795.481205015     23742600 
11913.436017065 22691266.666667 
12032.570377236     21889500 
12152.896081008     21198400 
12274.425041818 20373966.666667 
12397.169292236     19582700 
12521.140985159 18816866.666667 
12646.35239501     18098700 
12772.81591896     16660400 
12900.54407815     16604400 
13029.549518932     16060350 
13159.845014121     15476100 
13291.443464262     14911600 
13424.357898905     14375900 
13558.601477894     13769600 
13694.187492673 13195466.666667 
13831.129367599     12734250 
13969.440661275     12299200 
14109.135067888 11799633.333333 
14250.226418567 11323333.333333 
14392.728682753 10871633.333333 
14536.65596958     10439720 
14682.022529276 10031753.333333 
14828.842754569 9644653.3333333 
14977.131182115 9268543.3333333 
15126.902493936      8923790 
15278.171518875 8586626.6666667 
15430.953234064 8262633.3333333 
15585.262766404 7951636.6666667 
15741.115394068      7653150 
15898.526548009 7352842.8571429 
16057.511813489      7026390 
16218.086931624      6826770 
16380.26780094      6491650 
16544.07047895      6396295 
16709.511183739      5969435 
16876.606295577      5886280 
17045.372358532      5683365 
17215.826082118      5314135 
17387.984342939      5181435 
17561.864186368      5037050 
17737.482828232      4870115 
17914.857656514      4654430 
18094.006233079      4317490 
18274.94629541      4272985 
18457.695758364      4134050 
18642.272715948      3875105 
18828.695443107      3838020 
19016.982397539      3679860 
19207.152221514      3528630 
19399.223743729      3281890 
19593.215981166      3265865 
19789.148140978      3138485 
19987.039622388      3016920 
20186.910018612      2901180 
20388.779118798      2787660 
20592.666909986      2685815 
20798.593579086      2585665 
21006.579514877      2484525 
21216.645310025      2398945 
21428.811763126      2303815 
21643.099880757 2152553.3333333 
21859.530879564      2110895 
22078.12618836      2036415 
22298.907450244      1965635 
22521.896524746      1897655 
22747.115489993      1816820 
22974.586644893      1739895 
23204.332511342      1681840 
23436.375836456 1612406.6666667 
23670.73959482      1546305 
23907.446990769      1495880 
24146.521460676 1435873.3333333 
24387.986675283      1378580 
24631.866542036      1323390 
24878.185207456      1272180 
25126.967059531 1222763.3333333 
25378.236730126      1176225 
25632.019097427      1130720 
25888.339288402      1087150 
26147.222681286      1018629 
26408.694908098 1001030.6666667 
26672.781857179     958565.5 
26939.509675751       933221 
27208.904772509 892087.33333333 
27480.993820234 845304.66666667 
27755.803758436       825582 
28033.361796021 796827.33333333 
28313.695413981 763173.66666667 
28596.832368121 720054.66666667 
28882.800691802 702856.33333333 
29171.62869872 674990.66666667 
29463.344985707       648228 
29757.978435564       622777 
30055.55821992 590558.33333333 
30356.113802119 569847.33333333 
30659.67494014       553384 
30966.271689541 532591.33333333 
31275.934406437 512689.33333333 
31588.693750501 493678.33333333 
31904.580688006     476119.2 
32223.626494886     455422.5 
32545.862759835       438354 
32871.321387434     414040.5 
33200.034601308     402973.5 
33532.034947321       389074 
33867.355296794     375644.5 
34206.028849762       358570 
34548.08913826       346353 
34893.570029642     334724.5 
35242.505729939       319913 
35594.930787238     306335.5 
35950.880095111       292961 
36310.388896062       283258 
36673.492785022       274184 
37040.227712872       259652 
37410.629990001       248249 
37784.736289901     241241.5 
38162.5836528     231498.5 
38544.209489328     222181.5 
38929.651584221       212971 
39318.948100064       204935 
39712.137581064       196460 
40109.258956875       185235 
40510.351546444       181647 
40915.455061908     174887.5 
41324.609612527       167364 
41737.855708653     161811.5 
42155.234265739       155974 
42576.786608396       150155 
43002.55447448     144784.5 
43432.580019225     138482.5 
43866.905819417       133002 
44305.574877612     127521.5 
44748.630626388     123108.5 
45196.116932652     118829.5 
45648.078101978 113697.33333333 
46104.558882998     106366.5 
46565.604471828       103357 
47031.260516546 100793.76666667 
47501.573121712     96711.55 
47976.588852929      93541.7 
48456.354741458 89765.366666667 
48940.918288873      86165.3 
49430.327471761      82756.3 
49924.630746479      79501.5 
50423.877053944 76380.033333333 
50928.115824483     72109.35 
51437.396982728 70505.366666667 
51951.770952555      67997.6 
52471.288662081      65456.7 
52996.001548702 62557.566666667 
53525.961564189      60259.5 
54061.221179831      58072.9 
54601.833391629 55573.233333333 
55147.851725545      53584.6 
55699.330242801      51699.6 
56256.323545229      49536.1 
56818.886780681 47435.166666667 
57387.075648488 45537.366666667 
57960.946404973 43697.366666667 
58540.555869022      41291.6 
59125.961427713 40046.666666667 
59717.22104199 38687.233333333 
60314.39325241 37191.366666667 
60917.537184934 35754.633333333 
61526.712556783      34386.4 
62141.979682351 33039.633333333 
62763.399479174      31681.5 
63391.033473966 30655.266666667 
64024.943808706 29290.314285714 
64665.193246793      28269.5 
65311.845179261     27250.05 
65964.963631053     25957.75 
66624.613267364      25035.9 
67290.859400038      23986.7 
67963.767994038     23035.25 
68643.405673978      22251.7 
69329.839730718     21494.15 
70023.138128025      20531.8 
70723.369509305      19622.2 
71430.603204399      18971.6 
72144.909236443     18349.65 
72866.358328807      17558.4 
73595.021912095      16777.8 
74330.972131216     15582.15 
75074.281852528     15370.65 
75825.024671053      14944.8 
76583.274917764     14482.95 
77349.107666942      13892.4 
78122.598743611     13332.95 
78903.824731047        12801 
79692.862978358      12295.2 
80489.791608141     11813.75 
81294.689524223      11344.1 
82107.636419465      10919.9 
82928.712783659      10504.9 
83757.999911496        10109 
84595.579910611 9640.9466666667 
85441.535709717      9196.01 
86295.951066814      8830.73 
87158.910577482       8425.2 
88030.499683257     8233.125 
88910.80468009     7943.375 
89799.912726891       7596.4 
90697.91185416      7266.76 
91604.890972701     7016.315 
92520.939882428      6716.76 
93446.149281253      6400.45 
94380.610774065      6220.17 
95324.416881806      5964.18 
96277.661050624      5720.13 
97240.43766113      5489.27 
98212.842037741      5269.15 
99194.970458119       5101.3 
100186.9201627      4979.28 
199060.83304441      308.825 
399467.9878358      18.8761 
594753.39981818      3.67156 
793700.71765891      1.14803 
997811.18987739     0.465713 
1193529.3359837     0.222797 
1399507.0114645     0.119448 
