#  WAVELENGTH	        FLUX	
#  (ANGSTROM)	(ERG/CM2/S/A)	
############	############	
437.8657147254  1.06754E-24 
446.66681559138  5.45071E-24 
455.64481858477  2.21801E-23 
469.4513122327  9.87241E-23 
478.88728360858  4.11198E-22 
488.51291800911  1.61095E-21 
498.3320276611  5.94992E-21 
503.31534793771  1.68563E-20 
508.34850141708  3.96242E-20 
518.56630629557  1.02843E-19 
528.98948905211  3.26624E-19 
539.62217778206  9.75741E-19 
545.01839955988  2.82728E-18 
555.97326939103  7.82027E-18 
567.14833210579  2.08135E-17 
578.54801358112  5.28216E-17 
584.33349371693  1.32413E-16 
596.07859694064  3.17657E-16 
608.05977673914  7.39237E-16 
614.14037450653  1.66912E-15 
626.48459603412  3.66478E-15 
639.0769364144  7.83804E-15 
645.46770577855  1.63443E-14 
651.92238283633   2.8908E-14 
658.44160666469  4.69829E-14 
671.67628295866   9.2408E-14 
678.39304578824  1.77934E-13 
692.02874600859   3.3539E-13 
698.94903346867  6.17608E-13 
712.99790904139   1.1915E-12 
720.12788813181  2.11825E-12 
734.60245868325  3.50316E-12 
741.94848327009  6.02985E-12 
749.36796810279  1.02169E-11 
764.43026426165  1.70635E-11 
772.07456690427  2.80523E-11 
779.79531257331   4.5531E-11 
787.59326569905  7.22077E-11 
803.4238903396  1.14602E-10 
811.45812924299    1.793E-10 
819.57271053542  2.76371E-10 
827.76843764078  4.21115E-10 
844.40658323736  6.34457E-10 
852.85064906973  9.45761E-10 
861.37915556043   1.39489E-9 
869.99294711603   2.03248E-9 
878.69287658719   2.94564E-9 
887.47980535306   4.22117E-9 
896.3546034066   5.99069E-9 
914.37133093507   1.40415E-5 
923.51504424442   4.84108E-5 
932.75019468686   6.97677E-5 
942.07769663373   9.97359E-5 
951.49847360007  0.000146442 
961.01345833607  0.000206043 
970.62359291943  0.000287526 
980.32982884862  0.000398736 
990.13312713711  0.000548641 
1000.0344584085  0.000763065 
1010.0348029926   0.00103585 
1020.1351510225   0.00132957 
1030.3365025327   0.00187489 
1040.639867558   0.00249902 
1051.0462662336    0.0033113 
1061.556728896   0.00429102 
1072.1722961849   0.00571506 
1082.8940191468   0.00744771 
1093.7229593382   0.00949692 
1104.6601889316    0.0434029 
1115.7067908209     0.102423 
1126.8638587291     0.152856 
1138.1324973164     0.205054 
1149.5138222896     0.233295 
1161.0089605125     0.332563 
1172.6190501176     0.407694 
1184.3452406188    0.3472305 
1196.188693025     0.238434 
1208.1505799552     0.123881 
1220.2320857548     0.316599 
1232.4344066123     0.743347 
1244.7587506785     2.262455 
1257.2063381852      3.02071 
1269.7784015671      4.41079 
1282.4761855828     6.635275 
1295.3009474386      6.85604 
1308.253956913      9.76364 
1321.3364964821       11.197 
1334.5498614469      14.0223 
1347.8953600614      16.8014 
1361.374313662       18.724 
1374.9880567986      21.6459 
1388.7379373666      25.8791 
1402.6253167403      31.7894 
1416.6515699077       36.819 
1430.8180856068 44.737017647059 
1445.1262664628 52.723315384615 
1459.5775291275      63.1228 
1474.1733044187      69.8602 
1488.9150374629      94.0434 
1503.8041878376 108.45568181818 
1518.8422297159       147.52 
1534.0306520131     395.3695 
1549.3709585332      570.559 
1564.8646681186      699.357 
1580.5133147997      1122.19 
1596.3184479477      1278.62 
1612.2816324272      1452.06 
1628.4044487515      1801.33 
1644.688493239     1869.275 
1661.1353781714 2355.7486363636 
1677.7467319531      4768.68 
1694.5241992726      7884.39 
1711.4694412654     18618.25 
1728.584135678      30681.2 
1745.8699770348      50491.3 
1763.3286768051     41970.65 
1780.9619635732      71771.5 
1798.7715832089     56651.15 
1816.759299041      60702.3 
1834.9268920314      63454.8 
1853.2761609517    101553.35 
1871.8089225613       118759 
1890.5270117869       145939 
1909.4322819047       125413 
1928.5266047238    111808.05 
1947.811870771 206329.36363636 
1967.2899894787 192878.35294118 
1986.9628893735 223760.28571429 
2006.8325182673     209349.5 
2026.9008434499       293832 
2047.1698518844     264008.5 
2067.6415504033     428065.6 
2088.3179659073     847384.5 
2109.2011455664    1032290.5 
2130.293157022       974199 
2151.5960885923      1117845 
2173.1120494782      1196290 
2194.843169973      1169983 
2216.7916016727      1195983 
2238.9595176894    1094986.5 
2261.3491128663      1005929 
2283.962603995 1307916.6666667 
2306.8022300349      1098405 
2329.8702523353       423671 
2353.1689548586 554929.66666667 
2376.7006444072     275360.5 
2400.4676508513     419081.5 
2424.4723273598 1274586.6666667 
2448.7170506334      1418940 
2473.2042211397 999360.66666667 
2497.9362633511      1090268 
2522.9156259846 686332.81481481 
2548.1447822445      1345430 
2573.6262300669 1150888.6666667 
2599.3624923676 755821.66666667 
2625.3561172913      2530280 
2651.6096784642      3033170 
2678.1257752488      2768295 
2704.9070330013 2390093.3333333 
2731.9561033313 1499633.6666667 
2759.2756643647      1741590 
2786.8684210083       412474 
2814.7371052184 2747563.3333333 
2842.8844762706 2740076.6666667 
2871.3133210333 3718166.6666667 
2900.0264542436      4897260 
2929.026718786      4338820 
2958.3169859739      4935000 
2987.9001558336      5084360 
3017.779157392      5256890 
3047.9569489659      5367290 
3078.4365184556      5671800 
3109.2208836401      5524295 
3140.3130924765      5559590 
3171.7162234013      5064840 
3203.4333856353      5213615 
3235.4677194916      5880730 
3267.8223966866      6460875 
3300.5006206534      6469880 
3333.50562686      6320400 
3366.8406831286      5952845 
3400.5090899598      6425975 
3434.5141808594      6779720 
3468.859322668      6743575 
3503.5479158947      6972815 
3538.5833950537      7129170 
3573.9692290042      6569350 
3609.7089212942      6863862 
3645.8060105072      7513420 
3682.2640706123      7835495 
3719.0867113184      8854475 
3756.2775784316     10803550 
3793.8403542159     11026765 
3831.778757758     12321800 
3870.0965453356     10722700 
3908.797510789      9552840 
3947.8854858969      8944770 
3987.3643407558     13965550 
4027.2379841634     14284400 
4067.510364005     14219200 
4108.1854676451     13888300 
4149.2673223215 15018133.333333 
4190.7599955447     14510450 
4232.6675955002     14413650 
4274.9942714552     12627200 
4317.7442141697     13224950 
4360.9216563114     14699100 
4404.5308728746     14564150 
4448.5761816033 14861066.666667 
4493.0619434193     15404400 
4537.9925628535     15362600 
4583.3724884821     15150000 
4629.2062133669 15252666.666667 
4675.4982755006     14768450 
4722.2532582556     15270300 
4769.4757908381 15102833.333333 
4817.1705487465     14330550 
4865.342254234 13484966.666667 
4913.9956767763     14323950 
4963.1356335441 13833466.666667 
5012.7669898795     13820550 
5062.8946597783 13990333.333333 
5113.5236063761     13368250 
5164.6588424398 12965133.333333 
5216.3054308642     13280900 
5268.4684851729 12914333.333333 
5321.1531700246 12932933.333333 
5374.3647017249     12770750 
5428.1083487421     12896400 
5482.3894322295 12679966.666667 
5537.2133265518 12534766.666667 
5592.5854598173     12510350 
5648.5113144155     12242300 
5704.9964275597     12278500 
5762.0463918353     12133100 
5819.6668557536 12033566.666667 
5877.8635243112 11693866.666667 
5936.6421595543     11645800 
5996.0085811498 11396033.333333 
6055.9686669613 11221233.333333 
6116.5283536309 10700566.666667 
6177.6936371672 10824766.666667 
6239.4705735389 10549866.666667 
6301.8652792743     10381100 
6364.883932067 10246166.666667 
6428.5327713877     10017505 
6492.8180991016 9777153.3333333 
6557.7462800926 9168393.3333333 
6623.3237428935 9640906.6666667 
6689.5569803225      9478305 
6756.4525501257 9298866.6666667 
6824.0170756269      9118695 
6892.2572463832 8960626.6666667 
6961.179818847      8750620 
7030.7916170355 8616833.3333333 
7101.0995332059    8383787.5 
7172.1105285379 8178946.6666667 
7243.8316338233      8073660 
7316.2699501615      7970110 
7389.4326496631      7716390 
7463.3269761598      7630005 
7537.9602459214      7504705 
7613.3398483806      7336550 
7689.4732468644    7192307.5 
7766.367979333    7065982.5 
7844.0316591264      6918580 
7922.4719757176      6758685 
8001.6966954748      6633980 
8081.7136624296      6522510 
8162.5307990539    6318972.5 
8244.1561070444    6233832.5 
8326.5976681148    6082287.5 
8409.863644796      5917518 
8493.9622812439      5488885 
8578.9019040564      5682535 
8664.6909230969      5360846 
8751.3378323279    5546252.5 
8838.8512106512      5318445 
8927.2397227577      5255734 
9016.5121199853    5150952.5 
9106.6772411851      5139732 
9197.744013597    4807822.5 
9289.721453733      4938696 
9382.6186682703      4764498 
9476.444854953      4576990 
9571.2093035025      4562720 
9666.9213965375      4471632 
9763.5906105029      4391892 
9861.226516608      4276862 
9959.838781774 4166366.6666667 
10059.437169592      4015420 
10160.031541288      3996020 
10261.631856701      3916085 
10364.248175268      3827435 
10467.89065702      3713140 
10572.56956359 3601603.3333333 
10678.295259226      3498350 
10785.078211819      3403090 
10892.928993937      3234790 
11001.858283876      3300130 
11111.876866715      3219425 
11222.995635382 3116253.3333333 
11335.225591736      3026770 
11448.577847653      3002355 
11563.06362613 2884586.6666667 
11678.694262391      2821505 
11795.481205015      2743690 
11913.436017065      2698680 
12032.570377236      2626155 
12152.896081008      2593810 
12274.425041818      2522620 
12397.169292236      2464415 
12521.140985159 2392266.6666667 
12646.35239501      2341245 
12772.81591896      2211420 
12900.54407815 2215123.3333333 
13029.549518932      2163715 
13159.845014121 2106863.3333333 
13291.443464262      2061170 
13424.357898905      2015930 
13558.601477894 1950363.3333333 
13694.187492673      1890770 
13831.129367599      1857735 
13969.440661275 1812413.3333333 
14109.135067888 1757773.3333333 
14250.226418567 1710056.6666667 
14392.728682753 1645223.3333333 
14536.65596958 1617124.3333333 
14682.022529276 1563493.3333333 
14828.842754569 1527573.3333333 
14977.131182115 1480773.3333333 
15126.902493936      1450480 
15278.171518875      1405310 
15430.953234064 1363523.3333333 
15585.262766404 1325743.3333333 
15741.115394068 1269113.3333333 
15898.526548009 1261035.7142857 
16057.511813489      1186240 
16218.086931624      1197725 
16380.26780094      1111830 
16544.07047895      1139295 
16709.511183739      1051335 
16876.606295577      1063500 
17045.372358532      1024965 
17215.826082118       944265 
17387.984342939     935367.5 
17561.864186368       912493 
17737.482828232       887534 
17914.857656514       853854 
18094.006233079     789539.5 
18274.94629541       787153 
18457.695758364       763997 
18642.272715948       714870 
18828.695443107       705662 
19016.982397539       689665 
19207.152221514     660652.5 
19399.223743729       616033 
19593.215981166     614000.5 
19789.148140978     593458.5 
19987.039622388     574802.5 
20186.910018612       550879 
20388.779118798       534921 
20592.666909986       514267 
20798.593579086     496357.5 
21006.579514877       479731 
21216.645310025       463025 
21428.811763126       448290 
21643.099880757 419269.66666667 
21859.530879564     411667.5 
22078.12618836       398355 
22298.907450244       385824 
22521.896524746       371551 
22747.115489993 357668.66666667 
22974.586644893     344262.5 
23204.332511342     333265.5 
23436.375836456 320811.66666667 
23670.73959482       307304 
23907.446990769       298605 
24146.521460676 286679.66666667 
24387.986675283       275580 
24631.866542036 265526.66666667 
24878.185207456     255630.5 
25126.967059531 246670.33333333 
25378.236730126       237922 
25632.019097427 228154.66666667 
25888.339288402     221725.5 
26147.222681286 208363.66666667 
26408.694908098 204513.33333333 
26672.781857179       195216 
26939.509675751 192102.33333333 
27208.904772509 184341.33333333 
27480.993820234       174159 
27755.803758436     171131.5 
28033.361796021 165558.66666667 
28313.695413981       158987 
28596.832368121 150316.66666667 
28882.800691802 146940.66666667 
29171.62869872 141244.33333333 
29463.344985707 136093.66666667 
29757.978435564 130911.33333333 
30055.55821992 124658.33333333 
30356.113802119       120790 
30659.67494014 116909.33333333 
30966.271689541       112521 
31275.934406437 108651.33333333 
31588.693750501 104880.66666667 
31904.580688006     101359.8 
32223.626494886      97160.3 
32545.862759835      93737.9 
32871.321387434     89189.15 
33200.034601308     86281.45 
33532.034947321      83297.9 
33867.355296794     80498.15 
34206.028849762     77240.35 
34548.08913826      74730.5 
34893.570029642      72386.8 
35242.505729939     69282.45 
35594.930787238      66340.6 
35950.880095111      63667.7 
36310.388896062      61461.7 
36673.492785022      59502.4 
37040.227712872        56879 
37410.629990001      54302.9 
37784.736289901      52670.5 
38162.5836528      50737.8 
38544.209489328     48701.25 
38929.651584221      46776.3 
39318.948100064      45077.4 
39712.137581064      43182.4 
40109.258956875      41269.6 
40510.351546444      40167.7 
40915.455061908      38777.7 
41324.609612527     37108.15 
41737.855708653      35915.9 
42155.234265739     34721.65 
42576.786608396     33462.85 
43002.55447448     32157.35 
43432.580019225      30717.8 
43866.905819417 29484.966666667 
44305.574877612     28202.45 
44748.630626388      27256.7 
45196.116932652      26313.2 
45648.078101978      25248.5 
46104.558882998     24040.65 
46565.604471828      23318.6 
47031.260516546 22580.733333333 
47501.573121712      21691.7 
47976.588852929      21007.2 
48456.354741458      20187.5 
48940.918288873     19409.45 
49430.327471761      18667.3 
49924.630746479      17958.4 
50423.877053944 17278.566666667 
50928.115824483      16516.1 
51437.396982728      16032.6 
51951.770952555     15436.15 
52471.288662081      14890.9 
52996.001548702      14260.9 
53525.961564189      13735.7 
54061.221179831      13273.2 
54601.833391629 12718.733333333 
55147.851725545      12274.7 
55699.330242801 11865.433333333 
56256.323545229 11396.533333333 
56818.886780681 10925.566666667 
57387.075648488      10507.4 
57960.946404973 10097.943333333 
58540.555869022 9653.5833333333 
59125.961427713      9300.87 
59717.22104199      8972.69 
60314.39325241 8632.2833333333 
60917.537184934      8305.29 
61526.712556783      8002.25 
62141.979682351      7699.21 
62763.399479174 7401.7966666667 
63391.033473966      7155.56 
64024.943808706      6844.76 
64665.193246793      6608.68 
65311.845179261     6381.965 
65964.963631053      6086.39 
66624.613267364      5875.27 
67290.859400038      5660.92 
67963.767994038      5419.65 
68643.405673978      5236.09 
69329.839730718     5062.025 
70023.138128025      4840.09 
70723.369509305      4632.53 
71430.603204399      4481.69 
72144.909236443      4336.56 
72866.358328807     4155.735 
73595.021912095      3982.14 
74330.972131216     3782.975 
75074.281852528     3661.875 
75825.024671053      3550.56 
76583.274917764      3442.95 
77349.107666942      3305.32 
78122.598743611     3176.195 
78903.824731047      3052.04 
79692.862978358     2933.475 
80489.791608141      2821.02 
81294.689524223      2711.28 
82107.636419465     2612.235 
82928.712783659     2514.235 
83757.999911496     2421.475 
84595.579910611 2312.2766666667 
85441.535709717         2208 
86295.951066814     2127.225 
87158.910577482     2048.615 
88030.499683257     1981.015 
88910.80468009      1912.21 
89799.912726891 1830.1966666667 
90697.91185416     1752.055 
91604.890972701      1693.65 
92520.939882428 1623.1533333333 
93446.149281253      1553.84 
94380.610774065      1504.91 
95324.416881806 1443.8933333333 
96277.661050624     1386.205 
97240.43766113 1330.7633333333 
98212.842037741     1278.835 
99194.970458119      1238.61 
100186.9201627      1209.66 
199060.83304441      78.1208 
399467.9878358      4.89468 
594753.39981818     0.961626 
793700.71765891     0.302449 
997811.18987739     0.123198 
1193529.3359837    0.0591128 
1399507.0114645    0.0317627 
