#  WAVELENGTH	        FLUX	
#  (ANGSTROM)	(ERG/CM2/S/A)	
############	############	
651.92238283633  4.75696E-25 
658.44160666469  1.01129E-24 
671.67628295866  2.88891E-24 
678.39304578824  7.99016E-24 
692.02874600859  2.14148E-23 
698.94903346867  5.56046E-23 
712.99790904139  1.54335E-22 
720.12788813181  3.78785E-22 
734.60245868325  8.31181E-22 
741.94848327009   1.9437E-21 
749.36796810279  4.43783E-21 
764.43026426165  9.90646E-21 
772.07456690427  2.16131E-20 
779.79531257331  4.61974E-20 
787.59326569905  9.61698E-20 
803.4238903396  1.98061E-19 
811.45812924299  3.99566E-19 
819.57271053542  7.90352E-19 
827.76843764078  1.53615E-18 
844.40658323736  2.93549E-18 
852.85064906973  5.51936E-18 
861.37915556043  1.02135E-17 
869.99294711603  1.85968E-17 
878.69287658719  3.34377E-17 
887.47980535306  5.92261E-17 
896.3546034066  1.03444E-16 
914.37133093507  1.35942E-12 
923.51504424442  4.80717E-12 
932.75019468686  6.32046E-12 
942.07769663373  1.10814E-11 
951.49847360007   1.7952E-11 
961.01345833607      2.9E-11 
970.62359291943  4.03194E-11 
980.32982884862  5.74981E-11 
990.13312713711  8.04964E-11 
1000.0344584085  1.32035E-10 
1010.0348029926  1.86924E-10 
1020.1351510225  2.66706E-10 
1030.3365025327  4.01761E-10 
1040.639867558  5.78366E-10 
1051.0462662336  7.89896E-10 
1061.556728896   1.10469E-9 
1072.1722961849   1.56492E-9 
1082.8940191468   2.15518E-9 
1093.7229593382   2.79287E-9 
1104.6601889316   5.24277E-9 
1115.7067908209   8.98856E-9 
1126.8638587291    1.2651E-8 
1138.1324973164   1.70663E-8 
1149.5138222896   2.24438E-8 
1161.0089605125   3.08579E-8 
1172.6190501176   4.08785E-8 
1184.3452406188  5.859595E-8 
1196.188693025   7.99837E-8 
1208.1505799552   6.56905E-8 
1220.2320857548   1.48799E-7 
1232.4344066123   2.13993E-7 
1244.7587506785   3.39092E-7 
1257.2063381852   5.12705E-7 
1269.7784015671   6.82999E-7 
1282.4761855828 1.0181775E-6 
1295.3009474386   1.48478E-6 
1308.253956913   2.01393E-6 
1321.3364964821   2.61042E-6 
1334.5498614469   3.84646E-6 
1347.8953600614   5.75533E-6 
1361.374313662   7.28196E-6 
1374.9880567986  1.002766E-5 
1388.7379373666   1.39539E-5 
1402.6253167403  2.051005E-5 
1416.6515699077   2.79975E-5 
1430.8180856068 3.8678947058824E-5 
1445.1262664628 4.9628223076923E-5 
1459.5775291275   6.85188E-5 
1474.1733044187  8.889445E-5 
1488.9150374629   0.00013457 
1503.8041878376 0.00016660368181818 
1518.8422297159  0.000251264 
1534.0306520131   0.01563535 
1549.3709585332    0.0425789 
1564.8646681186   0.08903875 
1580.5133147997    0.2231315 
1596.3184479477      0.26134 
1612.2816324272    0.3192225 
1628.4044487515     0.435254 
1644.688493239       0.5621 
1661.1353781714 0.91889972727273 
1677.7467319531      4.48975 
1694.5241992726     10.97285 
1711.4694412654      17.1962 
1728.584135678      33.5081 
1745.8699770348      61.9092 
1763.3286768051      63.0642 
1780.9619635732      96.3992 
1798.7715832089     101.8154 
1816.759299041      133.686 
1834.9268920314      145.237 
1853.2761609517       217.64 
1871.8089225613     304.8765 
1890.5270117869     422.2505 
1909.4322819047     487.5105 
1928.5266047238      532.484 
1947.811870771 920.71681818182 
1967.2899894787 1066.0952941176 
1986.9628893735 1293.3580952381 
2006.8325182673      1288.79 
2026.9008434499      1852.43 
2047.1698518844     1837.545 
2067.6415504033    2677.1395 
2088.3179659073      3505.38 
2109.2011455664      2524.81 
2130.293157022      4083.98 
2151.5960885923     5575.225 
2173.1120494782     6987.455 
2194.843169973 8180.9166666667 
2216.7916016727    10753.765 
2238.9595176894     9947.805 
2261.3491128663      9192.04 
2283.962603995 13567.533333333 
2306.8022300349     11731.85 
2329.8702523353     5128.205 
2353.1689548586 7091.9033333333 
2376.7006444072     3969.835 
2400.4676508513     6746.395 
2424.4723273598 25801.166666667 
2448.7170506334     30104.25 
2473.2042211397 18761.433333333 
2497.9362633511 21798.756521739 
2522.9156259846 21912.359259259 
2548.1447822445     39008.45 
2573.6262300669 25412.766666667 
2599.3624923676 14953.733333333 
2625.3561172913      69873.7 
2651.6096784642 116228.33333333 
2678.1257752488     114087.3 
2704.9070330013 82537.966666667 
2731.9561033313 47063.933333333 
2759.2756643647 52051.166666667 
2786.8684210083    10064.485 
2814.7371052184 80013.866666667 
2842.8844762706 92506.933333333 
2871.3133210333 197760.33333333 
2900.0264542436       318514 
2929.026718786     290114.5 
2958.3169859739       361739 
2987.9001558336     389367.5 
3017.779157392       443579 
3047.9569489659     455708.5 
3078.4365184556       525003 
3109.2208836401       551672 
3140.3130924765     571806.5 
3171.7162234013       527179 
3203.4333856353     528517.5 
3235.4677194916       658338 
3267.8223966866     845708.5 
3300.5006206534     821173.5 
3333.50562686       738020 
3366.8406831286     716847.5 
3400.5090899598       952162 
3434.5141808594      1062410 
3468.859322668      1058830 
3503.5479158947      1146285 
3538.5833950537    1107559.5 
3573.9692290042      1012500 
3609.7089212942      1214414 
3645.8060105072 1422133.3333333 
3682.2640706123      1664815 
3719.0867113184      1782880 
3756.2775784316      2001565 
3793.8403542159      1734760 
3831.778757758      1421205 
3870.0965453356      1833270 
3908.797510789     991729.5 
3947.8854858969       693898 
3987.3643407558      2413210 
4027.2379841634      3084130 
4067.510364005      3311040 
4108.1854676451      3557415 
4149.2673223215      3450260 
4190.7599955447      3602230 
4232.6675955002      3655070 
4274.9942714552      2986720 
4317.7442141697      3959805 
4360.9216563114      4088090 
4404.5308728746      4226035 
4448.5761816033 4642336.6666667 
4493.0619434193      5126270 
4537.9925628535      5070360 
4583.3724884821      5161915 
4629.2062133669 5318086.6666667 
4675.4982755006      5210585 
4722.2532582556      5571525 
4769.4757908381 5701473.3333333 
4817.1705487465      5597935 
4865.342254234 5381973.3333333 
4913.9956767763      5633400 
4963.1356335441      5358780 
5012.7669898795      5450870 
5062.8946597783 5570303.3333333 
5113.5236063761      5214965 
5164.6588424398      5199630 
5216.3054308642      5424875 
5268.4684851729 5349216.6666667 
5321.1531700246 5541603.3333333 
5374.3647017249      5493985 
5428.1083487421      5644190 
5482.3894322295      5550000 
5537.2133265518 5626876.6666667 
5592.5854598173      5706280 
5648.5113144155 5594606.6666667 
5704.9964275597 5685186.6666667 
5762.0463918353      5678460 
5819.6668557536 5769823.3333333 
5877.8635243112 5599393.3333333 
5936.6421595543 5674493.3333333 
5996.0085811498      5591200 
6055.9686669613      5503500 
6116.5283536309      5202800 
6177.6936371672      5373970 
6239.4705735389 5219616.6666667 
6301.8652792743      5189930 
6364.883932067      5183980 
6428.5327713877    5125027.5 
6492.8180991016 5123033.3333333 
6557.7462800926      4884640 
6623.3237428935      5041400 
6689.5569803225      5003455 
6756.4525501257      4927400 
6824.0170756269      4871150 
6892.2572463832 4806153.3333333 
6961.179818847      4693065 
7030.7916170355 4659953.3333333 
7101.0995332059    4546457.5 
7172.1105285379      4421780 
7243.8316338233    4410457.5 
7316.2699501615 4393686.6666667 
7389.4326496631    4260027.5 
7463.3269761598      4272125 
7537.9602459214    4248712.5 
7613.3398483806      4174410 
7689.4732468644    4106027.5 
7766.367979333      4084935 
7844.0316591264      3976530 
7922.4719757176    3879102.5 
8001.6966954748    3839792.5 
8081.7136624296    3771012.5 
8162.5307990539      3675560 
8244.1561070444      3652385 
8326.5976681148      3559435 
8409.863644796      3467506 
8493.9622812439    2962192.5 
8578.9019040564    3374102.5 
8664.6909230969      3153126 
8751.3378323279      3366970 
8838.8512106512      3306285 
8927.2397227577      3233894 
9016.5121199853    3187387.5 
9106.6772411851      3119952 
9197.744013597      2966235 
9289.721453733      3009482 
9382.6186682703      2899590 
9476.444854953      2878784 
9571.2093035025      2834900 
9666.9213965375      2781698 
9763.5906105029      2757984 
9861.226516608      2715968 
9959.838781774      2684562 
10059.437169592      2613135 
10160.031541288      2569955 
10261.631856701      2535435 
10364.248175268      2488390 
10467.89065702      2422805 
10572.56956359 2366513.3333333 
10678.295259226      2305485 
10785.078211819      2245130 
10892.928993937      2158060 
11001.858283876      2130480 
11111.876866715      2101720 
11222.995635382 2059576.6666667 
11335.225591736      2007610 
11448.577847653      2016405 
11563.06362613 1942546.6666667 
11678.694262391      1921345 
11795.481205015      1868580 
11913.436017065 1852413.3333333 
12032.570377236      1809395 
12152.896081008      1798050 
12274.425041818 1757206.6666667 
12397.169292236      1724520 
12521.140985159 1680363.3333333 
12646.35239501      1652980 
12772.81591896 1602403.3333333 
12900.54407815      1576180 
13029.549518932      1547995 
13159.845014121 1510486.6666667 
13291.443464262      1485235 
13424.357898905 1461876.6666667 
13558.601477894 1415076.6666667 
13694.187492673 1382103.3333333 
13831.129367599      1363575 
13969.440661275 1332816.6666667 
14109.135067888 1285206.6666667 
14250.226418567 1258136.6666667 
14392.728682753 1216213.3333333 
14536.65596958      1199773 
14682.022529276      1162980 
14828.842754569 1147366.6666667 
14977.131182115      1113470 
15126.902493936      1100080 
15278.171518875 1074073.3333333 
15430.953234064 1051823.3333333 
15585.262766404 1033806.6666667 
15741.115394068 990507.33333333 
15898.526548009 992691.57142857 
16057.511813489       951712 
16218.086931624     949967.5 
16380.26780094       899689 
16544.07047895       900200 
16709.511183739       852439 
16876.606295577       847486 
17045.372358532       813595 
17215.826082118     766407.5 
17387.984342939     747622.5 
17561.864186368       727515 
17737.482828232       707204 
17914.857656514     682963.5 
18094.006233079       648240 
18274.94629541       630585 
18457.695758364       612869 
18642.272715948       584255 
18828.695443107       566182 
19016.982397539       555190 
19207.152221514       533052 
19399.223743729     507662.5 
19593.215981166       494758 
19789.148140978       478550 
19987.039622388       465734 
20186.910018612       444970 
20388.779118798     434054.5 
20592.666909986       416923 
20798.593579086       402549 
21006.579514877     390163.5 
21216.645310025     376972.5 
21428.811763126       366207 
21643.099880757       346762 
21859.530879564     335942.5 
22078.12618836     325321.5 
22298.907450244       315233 
22521.896524746     303262.5 
22747.115489993 287864.66666667 
22974.586644893       276239 
23204.332511342       258188 
23436.375836456 250392.66666667 
23670.73959482       238871 
23907.446990769     235326.5 
24146.521460676 223379.66666667 
24387.986675283       214114 
24631.866542036       209540 
24878.185207456     203820.5 
25126.967059531       196069 
25378.236730126       190290 
25632.019097427 183669.33333333 
25888.339288402       179607 
26147.222681286 171737.33333333 
26408.694908098 166284.33333333 
26672.781857179       161574 
26939.509675751       157269 
27208.904772509 151635.33333333 
27480.993820234 144902.66666667 
27755.803758436     141387.5 
28033.361796021 136963.66666667 
28313.695413981 131878.33333333 
28596.832368121 126123.66666667 
28882.800691802 122182.66666667 
29171.62869872 117432.66666667 
29463.344985707 113370.33333333 
29757.978435564 109108.66666667 
30055.55821992 104677.66666667 
30356.113802119     101223.4 
30659.67494014 97568.033333333 
30966.271689541 93972.066666667 
31275.934406437 90812.233333333 
31588.693750501 87713.966666667 
31904.580688006     84850.26 
32223.626494886      81332.8 
32545.862759835      78503.7 
32871.321387434     75281.35 
33200.034601308     72242.05 
33532.034947321      69783.9 
33867.355296794     67375.35 
34206.028849762     64772.85 
34548.08913826      62709.7 
34893.570029642      60789.1 
35242.505729939     58155.55 
35594.930787238      55681.5 
35950.880095111      53546.4 
36310.388896062      51640.8 
36673.492785022      49936.4 
37040.227712872      47851.7 
37410.629990001     45715.05 
37784.736289901      44264.2 
38162.5836528     42744.55 
38544.209489328      40998.4 
38929.651584221      39452.1 
39318.948100064        37954 
39712.137581064     36329.75 
40109.258956875     34989.25 
40510.351546444     33865.75 
40915.455061908     32736.25 
41324.609612527      31415.7 
41737.855708653      30306.5 
42155.234265739      29326.5 
42576.786608396     27829.65 
43002.55447448     26137.25 
43432.580019225     24521.85 
43866.905819417 23154.566666667 
44305.574877612      21695.6 
44748.630626388     21075.45 
45196.116932652      19913.1 
45648.078101978 19135.966666667 
46104.558882998      18343.2 
46565.604471828     17913.75 
47031.260516546      17309.2 
47501.573121712      16689.8 
47976.588852929     16235.75 
48456.354741458 15686.733333333 
48940.918288873     15098.85 
49430.327471761      14590.6 
49924.630746479      14063.3 
50423.877053944 13565.333333333 
50928.115824483     13079.95 
51437.396982728      12712.8 
51951.770952555      12219.7 
52471.288662081 11894.166666667 
52996.001548702 11397.333333333 
53525.961564189      11060.6 
54061.221179831      10686.7 
54601.833391629      10273.2 
55147.851725545      9974.96 
55699.330242801 9684.2566666667 
56256.323545229      9319.33 
56818.886780681 8966.4133333333 
57387.075648488 8661.4033333333 
57960.946404973 8339.4766666667 
58540.555869022      8019.28 
59125.961427713 7732.5166666667 
59717.22104199      7481.36 
60314.39325241      7194.51 
60917.537184934 6937.3566666667 
61526.712556783      6716.02 
62141.979682351 6464.6266666667 
62763.399479174 6235.6933333333 
63391.033473966 6029.6133333333 
64024.943808706 5777.8714285714 
64665.193246793      5585.25 
65311.845179261     5401.195 
65964.963631053      5157.06 
66624.613267364      4985.61 
67290.859400038     4810.395 
67963.767994038     4603.255 
68643.405673978      4448.98 
69329.839730718      4302.74 
70023.138128025       4116.3 
70723.369509305     3942.045 
71430.603204399      3814.26 
72144.909236443      3690.52 
72866.358328807      3538.72 
73595.021912095      3390.94 
74330.972131216     3237.965 
75074.281852528      3119.22 
75825.024671053      3025.18 
76583.274917764      2933.73 
77349.107666942      2816.93 
78122.598743611      2707.38 
78903.824731047      2601.58 
79692.862978358      2500.16 
80489.791608141     2404.485 
81294.689524223      2311.03 
82107.636419465      2227.04 
82928.712783659     2143.005 
83757.999911496     2064.165 
84595.579910611 1971.5033333333 
85441.535709717      1882.52 
86295.951066814      1814.85 
87158.910577482      1749.82 
88030.499683257     1688.885 
88910.80468009      1630.27 
89799.912726891 1560.4333333333 
90697.91185416      1493.26 
91604.890972701     1444.385 
92520.939882428 1384.2533333333 
93446.149281253      1326.29 
94380.610774065     1283.355 
95324.416881806 1231.2566666667 
96277.661050624      1182.18 
97240.43766113 1134.5366666667 
98212.842037741     1090.595 
99194.970458119      1056.13 
100186.9201627      1031.69 
199060.83304441      66.5203 
399467.9878358      4.15204 
594753.39981818     0.813718 
793700.71765891     0.255423 
997811.18987739     0.103861 
1193529.3359837    0.0497599 
1399507.0114645    0.0266998 
