#  WAVELENGTH	        FLUX	
#  (ANGSTROM)	(ERG/CM2/S/A)	
############	############	
216.03464436659  5.38631E-23 
218.19499081026  2.03454E-22 
222.58071012555  5.82851E-22 
224.8065172268  1.92685E-21 
229.32512822306  5.12645E-21 
233.93456330034  1.66328E-20 
238.63664802268  9.07031E-20 
245.86757709442  5.22262E-19 
250.80951539401  2.37851E-18 
255.85078665343  7.06203E-18 
258.40929451997  1.52509E-17 
263.60332133982  3.89394E-17 
266.23935455322   1.0757E-16 
271.59076557974  3.20034E-16 
277.04973996789  9.24314E-16 
282.61843974125  2.83814E-15 
288.29907038004  9.19652E-15 
294.09388169468  2.82827E-14 
300.00516871675   7.0185E-14 
306.03527260795  2.39261E-13 
315.30844740325  1.25674E-12 
324.86260866801  5.99951E-12 
334.70627057326  2.61384E-11 
344.8482052779  1.05341E-10 
355.29745074603   3.7156E-10 
362.43892950602   1.15239E-9 
373.42119150899   3.35192E-9 
384.7362270329   1.05139E-8 
392.46942519626   3.08313E-8 
404.36164124913   8.70046E-8 
412.48931023824   2.11525E-7 
420.78034537403   4.51481E-7 
429.23803031605   9.29051E-7 
437.8657147254   2.45954E-6 
446.66681559138   5.67351E-6 
455.64481858477   1.16906E-5 
469.4513122327    2.5208E-5 
478.88728360858   5.28681E-5 
488.51291800911   0.00010796 
498.3320276611  0.000213471 
503.31534793771   0.00367306 
508.34850141708   0.00824255 
518.56630629557    0.0127124 
528.98948905211    0.0212358 
539.62217778206    0.0342222 
545.01839955988    0.0574873 
555.97326939103     0.091559 
567.14833210579     0.144987 
578.54801358112     0.215287 
584.33349371693     0.339035 
596.07859694064     0.506284 
608.05977673914     0.760295 
614.14037450653      1.09844 
626.48459603412      1.59017 
639.0769364144      2.22755 
645.46770577855      3.17345 
651.92238283633      4.15509 
658.44160666469      5.14912 
671.67628295866      7.05139 
678.39304578824      9.62409 
692.02874600859       13.103 
698.94903346867       17.334 
712.99790904139      23.6941 
720.12788813181      31.3214 
734.60245868325      39.5423 
741.94848327009      51.3206 
749.36796810279      66.0254 
764.43026426165      84.2327 
772.07456690427      107.589 
779.79531257331      136.442 
787.59326569905      168.807 
803.4238903396      211.344 
811.45812924299      263.282 
819.57271053542      324.022 
827.76843764078      394.089 
844.40658323736      487.352 
852.85064906973      590.894 
861.37915556043      719.349 
869.99294711603      859.622 
878.69287658719      1040.93 
887.47980535306       1241.9 
896.3546034066      1452.14 
914.37133093507      30553.6 
923.51504424442       207997 
932.75019468686       308337 
942.07769663373       554913 
951.49847360007      1265690 
961.01345833607      1755640 
970.62359291943      1047410 
980.32982884862      2902790 
990.13312713711      2946030 
1000.0344584085      3688440 
1010.0348029926      3510150 
1020.1351510225      1422010 
1030.3365025327      2930990 
1040.639867558      5928550 
1051.0462662336      7577760 
1061.556728896      7315570 
1072.1722961849      9423920 
1082.8940191468     10155400 
1093.7229593382     11584500 
1104.6601889316     60121500 
1115.7067908209    121917000 
1126.8638587291    159720000 
1138.1324973164    142304000 
1149.5138222896    186831000 
1161.0089605125    214559000 
1172.6190501176    206543000 
1184.3452406188     90151600 
1196.188693025     26220200 
1208.1505799552      3398480 
1220.2320857548     17869900 
1232.4344066123    150477000 
1244.7587506785    333959500 
1257.2063381852    245405000 
1269.7784015671    434174000 
1282.4761855828    488991000 
1295.3009474386    172873000 
1308.253956913    464654000 
1321.3364964821    562426000 
1334.5498614469    531130500 
1347.8953600614    595106000 
1361.374313662    493108000 
1374.9880567986    579490000 
1388.7379373666    581214000 
1402.6253167403    550060500 
1416.6515699077    603437000 
1430.8180856068 585241117.64706 
1445.1262664628 673671307.69231 
1459.5775291275    595598000 
1474.1733044187    587992000 
1488.9150374629    672731000 
1503.8041878376 608482636.36364 
1518.8422297159    563274000 
1534.0306520131    542336500 
1549.3709585332    503843000 
1564.8646681186    480765000 
1580.5133147997    574308000 
1596.3184479477    547628000 
1612.2816324272    529194000 
1628.4044487515    529589000 
1644.688493239    510537500 
1661.1353781714 474221318.18182 
1677.7467319531    573398000 
1694.5241992726    508277000 
1711.4694412654    436696000 
1728.584135678    471650000 
1745.8699770348    531970000 
1763.3286768051    449975000 
1780.9619635732    516334000 
1798.7715832089    506620500 
1816.759299041    482576000 
1834.9268920314    439326500 
1853.2761609517    423209500 
1871.8089225613    464949500 
1890.5270117869    434418500 
1909.4322819047    438845000 
1928.5266047238    452079500 
1947.811870771 457531818.18182 
1967.2899894787 478702058.82353 
1986.9628893735 441639285.71429 
2006.8325182673    427348500 
2026.9008434499    431638000 
2047.1698518844    413084000 
2067.6415504033    436991950 
2088.3179659073    404742500 
2109.2011455664    405604500 
2130.293157022    368293500 
2151.5960885923    389894000 
2173.1120494782    362767000 
2194.843169973    358155000 
2216.7916016727    331395000 
2238.9595176894    304311500 
2261.3491128663    318904500 
2283.962603995 317879666.66667 
2306.8022300349    277061500 
2329.8702523353    248129500 
2353.1689548586 250743666.66667 
2376.7006444072    234470500 
2400.4676508513    237241000 
2424.4723273598 256229666.66667 
2448.7170506334    256062000 
2473.2042211397 253124333.33333 
2497.9362633511 261162826.08696 
2522.9156259846 234797111.11111 
2548.1447822445    244576500 
2573.6262300669    258065000 
2599.3624923676 243047666.66667 
2625.3561172913    264169000 
2651.6096784642 257397666.66667 
2678.1257752488    247168000 
2704.9070330013 245082666.66667 
2731.9561033313 231951333.33333 
2759.2756643647 235325666.66667 
2786.8684210083    208188000 
2814.7371052184 241402333.33333 
2842.8844762706    226253000 
2871.3133210333 224639333.33333 
2900.0264542436    241651000 
2929.026718786    230337000 
2958.3169859739    230517000 
2987.9001558336    232172500 
3017.779157392    229541000 
3047.9569489659    222857500 
3078.4365184556    222662000 
3109.2208836401    213545500 
3140.3130924765    211473000 
3171.7162234013    201069000 
3203.4333856353    201979000 
3235.4677194916    198817000 
3267.8223966866    197156500 
3300.5006206534    193369500 
3333.50562686    187450000 
3366.8406831286    184076000 
3400.5090899598    182534000 
3434.5141808594    179226000 
3468.859322668    174948000 
3503.5479158947    173513500 
3538.5833950537    169949500 
3573.9692290042    166262000 
3609.7089212942    163210800 
3645.8060105072 161944666.66667 
3682.2640706123    155699500 
3719.0867113184    172950000 
3756.2775784316    215121500 
3793.8403542159    235512000 
3831.778757758    282874500 
3870.0965453356    190024000 
3908.797510789    290095000 
3947.8854858969    231307500 
3987.3643407558    276294000 
4027.2379841634    274084500 
4067.510364005    247249500 
4108.1854676451    215020500 
4149.2673223215    251150000 
4190.7599955447    243266000 
4232.6675955002    233822500 
4274.9942714552    226412000 
4317.7442141697    170678000 
4360.9216563114    211068000 
4404.5308728746    208715500 
4448.5761816033    200927000 
4493.0619434193    195025000 
4537.9925628535    189408000 
4583.3724884821    185061000 
4629.2062133669    178545000 
4675.4982755006    171499500 
4722.2532582556    168289500 
4769.4757908381 163058666.66667 
4817.1705487465    143297500 
4865.342254234 135644666.66667 
4913.9956767763    146287000 
4963.1356335441    141758000 
5012.7669898795    135593000 
5062.8946597783    132479000 
5113.5236063761    128016000 
5164.6588424398    123428000 
5216.3054308642    119922000 
5268.4684851729    116431000 
5321.1531700246 113139333.33333 
5374.3647017249    109545000 
5428.1083487421 106516333.33333 
5482.3894322295 103022333.33333 
5537.2133265518 99660933.333333 
5592.5854598173     97207850 
5648.5113144155     93919300 
5704.9964275597 91187866.666667 
5762.0463918353     87974000 
5819.6668557536 84864166.666667 
5877.8635243112 82180333.333333 
5936.6421595543 79240733.333333 
5996.0085811498     77024300 
6055.9686669613     74530000 
6116.5283536309 71832966.666667 
6177.6936371672 69845833.333333 
6239.4705735389 67418133.333333 
6301.8652792743 65097366.666667 
6364.883932067 63170033.333333 
6428.5327713877     60995375 
6492.8180991016     56499900 
6557.7462800926 51694333.333333 
6623.3237428935 55387966.666667 
6689.5569803225     53575675 
6756.4525501257 51780666.666667 
6824.0170756269     49981400 
6892.2572463832 48289966.666667 
6961.179818847     46733925 
7030.7916170355 45121666.666667 
7101.0995332059     43660500 
7172.1105285379 42283233.333333 
7243.8316338233     40924150 
7316.2699501615 39670633.333333 
7389.4326496631     38344625 
7463.3269761598     36922300 
7537.9602459214     35711575 
7613.3398483806 34595266.666667 
7689.4732468644     33529100 
7766.367979333     32242325 
7844.0316591264     31102000 
7922.4719757176     30067825 
8001.6966954748     29188925 
8081.7136624296     28205400 
8162.5307990539     27164925 
8244.1561070444     26456050 
8326.5976681148     25634425 
8409.863644796     24519380 
8493.9622812439     23515325 
8578.9019040564     23060100 
8664.6909230969     21979080 
8751.3378323279     23307475 
8838.8512106512     21067100 
8927.2397227577     21468040 
9016.5121199853     20786350 
9106.6772411851     21006820 
9197.744013597     18038775 
9289.721453733     19726240 
9382.6186682703     18962440 
9476.444854953     16747420 
9571.2093035025     17538375 
9666.9213965375     17159000 
9763.5906105029     16543300 
9861.226516608     15918140 
9959.838781774 14837373.333333 
10059.437169592     13945300 
10160.031541288     14344500 
10261.631856701     13868950 
10364.248175268     13393950 
10467.89065702     12905850 
10572.56956359 12355433.333333 
10678.295259226     11850850 
10785.078211819     11392900 
10892.928993937     10088830 
11001.858283876     10709800 
11111.876866715     10393350 
11222.995635382      9921500 
11335.225591736      9579295 
11448.577847653      9287345 
11563.06362613 8900046.6666667 
11678.694262391      8548405 
11795.481205015      8300805 
11913.436017065      8002710 
12032.570377236      7701040 
12152.896081008      7473185 
12274.425041818      7195620 
12397.169292236      6927695 
12521.140985159 6679133.3333333 
12646.35239501      6434450 
12772.81591896 5859873.3333333 
12900.54407815      5952420 
13029.549518932      5752735 
13159.845014121 5549486.6666667 
13291.443464262      5364680 
13424.357898905 5178763.3333333 
13558.601477894      4969110 
13694.187492673 4773353.3333333 
13831.129367599      4618315 
13969.440661275      4468060 
14109.135067888 4295186.6666667 
14250.226418567      4130550 
14392.728682753 3965593.3333333 
14536.65596958      3827191 
14682.022529276      3686190 
14828.842754569      3553430 
14977.131182115      3424280 
15126.902493936      3298740 
15278.171518875 3171856.6666667 
15430.953234064 3051786.6666667 
15585.262766404      2938550 
15741.115394068 2833836.6666667 
15898.526548009 2767992.8571429 
16057.511813489      2581130 
16218.086931624      2599555 
16380.26780094      2397630 
16544.07047895      2462640 
16709.511183739      2248355 
16876.606295577      2273610 
17045.372358532      2205545 
17215.826082118      2020610 
17387.984342939      2004420 
17561.864186368      1955470 
17737.482828232      1893735 
17914.857656514      1811450 
18094.006233079      1657725 
18274.94629541      1670580 
18457.695758364      1617710 
18642.272715948      1508505 
18828.695443107      1503120 
19016.982397539      1450560 
19207.152221514      1388265 
19399.223743729      1280640 
19593.215981166      1289570 
19789.148140978      1241185 
19987.039622388      1194830 
20186.910018612      1150515 
20388.779118798      1108315 
20592.666909986      1067925 
20798.593579086      1029515 
21006.579514877       992317 
21216.645310025     956747.5 
21428.811763126       920295 
21643.099880757 857027.66666667 
21859.530879564     846153.5 
22078.12618836       817369 
22298.907450244       789925 
22521.896524746       763465 
22747.115489993       732324 
22974.586644893     702682.5 
23204.332511342       679986 
23436.375836456       652926 
23670.73959482       627089 
23907.446990769       607057 
24146.521460676 583395.33333333 
24387.986675283       560717 
24631.866542036 539249.66666667 
24878.185207456     517792.5 
25126.967059531       498131 
25378.236730126     481982.5 
25632.019097427 461287.66666667 
25888.339288402     446170.5 
26147.222681286       414308 
26408.694908098 413525.66666667 
26672.781857179     387952.5 
26939.509675751 387167.33333333 
27208.904772509 370403.33333333 
27480.993820234 345531.66666667 
27755.803758436     343803.5 
28033.361796021       332132 
28313.695413981 318456.33333333 
28596.832368121 296370.66666667 
28882.800691802 293805.66666667 
29171.62869872       282548 
29463.344985707 271663.33333333 
29757.978435564       261257 
30055.55821992 246188.66666667 
30356.113802119 238532.66666667 
30659.67494014       232777 
30966.271689541 224305.33333333 
31275.934406437       216114 
31588.693750501       208292 
31904.580688006     201070.4 
32223.626494886       192549 
32545.862759835       185499 
32871.321387434       173980 
33200.034601308     170726.5 
33532.034947321       164931 
33867.355296794     159415.5 
34206.028849762       152369 
34548.08913826       147314 
34893.570029642     142481.5 
35242.505729939       136330 
35594.930787238       130499 
35950.880095111     124965.5 
36310.388896062       120910 
36673.492785022     117121.5 
37040.227712872     111191.5 
37410.629990001       106015 
37784.736289901     103334.5 
38162.5836528     99280.35 
38544.209489328      95476.4 
38929.651584221     91179.05 
39318.948100064      88359.2 
39712.137581064      84454.8 
40109.258956875      79465.4 
40510.351546444      78603.2 
40915.455061908      75841.2 
41324.609612527      71665.7 
41737.855708653     70150.85 
42155.234265739     67783.35 
42576.786608396      65334.4 
43002.55447448     62995.55 
43432.580019225      59668.3 
43866.905819417 57841.266666667 
44305.574877612      55622.3 
44748.630626388     53673.35 
45196.116932652      51833.2 
45648.078101978      49643.5 
46104.558882998     46388.55 
46565.604471828      44774.6 
47031.260516546      44113.5 
47501.573121712      42360.5 
47976.588852929     41001.85 
48456.354741458 39376.333333333 
48940.918288873      37824.5 
49430.327471761      36352.5 
49924.630746479      34936.3 
50423.877053944 33588.733333333 
50928.115824483      31480.3 
51437.396982728      31043.9 
51951.770952555     30000.65 
52471.288662081 28846.133333333 
52996.001548702      27660.8 
53525.961564189     26538.25 
54061.221179831        25709 
54601.833391629      24585.4 
55147.851725545      23627.8 
55699.330242801 22932.466666667 
56256.323545229 21988.866666667 
56818.886780681 20930.633333333 
57387.075648488        20238 
57960.946404973 19418.666666667 
58540.555869022 18281.266666667 
59125.961427713 17693.666666667 
59717.22104199 17211.233333333 
60314.39325241      16587.4 
60917.537184934      15962.5 
61526.712556783 15360.533333333 
62141.979682351        14729 
62763.399479174 14012.266666667 
63391.033473966      13707.7 
64024.943808706 13111.828571429 
64665.193246793      12660.8 
65311.845179261      12209.6 
65964.963631053      11636.4 
66624.613267364        11223 
67290.859400038      10671.9 
67963.767994038        10332 
68643.405673978      9994.72 
69329.839730718     9654.905 
70023.138128025      9231.48 
70723.369509305     8819.655 
71430.603204399      8537.61 
72144.909236443      8251.28 
72866.358328807      7906.23 
73595.021912095      7557.06 
74330.972131216     6962.155 
75074.281852528      6923.66 
75825.024671053      6744.43 
76583.274917764      6539.18 
77349.107666942     6248.515 
78122.598743611     6021.075 
78903.824731047     5788.825 
79692.862978358     5562.665 
80489.791608141      5345.21 
81294.689524223      5105.66 
82107.636419465      4947.22 
82928.712783659     4761.155 
83757.999911496     4583.515 
84595.579910611 4373.7333333333 
85441.535709717      4169.99 
86295.951066814     3979.505 
87158.910577482     3801.725 
88030.499683257     3740.795 
88910.80468009      3610.97 
89799.912726891      3454.78 
90697.91185416     3306.395 
91604.890972701      3193.57 
92520.939882428 3054.5933333333 
93446.149281253      2885.64 
94380.610774065      2830.48 
95324.416881806 2717.6733333333 
96277.661050624     2608.735 
97240.43766113 2503.4566666667 
98212.842037741     2401.745 
99194.970458119      2328.96 
100186.9201627      2273.84 
199060.83304441      143.336 
399467.9878358      8.80161 
594753.39981818      1.71266 
793700.71765891     0.535468 
997811.18987739     0.217226 
1193529.3359837     0.103928 
1399507.0114645    0.0557176 
