#   Isochrone  Z = 0.04237   Y = 0.32598   [M/H] = 0.511   eta_R = 0.200   Age =    2.5119e+07 yr
#      Z   log(age/yr)   M_ini      M_act   logL/Lo   logTe   logG   mbol    U       B       V       R       I       J       H       K   int_IMF   stage
   0.042375   7.4000   0.10284453   0.1028   -2.3204   3.3671   4.1910   10.571   19.549   18.012   16.487   14.229   11.882   8.453   7.925   7.406   1.59781313   0
   0.042375   7.4000   0.10446732   0.1045   -2.3100   3.3683   4.1923   10.545   19.479   17.948   16.426   14.178   11.839   8.428   7.900   7.384   1.61309493   0
   0.042375   7.4000   0.12284452   0.1228   -2.1997   3.3812   4.2037   10.269   18.733   17.275   15.779   13.645   11.383   8.169   7.638   7.146   1.77049422   0
   0.042375   7.4000   0.13048339   0.1305   -2.1593   3.3861   4.2094   10.168   18.452   17.021   15.536   13.445   11.212   8.074   7.543   7.060   1.82866395   0
   0.042375   7.4000   0.14284453   0.1428   -2.0984   3.3936   4.2175   10.016   18.027   16.638   15.169   13.143   10.955   7.931   7.399   6.929   1.91490304   0
   0.042375   7.4000   0.16568905   0.1657   -1.9964   3.4063   4.2310   9.761   17.296   15.983   14.542   12.630   10.519   7.692   7.159   6.712   2.05338860   0
   0.042375   7.4000   0.20711133   0.2071   -1.8412   3.4269   4.2550   9.373   16.132   14.945   13.549   11.822   9.836   7.332   6.796   6.385   2.25202560   0
   0.042375   7.4000   0.23957109   0.2396   -1.7300   3.4404   4.2609   9.095   15.394   14.283   12.917   11.297   9.389   7.073   6.532   6.146   2.37374401   0
   0.042375   7.4000   0.26918879   0.2692   -1.6082   3.4543   4.2456   8.790   14.667   13.623   12.281   10.756   8.934   6.790   6.240   5.879   2.46616483   0
   0.042375   7.4000   0.28328007   0.2833   -1.4439   3.4662   4.1511   8.380   13.910   12.940   11.633   10.180   8.426   6.398   5.833   5.496   2.50500751   0
   0.042375   7.4000   0.29277864   0.2928   -1.4170   3.4692   4.1501   8.312   13.778   12.815   11.515   10.076   8.336   6.335   5.766   5.435   2.52959585   0
   0.042375   7.4000   0.30711132   0.3071   -1.3781   3.4734   4.1490   8.215   13.596   12.640   11.348   9.930   8.208   6.245   5.668   5.347   2.56451964   0
   0.042375   7.4000   0.33366707   0.3337   -1.3127   3.4802   4.1467   8.052   13.302   12.356   11.076   9.689   7.998   6.094   5.503   5.197   2.62307525   0
   0.042375   7.4000   0.36255556   0.3626   -1.2475   3.4871   4.1451   7.889   13.035   12.086   10.803   9.442   7.793   5.946   5.339   5.046   2.67885160   0
   0.042375   7.4000   0.42090315   0.4209   -1.1341   3.4998   4.1474   7.605   12.574   11.620   10.359   9.045   7.441   5.690   5.050   4.781   2.77218008   0
   0.042375   7.4000   0.44999999   0.4500   -1.0843   3.5055   4.1495   7.481   12.382   11.416   10.162   8.869   7.287   5.580   4.923   4.664   2.81098008   0
   0.042375   7.4000   0.46550146   0.4655   -1.0581   3.5083   4.1493   7.415   12.284   11.313   10.061   8.780   7.207   5.521   4.857   4.603   2.82993889   0
   0.042375   7.4000   0.50285625   0.5029   -1.0152   3.5141   4.1631   7.308   12.118   11.126   9.871   8.612   7.067   5.429   4.752   4.505   2.87146401   0
   0.042375   7.4000   0.52850217   0.5285   -1.1172   3.5139   4.2858   7.563   12.370   11.354   10.081   8.828   7.298   5.686   5.023   4.773   2.89695072   0
   0.042375   7.4000   0.55000001   0.5500   -1.2011   3.5139   4.3869   7.773   12.576   11.540   10.252   9.005   7.487   5.898   5.247   4.994   2.91663504   0
   0.042375   7.4000   0.58229750   0.5823   -1.1573   3.5205   4.3945   7.663   12.389   11.336   10.047   8.826   7.342   5.806   5.141   4.897   2.94369888   0
   0.042375   7.4000   0.60000002   0.6000   -1.1339   3.5238   4.3972   7.605   12.294   11.232   9.950   8.742   7.268   5.755   5.084   4.844   2.95739889   0
   0.042375   7.4000   0.63194734   0.6319   -1.0901   3.5307   4.4035   7.495   12.108   11.028   9.759   8.580   7.125   5.662   4.978   4.747   2.98034024   0
   0.042375   7.4000   0.64999998   0.6500   -1.0655   3.5343   4.4057   7.434   12.011   10.918   9.654   8.489   7.047   5.609   4.919   4.693   2.99236870   0
   0.042375   7.4000   0.68538839   0.6854   -1.0106   3.5438   4.4116   7.296   11.786   10.654   9.399   8.273   6.867   5.494   4.789   4.576   3.01416302   0
   0.042375   7.4000   0.69999999   0.7000   -0.9875   3.5476   4.4132   7.239   11.694   10.544   9.291   8.181   6.792   5.446   4.735   4.528   3.02253795   0
   0.042375   7.4000   0.72638839   0.7264   -0.8943   3.5804   4.4670   7.006   11.186   9.835   8.547   7.568   6.415   5.304   4.575   4.408   3.03683472   0
   0.042375   7.4000   0.75000000   0.7500   -0.8103   3.6095   4.5132   6.796   10.706   9.220   7.925   7.025   6.122   5.174   4.477   4.339   3.04879928   0
   0.042375   7.4000   0.76415277   0.7642   -0.7904   3.6124   4.5131   6.746   10.627   9.133   7.841   6.948   6.068   5.133   4.436   4.303   3.05562687   0
   0.042375   7.4000   0.80000001   0.8000   -0.7340   3.6203   4.5083   6.605   10.407   8.891   7.610   6.733   5.918   5.015   4.319   4.198   3.07187057   0
   0.042375   7.4000   0.82579851   0.8258   -0.6908   3.6270   4.5055   6.497   10.214   8.700   7.429   6.567   5.803   4.926   4.237   4.125   3.08268714   0
   0.042375   7.4000   0.85000002   0.8500   -0.6458   3.6338   4.5005   6.385   9.998   8.500   7.243   6.395   5.683   4.833   4.158   4.052   3.09222293   0
   0.042375   7.4000   0.86794454   0.8679   -0.6123   3.6389   4.4965   6.301   9.827   8.349   7.103   6.267   5.594   4.765   4.103   4.000   3.09894156   0
   0.042375   7.4000   0.89999998   0.9000   -0.5494   3.6486   4.4881   6.143   9.476   8.062   6.845   6.036   5.428   4.638   4.005   3.908   3.11026096   0
   0.042375   7.4000   0.94999999   0.9500   -0.4407   3.6656   4.4707   5.872   8.826   7.568   6.422   5.669   5.142   4.417   3.839   3.752   3.12635612   0
   0.042375   7.4000   0.98918217   0.9892   -0.3438   3.6811   4.4534   5.629   8.233   7.134   6.060   5.368   4.893   4.223   3.694   3.615   3.13780499   0
   0.042375   7.4000   1.00000000   1.0000   -0.3154   3.6856   4.4480   5.559   8.065   7.012   5.959   5.285   4.820   4.167   3.652   3.574   3.14080405   0
   0.042375   7.4000   1.01063883   1.0106   -0.2874   3.6901   4.4423   5.488   7.901   6.892   5.859   5.202   4.749   4.111   3.609   3.534   3.14368773   0
   0.042375   7.4000   1.04264665   1.0426   -0.1980   3.7040   4.4220   5.265   7.392   6.527   5.554   4.950   4.526   3.934   3.473   3.404   3.15198064   0
   0.042375   7.4000   1.07345009   1.0735   -0.1066   3.7179   4.3990   5.037   6.900   6.169   5.255   4.697   4.301   3.755   3.331   3.269   3.15945840   0
   0.042375   7.4000   1.09288871   1.0929   -0.0469   3.7269   4.3829   4.887   6.593   5.946   5.067   4.536   4.156   3.639   3.238   3.180   3.16394353   0
   0.042375   7.4000   1.09661841   1.0966   -0.0350   3.7286   4.3793   4.857   6.533   5.903   5.030   4.505   4.127   3.616   3.219   3.162   3.16478443   0
   0.042375   7.4000   1.12617064   1.1262   0.0562   3.7416   4.3519   4.629   6.091   5.573   4.753   4.265   3.908   3.438   3.075   3.022   3.17123508   0
   0.042375   7.4000   1.14288867   1.1429   0.1054   3.7488   4.3376   4.506   5.860   5.400   4.608   4.138   3.792   3.343   2.998   2.947   3.17472506   0
   0.042375   7.4000   1.14474452   1.1447   0.1111   3.7496   4.3358   4.492   5.834   5.380   4.591   4.123   3.779   3.332   2.988   2.938   3.17510557   0
   0.042375   7.4000   1.19288874   1.1929   0.1864   3.7635   4.3341   4.304   5.455   5.099   4.364   3.931   3.608   3.203   2.891   2.846   3.18453360   0
   0.042375   7.4000   1.20306528   1.2031   0.1992   3.7663   4.3363   4.272   5.387   5.048   4.325   3.898   3.580   3.183   2.878   2.833   3.18642235   0
   0.042375   7.4000   1.23250711   1.2325   0.1955   3.7695   4.3635   4.281   5.357   5.037   4.326   3.907   3.594   3.206   2.908   2.864   3.19169736   0
   0.042375   7.4000   1.24288869   1.2429   0.1896   3.7698   4.3742   4.296   5.368   5.050   4.340   3.921   3.609   3.222   2.924   2.881   3.19349289   0
   0.042375   7.4000   1.26033354   1.2603   0.1801   3.7697   4.3891   4.320   5.395   5.075   4.364   3.945   3.632   3.245   2.947   2.903   3.19643855   0
   0.042375   7.4000   1.29288864   1.2929   0.1878   3.7702   4.3946   4.300   5.369   5.053   4.344   3.926   3.614   3.228   2.931   2.888   3.20169806   0
   0.042375   7.4000   1.30278778   1.3028   0.1980   3.7709   4.3904   4.275   5.335   5.023   4.317   3.901   3.590   3.206   2.910   2.868   3.20323849   0
   0.042375   7.4000   1.34288871   1.3429   0.2601   3.7760   4.3618   4.120   5.113   4.833   4.150   3.748   3.446   3.075   2.791   2.750   3.20921493   0
   0.042375   7.4000   1.38458395   1.3846   0.3225   3.7814   4.3345   3.964   4.882   4.639   3.982   3.596   3.304   2.948   2.675   2.637   3.21501422   0
   0.042375   7.4000   1.39288867   1.3929   0.3346   3.7825   4.3294   3.934   4.834   4.600   3.949   3.568   3.278   2.925   2.653   2.617   3.21612215   0
   0.042375   7.4000   1.44288874   1.4429   0.4096   3.7894   4.2972   3.746   4.536   4.358   3.747   3.392   3.116   2.780   2.521   2.490   3.22248864   0
   0.042375   7.4000   1.48927712   1.4893   0.4846   3.7968   4.2654   3.558   4.253   4.120   3.547   3.215   2.953   2.635   2.391   2.364   3.22796321   0
   0.042375   7.4000   1.49288869   1.4929   0.4904   3.7974   4.2633   3.544   4.231   4.101   3.531   3.202   2.941   2.624   2.382   2.355   3.22837305   0
   0.042375   7.4000   1.54288864   1.5429   0.5662   3.8054   4.2338   3.354   3.964   3.864   3.331   3.020   2.773   2.477   2.251   2.227   3.23382664   0
   0.042375   7.4000   1.54908383   1.5491   0.5763   3.8066   4.2303   3.329   3.929   3.832   3.304   2.996   2.751   2.458   2.234   2.211   3.23447466   0
   0.042375   7.4000   1.59288871   1.5929   0.6566   3.8176   4.2062   3.128   3.647   3.574   3.091   2.806   2.579   2.313   2.112   2.091   3.23889279   0
   0.042375   7.4000   1.60378087   1.6038   0.6764   3.8206   4.2010   3.079   3.578   3.510   3.038   2.759   2.537   2.278   2.083   2.063   3.23994803   0
   0.042375   7.4000   1.63081682   1.6308   0.7388   3.8315   4.1894   2.923   3.354   3.303   2.872   2.616   2.412   2.178   2.004   1.986   3.24249506   0
   0.042375   7.4000   1.66216826   1.6622   0.8030   3.8465   4.1935   2.763   3.122   3.081   2.702   2.476   2.299   2.099   1.951   1.935   3.24532557   0
   0.042375   7.4000   1.68577743   1.6858   0.8283   3.8549   4.2081   2.699   3.024   2.986   2.634   2.426   2.263   2.081   1.949   1.934   3.24737453   0
   0.042375   7.4000   1.69851601   1.6985   0.8442   3.8604   4.2177   2.660   2.963   2.926   2.592   2.396   2.242   2.072   1.950   1.936   3.24845195   0
   0.042375   7.4000   1.73577738   1.7358   0.8747   3.8675   4.2247   2.583   2.866   2.828   2.514   2.332   2.191   2.036   1.925   1.912   3.25149560   0
   0.042375   7.4000   1.74910867   1.7491   0.8830   3.8698   4.2289   2.562   2.838   2.799   2.493   2.315   2.178   2.028   1.921   1.908   3.25254726   1
   0.042375   7.4000   1.78577733   1.7858   0.9219   3.8772   4.2288   2.465   2.722   2.679   2.395   2.233   2.109   1.974   1.878   1.866   3.25534368   1
   0.042375   7.4000   1.83577740   1.8358   0.9735   3.8872   4.2290   2.336   2.571   2.521   2.267   2.125   2.019   1.903   1.823   1.812   3.25894356   1
   0.042375   7.4000   1.88577735   1.8858   1.0225   3.8968   4.2302   2.214   2.430   2.373   2.148   2.026   1.937   1.839   1.773   1.763   3.26231718   1
   0.042375   7.4000   1.93577743   1.9358   1.0709   3.9060   4.2302   2.093   2.294   2.230   2.033   1.930   1.857   1.775   1.721   1.712   3.26548433   1
   0.042375   7.4000   1.98577738   1.9858   1.1177   3.9150   4.2304   1.976   2.163   2.094   1.925   1.840   1.781   1.715   1.672   1.664   3.26846266   1
   0.042375   7.4000   2.03577733   2.0358   1.1633   3.9236   4.2300   1.862   2.036   1.965   1.822   1.755   1.708   1.656   1.622   1.615   3.27126503   1
   0.042375   7.4000   2.08577728   2.0858   1.2077   3.9321   4.2301   1.751   1.913   1.845   1.726   1.673   1.639   1.599   1.575   1.569   3.27390122   1
   0.042375   7.4000   2.13577747   2.1358   1.2505   3.9403   4.2302   1.644   1.793   1.734   1.637   1.597   1.573   1.546   1.528   1.524   3.27638459   1
   0.042375   7.4000   2.18577743   2.1858   1.2925   3.9480   4.2291   1.539   1.676   1.631   1.553   1.523   1.507   1.491   1.480   1.477   3.27872729   1
   0.042375   7.4000   2.24288869   2.2429   1.3396   3.9568   4.2283   1.421   1.544   1.518   1.461   1.442   1.435   1.431   1.427   1.425   3.28124499   1
   0.042375   7.4000   2.29288864   2.2929   1.3791   3.9641   4.2276   1.322   1.436   1.428   1.387   1.375   1.376   1.382   1.382   1.382   3.28332138   1
   0.042375   7.4000   2.38577747   2.3858   1.4502   3.9772   4.2264   1.145   1.247   1.275   1.260   1.260   1.271   1.294   1.300   1.304   3.28689384   1
   0.042375   7.4000   2.56444335   2.5644   1.5759   4.0006   4.2254   0.830   0.931   1.026   1.050   1.066   1.093   1.142   1.159   1.169   3.29287004   1
   0.042375   7.4000   2.74310946   2.7431   1.6938   4.0217   4.2214   0.535   0.655   0.810   0.860   0.887   0.925   0.997   1.021   1.038   3.29786420   1
   0.042375   7.4000   2.83397007   2.8340   1.7520   4.0319   4.2181   0.390   0.515   0.703   0.764   0.795   0.837   0.921   0.949   0.968   3.30009365   1
   0.042375   7.4000   2.94310951   2.9431   1.8198   4.0436   4.2136   0.221   0.350   0.578   0.651   0.685   0.733   0.829   0.861   0.884   3.30253768   1
   0.042375   7.4000   3.14310956   3.1431   1.9372   4.0636   4.2045   -0.073   0.076   0.369   0.458   0.498   0.554   0.671   0.709   0.737   3.30645251   1
   0.042375   7.4000   3.34310961   3.3431   2.0472   4.0821   4.1954   -0.348   -0.176   0.176   0.279   0.323   0.386   0.520   0.563   0.596   3.30976033   1
   0.042375   7.4000   3.54310942   3.5431   2.1505   4.0992   4.1858   -0.606   -0.408   -0.003   0.111   0.159   0.227   0.377   0.425   0.462   3.31257200   1
   0.042375   7.4000   3.64429379   3.6443   2.2005   4.1074   4.1808   -0.731   -0.518   -0.090   0.030   0.079   0.150   0.308   0.357   0.396   3.31383729   1
   0.042375   7.4000   3.74310946   3.7431   2.2483   4.1152   4.1757   -0.851   -0.622   -0.171   -0.047   0.004   0.078   0.242   0.293   0.333   3.31498432   1
   0.042375   7.4000   3.84599710   3.8460   2.2967   4.1229   4.1701   -0.972   -0.725   -0.254   -0.125   -0.072   0.004   0.175   0.228   0.269   3.31609440   1
   0.042375   7.4000   3.94310951   3.9431   2.3414   4.1301   4.1647   -1.084   -0.820   -0.331   -0.197   -0.142   -0.064   0.112   0.168   0.211   3.31707072   1
   0.042375   7.4000   4.07888269   4.0789   2.4020   4.1396   4.1570   -1.235   -0.949   -0.434   -0.295   -0.237   -0.157   0.027   0.085   0.129   3.31832981   1
   0.042375   7.4000   4.14310932   4.1431   2.4301   4.1440   4.1533   -1.305   -1.008   -0.483   -0.341   -0.282   -0.199   -0.012   0.046   0.092   3.31888556   1
   0.042375   7.4000   4.34310961   4.3431   2.5150   4.1571   4.1414   -1.517   -1.186   -0.629   -0.479   -0.417   -0.330   -0.132   -0.071   -0.023   3.32046914   1
   0.042375   7.4000   4.54310942   4.5431   2.5962   4.1695   4.1290   -1.721   -1.355   -0.770   -0.613   -0.547   -0.456   -0.249   -0.185   -0.135   3.32185936   1
   0.042375   7.4000   4.77155495   4.7716   2.6865   4.1829   4.1137   -1.946   -1.541   -0.926   -0.762   -0.693   -0.598   -0.380   -0.314   -0.261   3.32325029   1
   0.042375   7.4000   4.78936005   4.7894   2.6932   4.1839   4.1125   -1.963   -1.555   -0.938   -0.773   -0.704   -0.608   -0.390   -0.324   -0.271   3.32335067   1
   0.042375   7.4000   4.97155476   4.9716   2.7616   4.1938   4.0999   -2.134   -1.695   -1.058   -0.888   -0.815   -0.716   -0.492   -0.423   -0.368   3.32432222   1
   0.042375   7.4000   5.17155457   5.1716   2.8341   4.2040   4.0856   -2.315   -1.844   -1.186   -1.010   -0.935   -0.832   -0.601   -0.530   -0.473   3.32527781   1
   0.042375   7.4000   5.24474335   5.2447   2.8600   4.2076   4.0802   -2.380   -1.897   -1.231   -1.054   -0.978   -0.874   -0.640   -0.568   -0.511   3.32560110   1
   0.042375   7.4000   5.37155485   5.3716   2.9042   4.2137   4.0705   -2.491   -1.989   -1.310   -1.130   -1.052   -0.946   -0.708   -0.635   -0.576   3.32613111   1
   0.042375   7.4000   5.40977764   5.4098   2.9173   4.2154   4.0676   -2.523   -2.016   -1.334   -1.153   -1.074   -0.968   -0.728   -0.655   -0.596   3.32628369   1
   0.042375   7.4000   5.57155466   5.5716   2.9724   4.2228   4.0546   -2.661   -2.130   -1.433   -1.248   -1.167   -1.059   -0.814   -0.739   -0.679   3.32689595   1
   0.042375   7.4000   5.70471859   5.7047   3.0169   4.2286   4.0436   -2.772   -2.222   -1.514   -1.326   -1.244   -1.133   -0.885   -0.808   -0.747   3.32736206   1
   0.042375   7.4000   5.77155495   5.7716   3.0391   4.2314   4.0376   -2.828   -2.269   -1.554   -1.366   -1.283   -1.171   -0.921   -0.844   -0.782   3.32758427   1
   0.042375   7.4000   5.94071007   5.9407   3.0945   4.2382   4.0223   -2.966   -2.384   -1.656   -1.465   -1.380   -1.267   -1.011   -0.932   -0.869   3.32811403   1
   0.042375   7.4000   5.97155476   5.9716   3.1046   4.2395   4.0193   -2.992   -2.406   -1.675   -1.483   -1.398   -1.284   -1.028   -0.949   -0.886   3.32820606   1
   0.042375   7.4000   6.07846928   6.0785   3.1391   4.2435   4.0086   -3.078   -2.478   -1.740   -1.546   -1.459   -1.345   -1.086   -1.006   -0.942   3.32851410   1
   0.042375   7.4000   6.17155457   6.1716   3.1690   4.2469   3.9989   -3.152   -2.541   -1.797   -1.601   -1.514   -1.398   -1.137   -1.056   -0.991   3.32876968   1
   0.042375   7.4000   6.37013054   6.3701   3.2312   4.2537   3.9779   -3.308   -2.674   -1.916   -1.717   -1.628   -1.510   -1.244   -1.162   -1.096   3.32927847   1
   0.042375   7.4000   6.37155485   6.3716   3.2317   4.2538   3.9777   -3.309   -2.675   -1.917   -1.718   -1.629   -1.511   -1.245   -1.163   -1.097   3.32928205   1
   0.042375   7.4000   6.53687000   6.5369   3.2819   4.2590   3.9593   -3.435   -2.783   -2.014   -1.814   -1.724   -1.604   -1.335   -1.252   -1.185   3.32967043   1
   0.042375   7.4000   6.77434587   6.7743   3.3535   4.2657   3.9303   -3.614   -2.940   -2.157   -1.954   -1.862   -1.741   -1.467   -1.382   -1.314   3.33017850   1
   0.042375   7.4000   6.91466427   6.9147   3.3956   4.2694   3.9117   -3.719   -3.033   -2.243   -2.038   -1.946   -1.823   -1.547   -1.461   -1.392   3.33045411   1
   0.042375   7.4000   7.06618881   7.0662   3.4401   4.2728   3.8904   -3.830   -3.133   -2.335   -2.130   -2.037   -1.913   -1.635   -1.548   -1.478   3.33073330   1
   0.042375   7.4000   7.22204542   7.2220   3.4861   4.2758   3.8659   -3.945   -3.239   -2.434   -2.228   -2.134   -2.010   -1.729   -1.642   -1.571   3.33100200   1
   0.042375   7.4000   7.38652897   7.3865   3.5345   4.2785   3.8379   -4.066   -3.352   -2.541   -2.334   -2.239   -2.114   -1.832   -1.744   -1.673   3.33126712   1
   0.042375   7.4000   7.59287071   7.5929   3.5953   4.2810   3.7993   -4.218   -3.497   -2.680   -2.471   -2.377   -2.251   -1.967   -1.879   -1.807   3.33157539   1
   0.042375   7.4000   7.77915621   7.7792   3.6505   4.2823   3.7595   -4.356   -3.633   -2.812   -2.603   -2.508   -2.382   -2.097   -2.009   -1.937   3.33183265   1
   0.042375   7.4000   7.85777378   7.8578   3.6744   4.2822   3.7399   -4.416   -3.694   -2.872   -2.663   -2.568   -2.442   -2.158   -2.069   -1.997   3.33193564   1
   0.042375   7.4000   7.90194511   7.9019   3.6875   4.2822   3.7290   -4.449   -3.728   -2.905   -2.696   -2.601   -2.476   -2.191   -2.103   -2.030   3.33199215   1
   0.042375   7.4000   8.05194855   8.0519   3.7321   4.2812   3.6888   -4.560   -3.845   -3.022   -2.813   -2.719   -2.594   -2.310   -2.222   -2.150   3.33217692   1
   0.042375   7.4000   8.20033455   8.2003   3.7762   4.2794   3.6451   -4.671   -3.965   -3.144   -2.935   -2.841   -2.717   -2.434   -2.346   -2.274   3.33234930   1
   0.042375   7.4000   8.37115097   8.3712   3.8280   4.2753   3.5859   -4.800   -4.113   -3.296   -3.089   -2.996   -2.873   -2.593   -2.506   -2.435   3.33253598   1
   0.042375   7.4000   8.51156807   8.5116   3.8719   4.2698   3.5272   -4.910   -4.246   -3.436   -3.230   -3.140   -3.019   -2.741   -2.656   -2.586   3.33268070   1
   0.042375   7.4000   8.64090347   8.6409   3.9127   4.2634   3.4675   -5.012   -4.376   -3.574   -3.369   -3.281   -3.162   -2.888   -2.805   -2.736   3.33280754   1
   0.042375   7.4000   8.75577450   8.7558   3.9501   4.2561   3.4065   -5.105   -4.501   -3.707   -3.506   -3.420   -3.304   -3.035   -2.953   -2.885   3.33291531   1
   0.042375   7.4000   8.85287571   8.8529   3.9839   4.2488   3.3483   -5.190   -4.615   -3.832   -3.633   -3.549   -3.436   -3.171   -3.092   -3.025   3.33300281   1
   0.042375   7.4000   8.85777378   8.8578   3.9856   4.2484   3.3452   -5.194   -4.621   -3.838   -3.639   -3.556   -3.443   -3.178   -3.099   -3.032   3.33300710   1
   0.042375   7.4000   8.89278793   8.8928   3.9974   4.2458   3.3249   -5.224   -4.661   -3.881   -3.684   -3.601   -3.489   -3.226   -3.148   -3.081   3.33303809   1
   0.042375   7.4000   8.96385956   8.9639   4.0240   4.2434   3.2922   -5.290   -4.739   -3.961   -3.764   -3.683   -3.572   -3.310   -3.232   -3.166   3.33309937   1
   0.042375   7.4000   9.00704002   9.0070   4.0450   4.2486   3.2938   -5.342   -4.774   -3.986   -3.788   -3.705   -3.592   -3.327   -3.247   -3.181   3.33313584   1
   0.042375   7.4000   9.02949047   9.0295   4.0632   4.2603   3.3236   -5.388   -4.777   -3.969   -3.767   -3.680   -3.563   -3.291   -3.208   -3.139   3.33315468   1
   0.042375   7.4000   9.03725338   9.0373   4.0778   4.2721   3.3565   -5.424   -4.769   -3.942   -3.736   -3.647   -3.526   -3.246   -3.160   -3.089   3.33316112   1
   0.042375   7.4000   9.04064178   9.0406   4.0930   4.2830   3.3850   -5.463   -4.766   -3.921   -3.712   -3.620   -3.495   -3.208   -3.120   -3.047   3.33316398   1
   0.042375   7.4000   9.04235554   9.0424   4.1114   4.2931   3.4073   -5.508   -4.775   -3.913   -3.700   -3.605   -3.478   -3.184   -3.094   -3.019   3.33316541   1
   0.042375   7.4000   9.04338455   9.0434   4.1313   4.3021   3.4234   -5.558   -4.791   -3.915   -3.699   -3.602   -3.473   -3.173   -3.080   -3.003   3.33316636   1
   0.042375   7.4000   9.04356384   9.0436   4.1319   4.3028   3.4256   -5.560   -4.790   -3.912   -3.697   -3.599   -3.470   -3.170   -3.077   -2.999   3.33316636   2
   0.042375   7.4000   9.04421806   9.0442   4.1040   4.2943   3.4195   -5.490   -4.750   -3.888   -3.675   -3.579   -3.452   -3.157   -3.067   -2.991   3.33316684   2
   0.042375   7.4000   9.04457664   9.0446   4.0865   4.2845   3.3977   -5.446   -4.743   -3.897   -3.687   -3.594   -3.469   -3.181   -3.093   -3.019   3.33316731   2
   0.042375   7.4000   9.04494190   9.0449   4.0764   4.2720   3.3581   -5.421   -4.765   -3.939   -3.733   -3.643   -3.522   -3.242   -3.157   -3.085   3.33316755   2
   0.042375   7.4000   9.04525852   9.0453   4.0752   4.2599   3.3107   -5.418   -4.809   -4.001   -3.799   -3.713   -3.596   -3.324   -3.242   -3.173   3.33316779   2
   0.042375   7.4000   9.04555511   9.0456   4.0790   4.2478   3.2585   -5.428   -4.864   -4.076   -3.878   -3.795   -3.683   -3.418   -3.339   -3.272   3.33316803   2
   0.042375   7.4000   9.04584026   9.0458   4.0850   4.2357   3.2044   -5.442   -4.925   -4.155   -3.961   -3.883   -3.775   -3.517   -3.442   -3.377   3.33316827   2
   0.042375   7.4000   9.04611683   9.0461   4.0912   4.2237   3.1500   -5.458   -4.986   -4.235   -4.046   -3.971   -3.867   -3.618   -3.545   -3.482   3.33316851   2
   0.042375   7.4000   9.04638767   9.0464   4.0968   4.2116   3.0962   -5.472   -5.044   -4.313   -4.129   -4.057   -3.959   -3.717   -3.647   -3.586   3.33316875   2
   0.042375   7.4000   9.04671764   9.0467   4.1023   4.1966   3.0304   -5.486   -5.112   -4.407   -4.229   -4.162   -4.068   -3.837   -3.771   -3.713   3.33316898   2
   0.042375   7.4000   9.04697418   9.0470   4.1055   4.1845   2.9788   -5.494   -5.162   -4.477   -4.305   -4.243   -4.154   -3.931   -3.867   -3.811   3.33316922   2
   0.042375   7.4000   9.04722404   9.0472   4.1076   4.1724   2.9283   -5.499   -5.210   -4.545   -4.378   -4.321   -4.236   -4.022   -3.961   -3.907   3.33316946   2
   0.042375   7.4000   9.04746628   9.0475   4.1088   4.1602   2.8786   -5.502   -5.254   -4.610   -4.450   -4.396   -4.316   -4.110   -4.052   -4.001   3.33316970   2
   0.042375   7.4000   9.04775810   9.0478   4.1092   4.1451   2.8176   -5.503   -5.304   -4.688   -4.535   -4.487   -4.413   -4.218   -4.164   -4.115   3.33316994   2
   0.042375   7.4000   9.04798222   9.0480   4.1087   4.1329   2.7695   -5.502   -5.340   -4.748   -4.601   -4.557   -4.488   -4.302   -4.252   -4.205   3.33316994   2
   0.042375   7.4000   9.04819775   9.0482   4.1077   4.1208   2.7221   -5.499   -5.374   -4.807   -4.666   -4.626   -4.562   -4.386   -4.338   -4.293   3.33317018   2
   0.042375   7.4000   9.04840469   9.0484   4.1061   4.1087   2.6751   -5.495   -5.405   -4.863   -4.729   -4.693   -4.634   -4.466   -4.423   -4.380   3.33317041   2
   0.042375   7.4000   9.04865265   9.0487   4.1033   4.0935   2.6171   -5.488   -5.436   -4.929   -4.803   -4.772   -4.719   -4.564   -4.524   -4.484   3.33317065   2
   0.042375   7.4000   9.04884148   9.0488   4.1007   4.0813   2.5713   -5.482   -5.458   -4.980   -4.860   -4.833   -4.784   -4.640   -4.604   -4.566   3.33317065   2
   0.042375   7.4000   9.04906654   9.0491   4.0967   4.0661   2.5145   -5.472   -5.479   -5.041   -4.928   -4.906   -4.864   -4.733   -4.701   -4.666   3.33317089   2
   0.042375   7.4000   9.04923725   9.0492   4.0932   4.0540   2.4695   -5.463   -5.491   -5.085   -4.979   -4.962   -4.924   -4.805   -4.777   -4.744   3.33317113   2
   0.042375   7.4000   9.04944134   9.0494   4.0883   4.0388   2.4137   -5.451   -5.499   -5.137   -5.040   -5.027   -4.997   -4.892   -4.869   -4.839   3.33317137   2
   0.042375   7.4000   9.04959679   9.0496   4.0841   4.0267   2.3694   -5.440   -5.498   -5.174   -5.086   -5.077   -5.051   -4.960   -4.941   -4.913   3.33317137   2
   0.042375   7.4000   9.04974461   9.0497   4.0795   4.0146   2.3254   -5.429   -5.495   -5.210   -5.130   -5.124   -5.105   -5.026   -5.012   -4.986   3.33317161   2
   0.042375   7.4000   9.04988670   9.0499   4.0747   4.0024   2.2815   -5.417   -5.490   -5.245   -5.173   -5.170   -5.156   -5.092   -5.082   -5.060   3.33317161   2
   0.042375   7.4000   9.05002213   9.0500   4.0697   3.9903   2.2380   -5.404   -5.479   -5.277   -5.213   -5.214   -5.206   -5.156   -5.152   -5.132   3.33317184   2
   0.042375   7.4000   9.05018425   9.0502   4.0630   3.9751   2.1840   -5.388   -5.458   -5.312   -5.259   -5.265   -5.265   -5.235   -5.237   -5.221   3.33317184   2
   0.042375   7.4000   9.05030727   9.0503   4.0575   3.9629   2.1409   -5.374   -5.435   -5.336   -5.293   -5.304   -5.310   -5.298   -5.305   -5.293   3.33317208   2
   0.042375   7.4000   9.05042648   9.0504   4.0516   3.9508   2.0982   -5.359   -5.407   -5.356   -5.324   -5.339   -5.353   -5.359   -5.372   -5.364   3.33317208   2
   0.042375   7.4000   9.05053997   9.0505   4.0455   3.9386   2.0556   -5.344   -5.369   -5.368   -5.351   -5.372   -5.393   -5.419   -5.438   -5.435   3.33317208   2
   0.042375   7.4000   9.05064964   9.0506   4.0391   3.9264   2.0132   -5.328   -5.318   -5.369   -5.372   -5.402   -5.432   -5.479   -5.505   -5.507   3.33317232   2
   0.042375   7.4000   9.05075359   9.0508   4.0326   3.9142   1.9711   -5.312   -5.256   -5.356   -5.384   -5.428   -5.470   -5.538   -5.573   -5.579   3.33317232   2
   0.042375   7.4000   9.05085373   9.0509   4.0259   3.9021   1.9290   -5.295   -5.187   -5.332   -5.391   -5.450   -5.506   -5.596   -5.642   -5.652   3.33317232   2
   0.042375   7.4000   9.05094814   9.0509   4.0192   3.8899   1.8872   -5.278   -5.110   -5.297   -5.392   -5.470   -5.541   -5.654   -5.711   -5.725   3.33317256   2
   0.042375   7.4000   9.05103970   9.0510   4.0122   3.8777   1.8454   -5.261   -5.025   -5.247   -5.384   -5.484   -5.573   -5.710   -5.781   -5.799   3.33317256   2
   0.042375   7.4000   9.05112553   9.0511   4.0052   3.8656   1.8040   -5.243   -4.935   -5.188   -5.372   -5.496   -5.604   -5.766   -5.852   -5.873   3.33317256   2
   0.042375   7.4000   9.05120850   9.0512   3.9980   3.8535   1.7625   -5.225   -4.839   -5.117   -5.354   -5.505   -5.634   -5.821   -5.924   -5.949   3.33317280   2
   0.042375   7.4000   9.05128670   9.0513   3.9907   3.8413   1.7214   -5.207   -4.735   -5.036   -5.331   -5.512   -5.662   -5.875   -5.995   -6.024   3.33317280   2
   0.042375   7.4000   9.05136108   9.0514   3.9832   3.8292   1.6804   -5.188   -4.624   -4.946   -5.305   -5.516   -5.689   -5.928   -6.067   -6.099   3.33317280   2
   0.042375   7.4000   9.05143261   9.0514   3.9755   3.8170   1.6394   -5.169   -4.501   -4.846   -5.273   -5.515   -5.711   -5.978   -6.139   -6.173   3.33317280   2
   0.042375   7.4000   9.05150032   9.0515   3.9677   3.8049   1.5987   -5.149   -4.368   -4.743   -5.238   -5.511   -5.730   -6.025   -6.210   -6.248   3.33317304   2
   0.042375   7.4000   9.05156422   9.0516   3.9597   3.7928   1.5582   -5.129   -4.196   -4.612   -5.194   -5.506   -5.752   -6.078   -6.287   -6.330   3.33317304   2
   0.042375   7.4000   9.05162525   9.0516   3.9515   3.7807   1.5179   -5.109   -3.966   -4.440   -5.141   -5.505   -5.786   -6.143   -6.375   -6.426   3.33317304   2
   0.042375   7.4000   9.05168343   9.0517   3.9431   3.7685   1.4778   -5.088   -3.771   -4.307   -5.086   -5.487   -5.797   -6.187   -6.447   -6.502   3.33317304   2
   0.042375   7.4000   9.05173874   9.0517   3.9344   3.7564   1.4381   -5.066   -3.579   -4.177   -5.026   -5.462   -5.796   -6.221   -6.511   -6.570   3.33317327   2
   0.042375   7.4000   9.05179119   9.0518   3.9254   3.7443   1.3986   -5.044   -3.374   -4.045   -4.960   -5.431   -5.790   -6.252   -6.573   -6.634   3.33317327   2
   0.042375   7.4000   9.05184078   9.0518   3.9162   3.7323   1.3597   -5.020   -3.153   -3.908   -4.889   -5.395   -5.778   -6.279   -6.633   -6.696   3.33317327   2
   0.042375   7.4000   9.05188847   9.0519   3.9065   3.7202   1.3212   -4.996   -2.913   -3.764   -4.812   -5.353   -5.759   -6.304   -6.689   -6.756   3.33317327   2
   0.042375   7.4000   9.05193520   9.0519   3.8963   3.7082   1.2831   -4.971   -2.659   -3.616   -4.729   -5.304   -5.733   -6.324   -6.740   -6.813   3.33317327   2
   0.042375   7.4000   9.05197906   9.0520   3.8855   3.6961   1.2457   -4.944   -2.390   -3.464   -4.639   -5.248   -5.701   -6.339   -6.787   -6.868   3.33317327   2
   0.042375   7.4000   9.05202198   9.0520   3.8740   3.6842   1.2094   -4.915   -2.107   -3.308   -4.542   -5.184   -5.662   -6.350   -6.826   -6.917   3.33317351   2
   0.042375   7.4000   9.05206490   9.0521   3.8614   3.6723   1.1744   -4.884   -1.805   -3.144   -4.437   -5.112   -5.617   -6.354   -6.860   -6.961   3.33317351   2
   0.042375   7.4000   9.05210876   9.0521   3.8469   3.6606   1.1423   -4.847   -1.486   -2.972   -4.321   -5.031   -5.565   -6.350   -6.885   -6.997   3.33317351   2
   0.042375   7.4000   9.05216217   9.0522   3.8281   3.6487   1.1134   -4.800   -1.121   -2.774   -4.183   -4.934   -5.499   -6.333   -6.899   -7.022   3.33317351   2
   0.042375   7.4000   9.05223179   9.0522   3.8042   3.6375   1.0925   -4.741   -0.745   -2.560   -4.027   -4.822   -5.420   -6.298   -6.896   -7.029   3.33317351   2
   0.042375   7.4000   9.05236435   9.0524   3.7676   3.6275   1.0890   -4.649   -0.370   -2.324   -3.841   -4.675   -5.311   -6.226   -6.855   -6.998   3.33317375   2
   0.042375   7.4000   9.05251503   9.0525   3.7300   3.6184   1.0904   -4.555   -0.023   -2.094   -3.650   -4.519   -5.199   -6.150   -6.808   -6.959   3.33317375   2
   0.042375   7.4000   9.05260944   9.0526   3.7196   3.6122   1.0759   -4.529   0.175   -1.971   -3.550   -4.439   -5.161   -6.138   -6.814   -6.971   3.33317399   3
   0.042375   7.4000   9.05265141   9.0527   3.7266   3.6087   1.0551   -4.546   0.253   -1.933   -3.524   -4.422   -5.172   -6.163   -6.849   -7.011   3.33317399   3
   0.042375   7.4000   9.05274296   9.0527   3.7634   3.6004   0.9848   -4.639   0.389   -1.885   -3.500   -4.416   -5.248   -6.276   -6.982   -7.156   3.33317399   3
   0.042375   7.4000   9.05279827   9.0528   3.8058   3.5940   0.9171   -4.745   0.468   -1.865   -3.502   -4.435   -5.340   -6.401   -7.115   -7.300   3.33317399   3
   0.042375   7.4000   9.05284309   9.0528   3.8497   3.5885   0.8512   -4.854   0.521   -1.861   -3.519   -4.470   -5.436   -6.527   -7.246   -7.442   3.33317399   3
   0.042375   7.4000   9.05288029   9.0529   3.8924   3.5836   0.7886   -4.961   0.572   -1.859   -3.531   -4.497   -5.530   -6.648   -7.371   -7.577   3.33317399   3
   0.042375   7.4000   9.05291557   9.0529   3.9344   3.5789   0.7281   -5.066   0.619   -1.859   -3.545   -4.527   -5.622   -6.766   -7.492   -7.709   3.33317423   3
   0.042375   7.4000   9.05294800   9.0529   3.9726   3.5747   0.6731   -5.161   0.650   -1.851   -3.542   -4.544   -5.702   -6.873   -7.602   -7.828   3.33317423   3
   0.042375   7.4000   9.05296516   9.0530   3.9907   3.5727   0.6470   -5.207   0.666   -1.848   -3.541   -4.552   -5.741   -6.924   -7.654   -7.885   3.33317423   3
   0.042375   7.4000   9.05298901   9.0530   4.0152   3.5700   0.6117   -5.268   0.687   -1.846   -3.543   -4.563   -5.794   -6.993   -7.724   -7.962   3.33317423   3
   0.042375   7.4000   9.05303669   9.0530   4.0575   3.5653   0.5505   -5.374   0.754   -1.819   -3.512   -4.562   -5.877   -7.112   -7.846   -8.094   3.33317423   3
   0.042375   7.4000   9.05309296   9.0531   4.0936   3.5612   0.4979   -5.464   0.817   -1.798   -3.486   -4.559   -5.950   -7.213   -7.950   -8.207   3.33317423   3
   0.042375   7.4000   9.05318928   9.0532   4.1318   3.5568   0.4423   -5.559   0.843   -1.760   -3.427   -4.541   -6.011   -7.320   -8.064   -8.328   3.33317447   3
   0.042375   7.4000   9.05344582   9.0534   4.1721   3.5521   0.3830   -5.660   0.873   -1.707   -3.352   -4.515   -6.071   -7.433   -8.184   -8.457   3.33317447   3
   0.042375   7.4000   9.05404282   9.0540   4.2100   3.5476   0.3273   -5.755   0.898   -1.639   -3.269   -4.490   -6.115   -7.538   -8.297   -8.578   3.33317518   3
   0.042375   7.4000   9.05480480   9.0548   4.2475   3.5432   0.2722   -5.849   0.921   -1.555   -3.176   -4.463   -6.149   -7.643   -8.409   -8.699   3.33317566   3
   0.042375   7.4000   9.05564404   9.0556   4.2856   3.5388   0.2165   -5.944   0.944   -1.464   -3.083   -4.438   -6.179   -7.749   -8.522   -8.820   3.33317637   3
   0.042375   7.4000   9.05653667   9.0565   4.3216   3.5346   0.1639   -6.034   0.970   -1.355   -2.986   -4.412   -6.187   -7.849   -8.629   -8.935   3.33317709   3
   0.042375   7.4000   9.05950642   9.0595   4.3554   3.5307   0.1147   -6.119   0.994   -1.255   -2.897   -4.388   -6.197   -7.943   -8.729   -9.043   3.33317947   4
   0.042375   7.4000   9.06285954   9.0629   4.3463   3.5320   0.1290   -6.096   0.982   -1.292   -2.931   -4.401   -6.199   -7.917   -8.701   -9.012   3.33318233   4
   0.042375   7.4000   9.07268047   9.0727   4.3090   3.5369   0.1862   -6.002   0.942   -1.430   -3.055   -4.443   -6.199   -7.812   -8.588   -8.890   3.33319044   4
   0.042375   7.4000   9.08260250   9.0826   4.2647   3.5425   0.2534   -5.892   0.901   -1.568   -3.190   -4.488   -6.184   -7.688   -8.454   -8.746   3.33319855   4
   0.042375   7.4000   9.09071445   9.0907   4.2242   3.5475   0.3146   -5.790   0.870   -1.670   -3.303   -4.525   -6.151   -7.574   -8.332   -8.614   3.33320522   4
   0.042375   7.4000   9.10075951   9.1008   4.1794   3.5532   0.3823   -5.679   0.831   -1.759   -3.411   -4.564   -6.099   -7.448   -8.197   -8.469   3.33321333   4
   0.042375   7.4000   9.11130524   9.1113   4.1405   3.5581   0.4414   -5.581   0.793   -1.821   -3.497   -4.598   -6.044   -7.338   -8.079   -8.342   3.33322191   4
   0.042375   7.4000   9.12328148   9.1233   4.1058   3.5628   0.4957   -5.494   0.747   -1.867   -3.567   -4.633   -5.988   -7.239   -7.972   -8.227   3.33323169   4
   0.042375   7.4000   9.14093971   9.1409   4.0737   3.5678   0.5485   -5.414   0.657   -1.918   -3.630   -4.668   -5.930   -7.146   -7.874   -8.119   3.33324575   4
   0.042375   7.4000   9.18742180   9.1874   4.0515   3.5750   0.6017   -5.359   0.517   -2.029   -3.756   -4.767   -5.902   -7.071   -7.789   -8.021   3.33328271   5
   0.042375   7.4000   9.26540184   9.2654   4.0772   3.5760   0.5839   -5.423   0.451   -2.107   -3.848   -4.859   -5.970   -7.133   -7.845   -8.077   3.33334351   6
   0.042375   7.4000   9.34174824   9.3417   4.1007   3.5728   0.5511   -5.482   0.482   -2.094   -3.834   -4.856   -6.018   -7.200   -7.916   -8.155   3.33340144   6
   0.042375   7.4000   9.44126701   9.4413   4.1501   3.5648   0.4741   -5.605   0.597   -2.021   -3.739   -4.797   -6.109   -7.345   -8.071   -8.326   3.33347464   6
   0.042375   7.4000   9.46835804   9.4684   4.1911   3.5588   0.4103   -5.708   0.664   -1.965   -3.652   -4.747   -6.177   -7.463   -8.200   -8.464   3.33349419   6
   0.042375   7.4000   9.47416782   9.4742   4.2271   3.5537   0.3542   -5.798   0.712   -1.891   -3.553   -4.701   -6.224   -7.566   -8.311   -8.584   3.33349824   6
   0.042375   7.4000   9.47536945   9.4754   4.2514   3.5504   0.3169   -5.859   0.741   -1.848   -3.492   -4.674   -6.257   -7.635   -8.386   -8.664   3.33349919   7
   0.042375   7.4000   9.47547054   9.4755   4.2557   3.5499   0.3104   -5.869   0.745   -1.840   -3.482   -4.670   -6.263   -7.647   -8.399   -8.678   3.33349919   7
   0.042375   7.4000   9.47664642   9.4766   4.2695   3.5481   0.2897   -5.904   0.756   -1.804   -3.443   -4.657   -6.273   -7.686   -8.441   -8.723   3.33350015   7
   0.042375   7.4000   9.47890663   9.4789   4.2867   3.5456   0.2626   -5.947   0.777   -1.747   -3.380   -4.631   -6.282   -7.735   -8.494   -8.781   3.33350158   7
   0.042375   7.4000   9.47975445   9.4798   4.3185   3.5415   0.2144   -6.026   0.805   -1.663   -3.286   -4.599   -6.308   -7.825   -8.590   -8.885   3.33350229   7
   0.042375   7.4000   9.48076630   9.4808   4.3596   3.5363   0.1526   -6.129   0.844   -1.529   -3.160   -4.557   -6.318   -7.940   -8.715   -9.019   3.33350301   7
   0.042375   7.4000   9.48202991   9.4820   4.4026   3.5309   0.0879   -6.236   0.888   -1.377   -3.022   -4.512   -6.320   -8.060   -8.845   -9.159   3.33350396   7
   0.042375   7.4000   9.48335648   9.4834   4.4398   3.5261   0.0316   -6.330   0.930   -1.222   -2.905   -4.463   -6.289   -8.164   -8.958   -9.281   3.33350492   7
   0.042375   7.4000   9.48491383   9.4849   4.4774   3.5213   -0.0250   -6.424   0.925   -1.074   -2.789   -4.408   -6.242   -8.269   -9.079   -9.407   3.33350587   7
   0.042375   7.4000   9.48686028   9.4869   4.5185   3.5160   -0.0874   -6.526   0.846   -0.908   -2.608   -4.286   -6.149   -8.382   -9.220   -9.548   3.33350730   7
   0.042375   7.4000   9.48874664   9.4887   4.5530   3.5114   -0.1400   -6.612   0.773   -0.767   -2.440   -4.168   -6.063   -8.476   -9.339   -9.666   3.33350873   7
   0.042375   7.4000   9.49028492   9.4903   4.5765   3.5084   -0.1755   -6.671   0.717   -0.685   -2.341   -4.096   -6.008   -8.539   -9.419   -9.746   3.33350968   8
