#   Isochrone  Z = 0.02124   Y = 0.28667   [M/H] = 0.171   eta_R = 0.200   Age =    3.5482e+09 yr
#      Z   log(age/yr)   M_ini      M_act   logL/Lo   logTe   logG   mbol    U       B       V       R       I       J       H       K   int_IMF   stage
   0.021238   9.5500   0.09148076   0.0915   -3.4144   3.3564   5.1912   13.306   25.851   22.297   20.253   17.405   14.700   11.105   10.517   10.164   1.48352957   1
   0.021238   9.5500   0.09806824   0.0981   -3.3078   3.3705   5.1715   13.040   24.726   21.452   19.475   16.809   14.225   10.871   10.284   9.931   1.55133402   1
   0.021238   9.5500   0.10296151   0.1030   -3.2332   3.3805   5.1576   12.853   23.943   20.862   18.930   16.391   13.892   10.707   10.120   9.769   1.59892321   1
   0.021238   9.5500   0.11236345   0.1124   -3.1152   3.3950   5.1357   12.558   22.776   19.978   18.111   15.758   13.382   10.446   9.858   9.509   1.68404460   1
   0.021238   9.5500   0.12296151   0.1230   -2.9935   3.4100   5.1132   12.254   21.580   19.068   17.267   15.103   12.856   10.176   9.588   9.243   1.77141464   1
   0.021238   9.5500   0.14296152   0.1430   -2.8136   3.4306   5.0811   11.804   19.919   17.791   16.077   14.174   12.100   9.773   9.185   8.845   1.91567707   1
   0.021238   9.5500   0.15881091   0.1588   -2.7033   3.4418   5.0613   11.528   19.089   17.121   15.459   13.673   11.683   9.522   8.932   8.599   2.01422977   1
   0.021238   9.5500   0.16592301   0.1659   -2.6574   3.4464   5.0530   11.413   18.754   16.848   15.206   13.467   11.512   9.417   8.827   8.496   2.05468392   1
   0.021238   9.5500   0.20740378   0.2074   -2.4442   3.4648   5.0104   10.881   17.408   15.728   14.146   12.584   10.783   8.927   8.334   8.017   2.25323844   1
   0.021238   9.5500   0.25740379   0.2574   -2.2466   3.4806   4.9697   10.387   16.324   14.796   13.261   11.829   10.153   8.469   7.872   7.569   2.43126392   1
   0.021238   9.5500   0.30740377   0.3074   -2.0840   3.4926   4.9322   9.980   15.534   14.094   12.582   11.234   9.661   8.092   7.489   7.200   2.56520677   1
   0.021238   9.5500   0.35740378   0.3574   -1.9282   3.5018   4.8786   9.590   14.877   13.502   12.022   10.732   9.220   7.722   7.114   6.835   2.66943765   1
   0.021238   9.5500   0.44999999   0.4500   -1.6619   3.5238   4.8003   8.925   13.724   12.428   10.997   9.821   8.453   7.111   6.480   6.227   2.81098008   1
   0.021238   9.5500   0.50000000   0.5000   -1.5131   3.5375   4.7522   8.553   13.122   11.842   10.442   9.325   8.032   6.772   6.126   5.888   2.86847806   1
   0.021238   9.5500   0.54129457   0.5413   -1.3818   3.5517   4.7118   8.224   12.603   11.314   9.934   8.870   7.660   6.479   5.819   5.596   2.90883613   1
   0.021238   9.5500   0.55000001   0.5500   -1.3552   3.5545   4.7036   8.158   12.503   11.209   9.832   8.777   7.586   6.421   5.757   5.537   2.91663504   1
   0.021238   9.5500   0.56035250   0.5603   -1.3208   3.5592   4.6962   8.072   12.362   11.059   9.684   8.645   7.487   6.348   5.680   5.465   2.92562032   1
   0.021238   9.5500   0.60000002   0.6000   -1.1950   3.5765   4.6691   7.757   11.868   10.523   9.153   8.165   7.132   6.082   5.399   5.206   2.95739889   1
   0.021238   9.5500   0.64999998   0.6500   -1.0324   3.6034   4.6487   7.351   11.208   9.794   8.460   7.536   6.683   5.744   5.050   4.897   2.99236870   1
   0.021238   9.5500   0.68730617   0.6873   -0.9137   3.6248   4.6398   7.054   10.678   9.236   7.958   7.086   6.364   5.499   4.817   4.694   3.01528192   1
   0.021238   9.5500   0.69999999   0.7000   -0.8746   3.6318   4.6369   6.956   10.487   9.050   7.796   6.942   6.261   5.419   4.742   4.630   3.02253795   1
   0.021238   9.5500   0.72168607   0.7216   -0.8054   3.6459   4.6375   6.784   10.063   8.691   7.493   6.680   6.079   5.285   4.634   4.537   3.03436136   1
   0.021238   9.5500   0.75000000   0.7500   -0.7178   3.6637   4.6378   6.565   9.450   8.235   7.119   6.372   5.848   5.118   4.518   4.434   3.04879928   1
   0.021238   9.5500   0.77543199   0.7754   -0.6479   3.6741   4.6239   6.390   9.033   7.928   6.862   6.159   5.667   4.975   4.409   4.330   3.06089520   1
   0.021238   9.5500   0.80000001   0.7999   -0.5820   3.6839   4.6106   6.225   8.648   7.648   6.628   5.965   5.499   4.841   4.307   4.232   3.07187057   1
   0.021238   9.5500   0.80385029   0.8038   -0.5716   3.6854   4.6085   6.199   8.589   7.605   6.592   5.935   5.473   4.820   4.290   4.217   3.07353020   1
   0.021238   9.5500   0.85000002   0.8499   -0.4498   3.7036   4.5834   5.894   7.909   7.113   6.179   5.591   5.168   4.577   4.101   4.036   3.09222293   1
   0.021238   9.5500   0.87019521   0.8701   -0.3975   3.7110   4.5711   5.764   7.633   6.913   6.010   5.448   5.039   4.473   4.019   3.956   3.09976435   1
   0.021238   9.5500   0.89999998   0.8999   -0.3216   3.7217   4.5525   5.574   7.247   6.632   5.773   5.245   4.855   4.322   3.897   3.839   3.11026096   1
   0.021238   9.5500   0.93536431   0.9352   -0.2327   3.7334   4.5273   5.352   6.822   6.317   5.505   5.011   4.641   4.145   3.751   3.697   3.12182736   1
   0.021238   9.5500   0.94999999   0.9499   -0.1965   3.7381   4.5165   5.261   6.652   6.190   5.397   4.917   4.555   4.074   3.691   3.639   3.12635612   1
   0.021238   9.5500   0.96594799   0.9658   -0.1569   3.7429   4.5033   5.162   6.477   6.056   5.283   4.816   4.462   3.995   3.624   3.574   3.13113093   1
   0.021238   9.5500   0.98872393   0.9886   -0.1009   3.7495   4.4839   5.022   6.235   5.870   5.123   4.674   4.330   3.882   3.527   3.480   3.13767648   1
   0.021238   9.5500   1.00000000   0.9998   -0.0734   3.7527   4.4741   4.953   6.121   5.780   5.046   4.605   4.265   3.826   3.479   3.433   3.14080405   1
   0.021238   9.5500   1.00366473   1.0035   -0.0644   3.7537   4.4706   4.931   6.085   5.751   5.021   4.582   4.244   3.808   3.463   3.417   3.14180470   1
   0.021238   9.5500   1.02576673   1.0256   -0.0105   3.7594   4.4491   4.796   5.871   5.579   4.872   4.447   4.117   3.698   3.366   3.322   3.14767671   1
   0.021238   9.5500   1.04618931   1.0460   0.0388   3.7645   4.4286   4.673   5.683   5.424   4.737   4.324   4.003   3.597   3.277   3.234   3.15286493   1
   0.021238   9.5500   1.04999995   1.0498   0.0480   3.7654   4.4247   4.650   5.648   5.396   4.712   4.301   3.981   3.578   3.260   3.218   3.15380883   1
   0.021238   9.5500   1.06121063   1.0610   0.0750   3.7680   4.4126   4.582   5.549   5.312   4.638   4.234   3.918   3.522   3.209   3.168   3.15654325   1
   0.021238   9.5500   1.08169246   1.0814   0.1242   3.7725   4.3897   4.460   5.369   5.161   4.506   4.113   3.805   3.420   3.118   3.078   3.16138148   1
   0.021238   9.5500   1.10000002   1.0997   0.1677   3.7763   4.3686   4.351   5.214   5.028   4.390   4.006   3.704   3.330   3.036   2.998   3.16554141   1
   0.021238   9.5500   1.10470569   1.1044   0.1788   3.7772   4.3630   4.323   5.175   4.994   4.360   3.979   3.679   3.307   3.015   2.978   3.16658664   1
   0.021238   9.5500   1.12431133   1.1240   0.2247   3.7807   4.3390   4.208   5.014   4.856   4.239   3.867   3.573   3.211   2.926   2.891   3.17084002   1
   0.021238   9.5500   1.14214182   1.1418   0.2657   3.7837   4.3166   4.106   4.868   4.734   4.133   3.771   3.482   3.126   2.847   2.813   3.17457128   1
   0.021238   9.5500   1.14999998   1.1497   0.2832   3.7848   4.3066   4.062   4.807   4.682   4.087   3.730   3.443   3.089   2.812   2.779   3.17617631   1
   0.021238   9.5500   1.16400099   1.1637   0.3129   3.7864   4.2886   3.988   4.709   4.597   4.011   3.659   3.375   3.025   2.750   2.719   3.17897773   1
   0.021238   9.5500   1.18107855   1.1807   0.3470   3.7877   4.2660   3.903   4.605   4.502   3.924   3.577   3.294   2.948   2.675   2.645   3.18229771   1
   0.021238   9.5500   1.19489920   1.1945   0.3723   3.7880   4.2468   3.839   4.538   4.436   3.860   3.514   3.232   2.886   2.614   2.584   3.18490958   1
   0.021238   9.5500   1.20000005   1.1996   0.3811   3.7879   4.2397   3.817   4.517   4.414   3.838   3.492   3.210   2.864   2.591   2.561   3.18585706   1
   0.021238   9.5500   1.25000000   1.2496   0.4657   3.7861   4.1654   3.606   4.332   4.213   3.628   3.277   2.992   2.641   2.367   2.335   3.19470429   1
   0.021238   9.5500   1.26588559   1.2654   0.4915   3.7854   4.1424   3.541   4.277   4.152   3.564   3.211   2.925   2.573   2.297   2.265   3.19735718   1
   0.021238   9.5500   1.29954350   1.2990   0.5460   3.7837   4.0924   3.405   4.166   4.027   3.430   3.071   2.783   2.426   2.148   2.114   3.20273662   1
   0.021238   9.5500   1.29999995   1.2995   0.5467   3.7837   4.0917   3.403   4.164   4.025   3.428   3.069   2.781   2.424   2.146   2.112   3.20280719   1
   0.021238   9.5500   1.32780862   1.3273   0.5955   3.7800   4.0375   3.281   4.093   3.927   3.311   2.941   2.646   2.281   1.997   1.960   3.20701551   1
   0.021238   9.5500   1.33612216   1.3356   0.6116   3.7791   4.0205   3.241   4.062   3.892   3.272   2.900   2.604   2.236   1.950   1.913   3.20823503   1
   0.021238   9.5500   1.35000002   1.3494   0.6616   3.7817   3.9855   3.116   3.904   3.748   3.142   2.779   2.487   2.126   1.845   1.810   3.21023273   1
   0.021238   9.5500   1.35476911   1.3542   0.6854   3.7838   3.9713   3.057   3.816   3.674   3.080   2.723   2.435   2.078   1.801   1.767   3.21090865   1
   0.021238   9.5500   1.35733926   1.3568   0.7256   3.7891   3.9531   2.956   3.643   3.536   2.971   2.632   2.354   2.009   1.742   1.711   3.21127057   1
   0.021238   9.5500   1.35838103   1.3578   0.7676   3.7941   3.9315   2.851   3.481   3.399   2.859   2.535   2.266   1.933   1.675   1.647   3.21141696   1
   0.021238   9.5500   1.35875702   1.3582   0.7863   3.7959   3.9202   2.804   3.415   3.341   2.810   2.491   2.224   1.896   1.641   1.615   3.21146965   2
   0.021238   9.5500   1.35938716   1.3588   0.7760   3.7912   3.9120   2.830   3.493   3.395   2.841   2.510   2.236   1.896   1.632   1.603   3.21155787   2
   0.021238   9.5500   1.36843646   1.3679   0.8008   3.7783   3.8383   2.768   3.598   3.418   2.798   2.428   2.131   1.760   1.473   1.435   3.21281576   2
   0.021238   9.5500   1.37636662   1.3758   0.8034   3.7671   3.7934   2.762   3.709   3.482   2.815   2.420   2.103   1.700   1.387   1.346   3.21390271   2
   0.021238   9.5500   1.38030112   1.3797   0.7917   3.7585   3.7719   2.791   3.834   3.564   2.865   2.450   2.119   1.693   1.359   1.315   3.21443677   2
   0.021238   9.5500   1.38286471   1.3823   0.7743   3.7508   3.7595   2.834   3.971   3.657   2.927   2.495   2.153   1.704   1.352   1.305   3.21478295   2
   0.021238   9.5500   1.38467050   1.3841   0.7540   3.7440   3.7532   2.885   4.111   3.752   2.997   2.550   2.196   1.727   1.357   1.309   3.21502566   2
   0.021238   9.5500   1.38636351   1.3857   0.7310   3.7368   3.7480   2.942   4.269   3.859   3.076   2.612   2.247   1.756   1.367   1.318   3.21525288   2
   0.021238   9.5500   1.38796616   1.3874   0.7085   3.7295   3.7419   2.999   4.433   3.969   3.157   2.674   2.297   1.783   1.376   1.324   3.21546721   2
   0.021238   9.5500   1.38985372   1.3892   0.6878   3.7208   3.7281   3.050   4.624   4.088   3.241   2.735   2.344   1.801   1.371   1.315   3.21571898   2
   0.021238   9.5500   1.39230275   1.3917   0.6850   3.7108   3.6916   3.057   4.798   4.174   3.289   2.757   2.348   1.772   1.313   1.254   3.21604466   2
   0.021238   9.5500   1.39482248   1.3942   0.7113   3.7026   3.6334   2.992   4.875   4.179   3.261   2.706   2.281   1.678   1.195   1.133   3.21637821   2
   0.021238   9.5500   1.39508677   1.3945   0.7159   3.7019   3.6260   2.980   4.876   4.173   3.252   2.695   2.270   1.664   1.179   1.117   3.21641302   3
   0.021238   9.5500   1.39755952   1.3969   0.7767   3.6971   3.5468   2.828   4.804   4.063   3.123   2.553   2.118   1.495   0.997   0.932   3.21673894   3
   0.021238   9.5500   1.39999998   1.3994   0.8480   3.6937   3.4628   2.650   4.685   3.915   2.961   2.383   1.941   1.306   0.797   0.732   3.21705914   3
   0.021238   9.5500   1.40107799   1.4004   0.8751   3.6927   3.4318   2.582   4.637   3.858   2.898   2.318   1.874   1.234   0.723   0.657   3.21720028   3
   0.021238   9.5500   1.40283763   1.4022   0.9190   3.6911   3.3822   2.472   4.556   3.764   2.796   2.212   1.764   1.119   0.603   0.537   3.21743011   3
   0.021238   9.5500   1.40497053   1.4043   0.9724   3.6891   3.3216   2.339   4.460   3.650   2.672   2.083   1.631   0.979   0.457   0.390   3.21770787   3
   0.021238   9.5500   1.40708506   1.4064   1.0289   3.6870   3.2571   2.198   4.360   3.531   2.542   1.947   1.491   0.831   0.303   0.234   3.21798205   3
   0.021238   9.5500   1.40889692   1.4082   1.0809   3.6849   3.1976   2.068   4.269   3.423   2.423   1.822   1.362   0.694   0.160   0.091   3.21821642   3
   0.021238   9.5500   1.41055584   1.4099   1.1320   3.6828   3.1382   1.940   4.183   3.318   2.307   1.700   1.235   0.559   0.019   -0.051   3.21843028   3
   0.021238   9.5500   1.41204655   1.4113   1.1799   3.6807   3.0827   1.820   4.103   3.219   2.198   1.586   1.116   0.433   -0.113   -0.184   3.21862197   3
   0.021238   9.5500   1.41353452   1.4128   1.2277   3.6786   3.0267   1.701   4.028   3.123   2.091   1.473   0.998   0.306   -0.246   -0.318   3.21881294   3
   0.021238   9.5500   1.41478300   1.4140   1.2721   3.6765   2.9745   1.590   3.960   3.035   1.992   1.368   0.889   0.189   -0.370   -0.443   3.21897292   3
   0.021238   9.5500   1.41585279   1.4151   1.3155   3.6745   2.9231   1.481   3.896   2.949   1.896   1.266   0.782   0.074   -0.491   -0.566   3.21910954   3
   0.021238   9.5500   1.41680503   1.4160   1.3562   3.6724   2.8746   1.379   3.836   2.868   1.806   1.170   0.682   -0.034   -0.605   -0.681   3.21923113   3
   0.021238   9.5500   1.41765726   1.4169   1.3911   3.6707   2.8329   1.292   3.786   2.800   1.729   1.088   0.596   -0.127   -0.703   -0.780   3.21933961   3
   0.021238   9.5500   1.41844797   1.4176   1.4243   3.6690   2.7930   1.209   3.740   2.736   1.657   1.011   0.514   -0.215   -0.796   -0.874   3.21944022   3
   0.021238   9.5500   1.41920805   1.4184   1.4564   3.6673   2.7545   1.129   3.697   2.675   1.588   0.937   0.436   -0.300   -0.886   -0.965   3.21953678   3
   0.021238   9.5500   1.41998434   1.4191   1.4861   3.6657   2.7187   1.055   3.658   2.619   1.524   0.868   0.364   -0.378   -0.969   -1.050   3.21963549   3
   0.021238   9.5500   1.42062294   1.4197   1.4997   3.6650   2.7027   1.021   3.639   2.592   1.495   0.836   0.330   -0.414   -1.007   -1.088   3.21971631   3
   0.021238   9.5500   1.42119277   1.4203   1.4762   3.6666   2.7327   1.079   3.662   2.633   1.543   0.890   0.387   -0.351   -0.939   -1.019   3.21978855   3
   0.021238   9.5500   1.42151666   1.4206   1.4534   3.6681   2.7615   1.136   3.686   2.673   1.590   0.942   0.443   -0.290   -0.873   -0.953   3.21982956   3
   0.021238   9.5500   1.42175543   1.4208   1.4671   3.6673   2.7448   1.102   3.669   2.648   1.561   0.910   0.409   -0.326   -0.912   -0.992   3.21985984   3
   0.021238   9.5500   1.42260742   1.4216   1.5071   3.6651   2.6961   1.002   3.618   2.573   1.475   0.818   0.312   -0.433   -1.025   -1.106   3.21996760   3
   0.021238   9.5500   1.42344213   1.4224   1.5389   3.6634   2.6576   0.923   3.577   2.513   1.407   0.744   0.234   -0.517   -1.115   -1.197   3.22007275   3
   0.021238   9.5500   1.42424738   1.4232   1.5493   3.6629   2.6456   0.897   3.561   2.492   1.384   0.720   0.209   -0.544   -1.144   -1.226   3.22017431   3
   0.021238   9.5500   1.42496812   1.4239   1.5932   3.6604   2.5918   0.787   3.508   2.411   1.291   0.619   0.102   -0.661   -1.268   -1.352   3.22026515   3
   0.021238   9.5500   1.42565906   1.4245   1.6390   3.6577   2.5355   0.672   3.456   2.328   1.195   0.515   -0.009   -0.783   -1.398   -1.484   3.22035193   3
   0.021238   9.5500   1.42628837   1.4251   1.6832   3.6550   2.4807   0.562   3.414   2.253   1.104   0.415   -0.117   -0.901   -1.525   -1.612   3.22043109   3
   0.021238   9.5500   1.42687762   1.4257   1.7274   3.6523   2.4259   0.451   3.382   2.181   1.014   0.314   -0.225   -1.019   -1.651   -1.740   3.22050500   3
   0.021238   9.5500   1.42742682   1.4262   1.7713   3.6496   2.3712   0.342   3.353   2.110   0.924   0.215   -0.332   -1.137   -1.776   -1.868   3.22057390   3
   0.021238   9.5500   1.42792535   1.4266   1.8143   3.6469   2.3175   0.234   3.328   2.044   0.839   0.119   -0.437   -1.252   -1.899   -1.993   3.22063637   3
   0.021238   9.5500   1.42839432   1.4270   1.8579   3.6441   2.2628   0.125   3.305   1.978   0.754   0.022   -0.542   -1.369   -2.024   -2.120   3.22069526   3
   0.021238   9.5500   1.42881918   1.4274   1.9004   3.6413   2.2093   0.019   3.283   1.914   0.670   -0.072   -0.645   -1.483   -2.145   -2.244   3.22074819   3
   0.021238   9.5500   1.42921615   1.4277   1.9430   3.6385   2.1555   -0.088   3.263   1.851   0.588   -0.165   -0.748   -1.597   -2.267   -2.368   3.22079802   3
   0.021238   9.5500   1.42958152   1.4280   1.9854   3.6356   2.1019   -0.193   3.245   1.789   0.508   -0.256   -0.850   -1.710   -2.389   -2.492   3.22084355   3
   0.021238   9.5500   1.42992139   1.4282   2.0279   3.6327   2.0478   -0.300   3.230   1.729   0.428   -0.347   -0.952   -1.824   -2.512   -2.617   3.22088599   3
   0.021238   9.5500   1.43023407   1.4284   2.0701   3.6298   1.9940   -0.405   3.217   1.670   0.349   -0.438   -1.053   -1.937   -2.633   -2.741   3.22092509   3
   0.021238   9.5500   1.43051994   1.4286   2.1117   3.6269   1.9407   -0.509   3.214   1.616   0.274   -0.523   -1.153   -2.049   -2.752   -2.863   3.22096086   3
   0.021238   9.5500   1.43079364   1.4288   2.1547   3.6239   1.8858   -0.617   3.211   1.561   0.197   -0.611   -1.255   -2.164   -2.875   -2.989   3.22099495   3
   0.021238   9.5500   1.43103719   1.4289   2.1960   3.6209   1.8325   -0.720   3.211   1.509   0.124   -0.696   -1.353   -2.275   -2.993   -3.110   3.22102523   3
   0.021238   9.5500   1.43126607   1.4290   2.2378   3.6178   1.7786   -0.824   3.210   1.458   0.053   -0.778   -1.453   -2.387   -3.113   -3.233   3.22105384   3
   0.021238   9.5500   1.43147838   1.4291   2.2795   3.6148   1.7246   -0.929   3.210   1.409   -0.017   -0.859   -1.552   -2.499   -3.233   -3.357   3.22108030   3
   0.021238   9.5500   1.43167305   1.4291   2.3207   3.6117   1.6710   -1.032   3.212   1.361   -0.085   -0.938   -1.649   -2.609   -3.351   -3.478   3.22110438   3
   0.021238   9.5500   1.43185699   1.4291   2.3625   3.6085   1.6164   -1.136   3.213   1.314   -0.152   -1.016   -1.748   -2.722   -3.471   -3.603   3.22112727   3
   0.021238   9.5500   1.43202269   1.4291   2.4033   3.6054   1.5633   -1.238   3.211   1.268   -0.214   -1.088   -1.843   -2.831   -3.589   -3.723   3.22114801   3
   0.021238   9.5500   1.43217647   1.4291   2.4438   3.6021   1.5098   -1.339   3.213   1.225   -0.275   -1.159   -1.938   -2.940   -3.706   -3.844   3.22116709   3
   0.021238   9.5500   1.43232310   1.4290   2.4855   3.5989   1.4551   -1.444   3.205   1.176   -0.335   -1.228   -2.035   -3.052   -3.826   -3.968   3.22118545   3
   0.021238   9.5500   1.43245542   1.4289   2.5258   3.5956   1.4014   -1.545   3.196   1.132   -0.388   -1.286   -2.128   -3.161   -3.943   -4.090   3.22120190   3
   0.021238   9.5500   1.43257856   1.4288   2.5662   3.5922   1.3476   -1.645   3.190   1.089   -0.440   -1.345   -2.221   -3.270   -4.060   -4.212   3.22121716   3
   0.021238   9.5500   1.43269360   1.4286   2.6065   3.5889   1.2939   -1.746   3.182   1.047   -0.489   -1.400   -2.314   -3.379   -4.177   -4.334   3.22123146   3
   0.021238   9.5500   1.43280172   1.4284   2.6471   3.5854   1.2393   -1.848   3.174   1.009   -0.528   -1.446   -2.406   -3.489   -4.296   -4.457   3.22124481   3
   0.021238   9.5500   1.43290162   1.4282   2.6872   3.5818   1.1849   -1.948   3.169   0.972   -0.567   -1.490   -2.497   -3.598   -4.413   -4.580   3.22125721   3
   0.021238   9.5500   1.43299472   1.4280   2.7272   3.5783   1.1309   -2.048   3.161   0.941   -0.599   -1.529   -2.585   -3.706   -4.530   -4.702   3.22126889   3
   0.021238   9.5500   1.43308282   1.4277   2.7674   3.5746   1.0757   -2.149   3.154   0.917   -0.618   -1.559   -2.672   -3.816   -4.648   -4.826   3.22127986   3
   0.021238   9.5500   1.43318343   1.4272   2.8168   3.5700   1.0078   -2.272   3.148   0.888   -0.641   -1.594   -2.779   -3.951   -4.794   -4.978   3.22129226   3
   0.021238   9.5500   1.43327570   1.4268   2.8656   3.5654   0.9402   -2.394   3.181   0.895   -0.642   -1.624   -2.876   -4.085   -4.932   -5.126   3.22130370   3
   0.021238   9.5500   1.43336105   1.4262   2.9143   3.5605   0.8721   -2.516   3.228   0.902   -0.645   -1.654   -2.976   -4.219   -5.069   -5.274   3.22131443   3
   0.021238   9.5500   1.43343937   1.4255   2.9625   3.5556   0.8039   -2.636   3.279   0.934   -0.620   -1.671   -3.063   -4.352   -5.205   -5.421   3.22132397   3
   0.021238   9.5500   1.43351412   1.4248   3.0118   3.5505   0.7339   -2.760   3.338   0.964   -0.594   -1.684   -3.155   -4.488   -5.345   -5.573   3.22133327   3
   0.021238   9.5500   1.43358243   1.4239   3.0601   3.5454   0.6648   -2.880   3.396   1.022   -0.537   -1.683   -3.230   -4.620   -5.481   -5.721   3.22134185   3
   0.021238   9.5500   1.43364608   1.4229   3.1084   3.5402   0.5954   -3.001   3.462   1.081   -0.475   -1.676   -3.308   -4.753   -5.617   -5.869   3.22134972   3
   0.021238   9.5500   1.43370593   1.4218   3.1571   3.5347   0.5247   -3.123   3.536   1.188   -0.372   -1.651   -3.362   -4.887   -5.754   -6.019   3.22135711   3
   0.021238   9.5500   1.43376219   1.4205   3.2060   3.5291   0.4530   -3.245   3.577   1.301   -0.253   -1.617   -3.405   -5.022   -5.896   -6.172   3.22136426   3
   0.021238   9.5500   1.43381464   1.4190   3.2547   3.5234   0.3809   -3.367   3.606   1.470   -0.089   -1.562   -3.405   -5.159   -6.039   -6.326   3.22137070   3
   0.021238   9.5500   1.43386328   1.4172   3.3028   3.5176   0.3090   -3.487   3.636   1.644   0.078   -1.496   -3.394   -5.293   -6.180   -6.478   3.22137666   3
   0.021238   9.5500   1.43390882   1.4153   3.3500   3.5117   0.2375   -3.605   3.663   1.830   0.251   -1.415   -3.362   -5.424   -6.320   -6.628   3.22138238   3
   0.021238   9.5500   1.43395448   1.4128   3.3960   3.5058   0.1672   -3.720   3.690   2.022   0.428   -1.322   -3.310   -5.549   -6.456   -6.774   3.22138810   4
   0.021238   9.5500   1.43395448   1.4125   1.7155   3.6672   2.4935   0.481   3.042   2.026   0.935   0.291   -0.210   -0.948   -1.532   -1.612   3.22138810   4
   0.021238   9.5500   1.43437302   1.4129   1.7290   3.6662   2.4759   0.448   3.037   2.006   0.908   0.260   -0.243   -0.985   -1.572   -1.653   3.22143984   4
   0.021238   9.5500   1.43481076   1.4134   1.7336   3.6660   2.4705   0.436   3.032   1.998   0.898   0.249   -0.254   -0.998   -1.585   -1.666   3.22149420   4
   0.021238   9.5500   1.43525243   1.4138   1.7331   3.6662   2.4721   0.437   3.028   1.996   0.898   0.250   -0.253   -0.996   -1.582   -1.663   3.22154880   4
   0.021238   9.5500   1.43569767   1.4143   1.7314   3.6665   2.4752   0.441   3.023   1.996   0.899   0.253   -0.249   -0.990   -1.576   -1.657   3.22160387   4
   0.021238   9.5500   1.43614602   1.4147   1.7297   3.6669   2.4784   0.446   3.019   1.996   0.901   0.256   -0.245   -0.985   -1.570   -1.650   3.22165942   4
   0.021238   9.5500   1.43659377   1.4152   1.7282   3.6672   2.4815   0.450   3.014   1.996   0.903   0.259   -0.241   -0.980   -1.564   -1.644   3.22171474   4
   0.021238   9.5500   1.43704200   1.4156   1.7266   3.6675   2.4845   0.453   3.010   1.995   0.904   0.262   -0.238   -0.975   -1.558   -1.638   3.22177005   4
   0.021238   9.5500   1.43748629   1.4161   1.7252   3.6679   2.4873   0.457   3.005   1.995   0.906   0.264   -0.235   -0.971   -1.553   -1.633   3.22182488   4
   0.021238   9.5500   1.43790531   1.4165   1.7240   3.6682   2.4900   0.460   3.000   1.994   0.907   0.266   -0.232   -0.967   -1.548   -1.628   3.22187662   4
   0.021238   9.5500   1.43833005   1.4169   1.7229   3.6685   2.4924   0.463   2.995   1.993   0.907   0.268   -0.229   -0.963   -1.543   -1.623   3.22192907   4
   0.021238   9.5500   1.43878758   1.4174   1.7221   3.6688   2.4944   0.465   2.991   1.992   0.908   0.269   -0.228   -0.960   -1.540   -1.619   3.22198534   4
   0.021238   9.5500   1.43923962   1.4179   1.7215   3.6690   2.4962   0.466   2.986   1.990   0.907   0.270   -0.226   -0.958   -1.537   -1.616   3.22204089   4
   0.021238   9.5500   1.43965268   1.4183   1.7210   3.6692   2.4976   0.467   2.982   1.989   0.907   0.270   -0.225   -0.956   -1.534   -1.613   3.22209167   4
   0.021238   9.5500   1.44005919   1.4187   1.7207   3.6694   2.4988   0.468   2.978   1.987   0.907   0.270   -0.225   -0.955   -1.532   -1.611   3.22214174   4
   0.021238   9.5500   1.44011080   1.4188   1.7207   3.6694   2.4990   0.468   2.978   1.987   0.907   0.270   -0.225   -0.955   -1.532   -1.611   3.22214818   4
   0.021238   9.5500   1.44055676   1.4192   1.7205   3.6696   2.4999   0.469   2.974   1.985   0.906   0.270   -0.224   -0.954   -1.531   -1.610   3.22220278   4
   0.021238   9.5500   1.44099438   1.4197   1.7206   3.6698   2.5007   0.469   2.970   1.983   0.905   0.270   -0.225   -0.954   -1.530   -1.608   3.22225666   4
   0.021238   9.5500   1.44146192   1.4201   1.7208   3.6699   2.5011   0.468   2.966   1.981   0.903   0.268   -0.225   -0.954   -1.530   -1.608   3.22231388   4
   0.021238   9.5500   1.44189203   1.4206   1.7214   3.6700   2.5010   0.466   2.963   1.979   0.901   0.267   -0.227   -0.955   -1.531   -1.609   3.22236657   4
   0.021238   9.5500   1.44235241   1.4211   1.7223   3.6701   2.5006   0.464   2.959   1.976   0.898   0.264   -0.229   -0.957   -1.532   -1.611   3.22242308   4
   0.021238   9.5500   1.44267845   1.4214   1.7231   3.6701   2.4999   0.462   2.956   1.973   0.896   0.262   -0.231   -0.959   -1.534   -1.613   3.22246289   4
   0.021238   9.5500   1.44296169   1.4217   1.7239   3.6701   2.4994   0.460   2.954   1.971   0.894   0.260   -0.233   -0.961   -1.536   -1.615   3.22249746   4
   0.021238   9.5500   1.44340825   1.4221   1.7253   3.6701   2.4980   0.457   2.952   1.968   0.891   0.257   -0.237   -0.965   -1.540   -1.618   3.22255206   4
   0.021238   9.5500   1.44345546   1.4222   1.7254   3.6701   2.4979   0.456   2.951   1.968   0.890   0.256   -0.237   -0.965   -1.540   -1.619   3.22255802   4
   0.021238   9.5500   1.44395018   1.4227   1.7273   3.6700   2.4959   0.452   2.948   1.964   0.886   0.252   -0.242   -0.970   -1.545   -1.624   3.22261834   4
   0.021238   9.5500   1.44444966   1.4232   1.7297   3.6699   2.4933   0.446   2.945   1.959   0.881   0.246   -0.248   -0.976   -1.552   -1.630   3.22267938   4
   0.021238   9.5500   1.44493437   1.4237   1.7326   3.6698   2.4899   0.439   2.943   1.955   0.874   0.240   -0.255   -0.984   -1.560   -1.639   3.22273850   4
   0.021238   9.5500   1.44543076   1.4242   1.7362   3.6695   2.4852   0.429   2.941   1.949   0.867   0.231   -0.264   -0.994   -1.571   -1.650   3.22279906   4
   0.021238   9.5500   1.44590259   1.4247   1.7401   3.6692   2.4803   0.420   2.940   1.943   0.860   0.223   -0.273   -1.005   -1.582   -1.661   3.22285652   4
   0.021238   9.5500   1.44637465   1.4252   1.7447   3.6688   2.4745   0.408   2.938   1.937   0.850   0.212   -0.284   -1.017   -1.596   -1.675   3.22291398   4
   0.021238   9.5500   1.44685507   1.4257   1.7507   3.6683   2.4667   0.393   2.935   1.928   0.838   0.199   -0.299   -1.034   -1.614   -1.693   3.22297239   4
   0.021238   9.5500   1.44733524   1.4262   1.7580   3.6678   2.4572   0.375   2.933   1.917   0.824   0.182   -0.317   -1.054   -1.635   -1.715   3.22303057   4
   0.021238   9.5500   1.44781041   1.4267   1.7592   3.6677   2.4560   0.372   2.931   1.915   0.821   0.179   -0.320   -1.057   -1.638   -1.719   3.22308826   4
   0.021238   9.5500   1.44829094   1.4271   1.7768   3.6662   2.4325   0.328   2.928   1.891   0.788   0.140   -0.363   -1.106   -1.691   -1.773   3.22314668   4
   0.021238   9.5500   1.44876599   1.4276   1.8001   3.6642   2.4011   0.270   2.923   1.859   0.743   0.088   -0.420   -1.170   -1.762   -1.844   3.22320437   4
   0.021238   9.5500   1.44912982   1.4280   1.8374   3.6609   2.3510   0.176   2.916   1.808   0.671   0.005   -0.511   -1.274   -1.874   -1.959   3.22324848   4
   0.021238   9.5500   1.44931889   1.4282   1.8785   3.6574   2.2959   0.074   2.911   1.754   0.594   -0.085   -0.610   -1.387   -1.997   -2.084   3.22327137   4
   0.021238   9.5500   1.44941700   1.4283   1.9198   3.6538   2.2402   -0.030   2.909   1.700   0.518   -0.174   -0.710   -1.501   -2.122   -2.211   3.22328305   4
   0.021238   9.5500   1.44946849   1.4283   1.9625   3.6502   2.1832   -0.136   2.904   1.643   0.438   -0.268   -0.813   -1.618   -2.249   -2.341   3.22328949   4
   0.021238   9.5500   1.44949353   1.4283   2.0033   3.6468   2.1289   -0.238   2.903   1.591   0.364   -0.355   -0.911   -1.728   -2.370   -2.465   3.22329235   4
   0.021238   9.5500   1.44950759   1.4284   2.0415   3.6436   2.0779   -0.334   2.902   1.543   0.294   -0.437   -1.002   -1.832   -2.483   -2.581   3.22329402   4
   0.021238   9.5500   1.44951713   1.4284   2.0793   3.6405   2.0277   -0.428   2.900   1.495   0.226   -0.518   -1.093   -1.935   -2.595   -2.695   3.22329521   4
   0.021238   9.5500   1.44951904   1.4284   2.0887   3.6397   2.0151   -0.452   2.900   1.483   0.209   -0.538   -1.116   -1.961   -2.623   -2.724   3.22329545   7
   0.021238   9.5500   1.44951916   1.4284   2.0894   3.6397   2.0143   -0.453   2.900   1.482   0.208   -0.540   -1.117   -1.962   -2.625   -2.726   3.22329545   7
   0.021238   9.5500   1.44952583   1.4284   2.1241   3.6368   1.9681   -0.540   2.907   1.441   0.147   -0.612   -1.200   -2.057   -2.727   -2.830   3.22329640   7
   0.021238   9.5500   1.44953322   1.4284   2.1631   3.6336   1.9163   -0.638   2.917   1.396   0.079   -0.693   -1.293   -2.163   -2.842   -2.948   3.22329712   7
   0.021238   9.5500   1.44954050   1.4284   2.1973   3.6308   1.8709   -0.723   2.926   1.356   0.019   -0.765   -1.374   -2.256   -2.942   -3.051   3.22329807   7
   0.021238   9.5500   1.44955111   1.4284   2.2327   3.6279   1.8239   -0.812   2.936   1.317   -0.041   -0.836   -1.458   -2.352   -3.046   -3.157   3.22329926   7
   0.021238   9.5500   1.44956887   1.4284   2.2042   3.6303   1.8620   -0.741   2.926   1.347   0.006   -0.780   -1.391   -2.275   -2.962   -3.071   3.22330165   7
   0.021238   9.5500   1.44958556   1.4284   2.1713   3.6330   1.9058   -0.658   2.917   1.385   0.064   -0.711   -1.312   -2.185   -2.865   -2.972   3.22330356   7
   0.021238   9.5500   1.44962692   1.4284   2.1351   3.6360   1.9539   -0.568   2.907   1.427   0.127   -0.635   -1.226   -2.087   -2.759   -2.863   3.22330856   7
   0.021238   9.5500   1.44996285   1.4287   2.1232   3.6369   1.9695   -0.538   2.906   1.442   0.148   -0.610   -1.198   -2.054   -2.724   -2.827   3.22334909   7
   0.021238   9.5500   1.45020914   1.4289   2.1595   3.6339   1.9213   -0.629   2.916   1.400   0.085   -0.686   -1.284   -2.153   -2.831   -2.937   3.22337890   7
   0.021238   9.5500   1.45041156   1.4290   2.1997   3.6306   1.8679   -0.729   2.927   1.354   0.015   -0.770   -1.380   -2.262   -2.949   -3.058   3.22340345   7
   0.021238   9.5500   1.45058084   1.4291   2.2406   3.6273   1.8135   -0.831   2.939   1.308   -0.054   -0.851   -1.477   -2.373   -3.069   -3.181   3.22342396   7
   0.021238   9.5500   1.45072222   1.4292   2.2815   3.6239   1.7592   -0.934   2.950   1.263   -0.123   -0.934   -1.573   -2.484   -3.188   -3.304   3.22344112   7
   0.021238   9.5500   1.45084214   1.4292   2.3224   3.6205   1.7049   -1.036   2.962   1.218   -0.191   -1.016   -1.670   -2.594   -3.308   -3.426   3.22345543   7
   0.021238   9.5500   1.45094597   1.4292   2.3634   3.6171   1.6502   -1.138   2.974   1.176   -0.256   -1.093   -1.766   -2.705   -3.427   -3.550   3.22346807   7
   0.021238   9.5500   1.45103645   1.4293   2.4043   3.6137   1.5955   -1.241   2.987   1.134   -0.320   -1.169   -1.862   -2.815   -3.547   -3.673   3.22347903   7
   0.021238   9.5500   1.45111692   1.4292   2.4451   3.6102   1.5408   -1.343   3.002   1.093   -0.383   -1.247   -1.958   -2.925   -3.666   -3.796   3.22348881   7
   0.021238   9.5500   1.45119035   1.4292   2.4860   3.6067   1.4858   -1.445   3.008   1.053   -0.441   -1.315   -2.053   -3.036   -3.785   -3.920   3.22349763   7
   0.021238   9.5500   1.45125771   1.4292   2.5269   3.6031   1.4308   -1.547   3.009   1.008   -0.499   -1.382   -2.147   -3.146   -3.905   -4.044   3.22350574   7
   0.021238   9.5500   1.45132077   1.4292   2.5677   3.5996   1.3759   -1.649   3.009   0.964   -0.556   -1.449   -2.241   -3.256   -4.025   -4.168   3.22351336   7
   0.021238   9.5500   1.45137942   1.4291   2.6090   3.5960   1.3201   -1.752   3.007   0.924   -0.606   -1.506   -2.336   -3.368   -4.146   -4.294   3.22352028   7
   0.021238   9.5500   1.45143461   1.4290   2.6501   3.5923   1.2641   -1.855   3.008   0.884   -0.656   -1.563   -2.431   -3.479   -4.267   -4.420   3.22352695   7
   0.021238   9.5500   1.45148492   1.4289   2.6911   3.5885   1.2077   -1.958   3.011   0.849   -0.698   -1.613   -2.523   -3.591   -4.388   -4.547   3.22353315   7
   0.021238   9.5500   1.45153534   1.4288   2.7321   3.5846   1.1514   -2.060   3.011   0.815   -0.734   -1.654   -2.616   -3.703   -4.509   -4.673   3.22353911   7
   0.021238   9.5500   1.45158541   1.4286   2.7734   3.5807   1.0945   -2.164   3.013   0.781   -0.770   -1.696   -2.709   -3.816   -4.631   -4.801   3.22354531   7
   0.021238   9.5500   1.45163071   1.4285   2.8157   3.5766   1.0357   -2.269   3.012   0.759   -0.789   -1.725   -2.800   -3.931   -4.757   -4.933   3.22355080   7
   0.021238   9.5500   1.45166326   1.4283   2.8586   3.5723   0.9755   -2.377   3.026   0.747   -0.804   -1.755   -2.892   -4.050   -4.882   -5.066   3.22355461   7
   0.021238   9.5500   1.45168388   1.4282   2.8978   3.5684   0.9205   -2.475   3.061   0.749   -0.813   -1.784   -2.974   -4.158   -4.994   -5.186   3.22355723   7
   0.021238   9.5500   1.45170116   1.4281   2.9374   3.5642   0.8642   -2.574   3.103   0.761   -0.808   -1.803   -3.053   -4.268   -5.107   -5.308   3.22355914   7
   0.021238   9.5500   1.45171654   1.4280   2.9779   3.5599   0.8062   -2.675   3.155   0.774   -0.803   -1.821   -3.135   -4.380   -5.222   -5.433   3.22356105   7
   0.021238   9.5500   1.45173109   1.4278   3.0186   3.5554   0.7478   -2.777   3.205   0.808   -0.773   -1.827   -3.207   -4.492   -5.338   -5.559   3.22356272   7
   0.021238   9.5500   1.45174348   1.4277   3.0560   3.5512   0.6936   -2.870   3.259   0.838   -0.744   -1.829   -3.276   -4.596   -5.445   -5.675   3.22356439   7
   0.021238   9.5500   1.45175731   1.4275   3.0989   3.5464   0.6313   -2.977   3.319   0.892   -0.689   -1.822   -3.344   -4.714   -5.567   -5.809   3.22356606   7
   0.021238   9.5500   1.45176983   1.4273   3.1370   3.5419   0.5753   -3.073   3.380   0.951   -0.626   -1.806   -3.402   -4.820   -5.676   -5.928   3.22356749   7
   0.021238   9.5500   1.45178545   1.4270   3.1773   3.5372   0.5158   -3.173   3.449   1.036   -0.540   -1.781   -3.452   -4.931   -5.791   -6.054   3.22356939   7
   0.021238   9.5500   1.45180237   1.4266   3.2175   3.5324   0.4562   -3.274   3.481   1.129   -0.438   -1.749   -3.490   -5.043   -5.909   -6.181   3.22357154   7
   0.021238   9.5500   1.45182157   1.4261   3.2576   3.5274   0.3960   -3.374   3.509   1.255   -0.307   -1.702   -3.503   -5.155   -6.028   -6.309   3.22357368   7
   0.021238   9.5500   1.45182729   1.4259   3.2511   3.5282   0.4059   -3.358   3.502   1.227   -0.336   -1.713   -3.506   -5.137   -6.008   -6.288   3.22357440   7
   0.021238   9.5500   1.45182776   1.4259   3.2264   3.5313   0.4431   -3.296   3.485   1.147   -0.418   -1.743   -3.499   -5.067   -5.935   -6.208   3.22357440   7
   0.021238   9.5500   1.45182896   1.4259   3.2276   3.5312   0.4414   -3.299   3.485   1.149   -0.416   -1.743   -3.501   -5.071   -5.938   -6.212   3.22357464   7
   0.021238   9.5500   1.45182979   1.4258   3.2535   3.5279   0.4024   -3.364   3.504   1.236   -0.326   -1.709   -3.505   -5.143   -6.015   -6.295   3.22357464   7
   0.021238   9.5500   1.45183063   1.4258   3.2788   3.5247   0.3639   -3.427   3.526   1.339   -0.225   -1.671   -3.499   -5.215   -6.091   -6.377   3.22357488   7
   0.021238   9.5500   1.45183170   1.4258   3.3120   3.5203   0.3133   -3.510   3.560   1.476   -0.088   -1.618   -3.493   -5.309   -6.191   -6.485   3.22357488   7
   0.021238   9.5500   1.45183313   1.4257   3.3467   3.5157   0.2601   -3.597   3.585   1.625   0.051   -1.550   -3.463   -5.406   -6.294   -6.596   3.22357512   7
   0.021238   9.5500   1.45183504   1.4256   3.3841   3.5106   0.2022   -3.690   3.617   1.800   0.215   -1.468   -3.425   -5.511   -6.407   -6.718   3.22357535   7
   0.021238   9.5500   1.45183790   1.4255   3.4189   3.5056   0.1476   -3.777   3.646   1.970   0.373   -1.378   -3.368   -5.607   -6.512   -6.831   3.22357583   7
   0.021238   9.5500   1.45183921   1.4254   3.4252   3.5048   0.1379   -3.793   3.651   1.999   0.401   -1.363   -3.358   -5.624   -6.530   -6.851   3.22357583   7
   0.021238   9.5500   1.45183921   1.4254   3.4252   3.5048   0.1379   -3.793   3.651   2.000   0.401   -1.362   -3.358   -5.624   -6.530   -6.851   3.22357583   8
