#   Isochrone  Z = 0.02124   Y = 0.28667   [M/H] = 0.171   eta_R = 0.200   Age =    6.3096e+06 yr
#      Z   log(age/yr)   M_ini      M_act   logL/Lo   logTe   logG   mbol    U       B       V       R       I       J       H       K   int_IMF   stage
   0.021238   6.8000   0.09148076   0.0915   -1.9094   3.3906   3.8232   9.543   17.465   16.128   14.679   12.631   10.412   7.475   6.929   6.455   1.48352957   0
   0.021238   6.8000   0.09532113   0.0953   -1.8885   3.3927   3.8285   9.491   17.345   16.014   14.566   12.536   10.331   7.426   6.879   6.409   1.52359760   0
   0.021238   6.8000   0.10453664   0.1045   -1.8416   3.3974   3.8404   9.374   17.075   15.757   14.312   12.323   10.148   7.315   6.768   6.306   1.61374211   0
   0.021238   6.8000   0.10601753   0.1060   -1.8328   3.3983   3.8415   9.352   17.020   15.706   14.262   12.281   10.112   7.295   6.747   6.287   1.62746108   0
   0.021238   6.8000   0.11227802   0.1123   -1.7984   3.4019   3.8464   9.266   16.811   15.511   14.070   12.120   9.976   7.214   6.665   6.211   1.68330550   0
   0.021238   6.8000   0.12005721   0.1201   -1.7643   3.4053   3.8549   9.181   16.615   15.326   13.887   11.966   9.843   7.133   6.584   6.136   1.74828672   0
   0.021238   6.8000   0.12881300   0.1288   -1.7232   3.4097   3.8620   9.078   16.361   15.089   13.653   11.771   9.678   7.037   6.487   6.046   1.81628227   0
   0.021238   6.8000   0.13648815   0.1365   -1.6892   3.4133   3.8674   8.993   16.153   14.896   13.462   11.612   9.543   6.958   6.407   5.972   1.87169397   0
   0.021238   6.8000   0.14680056   0.1468   -1.6486   3.4176   3.8759   8.892   15.904   14.664   13.233   11.421   9.381   6.863   6.310   5.883   1.94067872   0
   0.021238   6.8000   0.15578768   0.1558   -1.6122   3.4217   3.8817   8.800   15.670   14.448   13.020   11.244   9.232   6.778   6.225   5.804   1.99634159   0
   0.021238   6.8000   0.16473377   0.1647   -1.5824   3.4248   3.8886   8.726   15.490   14.279   12.853   11.105   9.113   6.709   6.154   5.739   2.04807520   0
   0.021238   6.8000   0.16933402   0.1693   -1.5654   3.4270   3.8923   8.684   15.372   14.171   12.745   11.017   9.040   6.669   6.114   5.703   2.07330894   0
   0.021238   6.8000   0.17977034   0.1798   -1.5242   3.4322   3.8978   8.581   15.097   13.918   12.500   10.814   8.869   6.574   6.017   5.615   2.12744594   0
   0.021238   6.8000   0.19017832   0.1902   -1.4891   3.4364   3.9036   8.493   14.883   13.720   12.310   10.656   8.734   6.492   5.933   5.538   2.17758203   0
   0.021238   6.8000   0.20046458   0.2005   -1.4600   3.4396   3.9106   8.420   14.713   13.560   12.157   10.527   8.624   6.424   5.864   5.475   2.22380328   0
   0.021238   6.8000   0.21539134   0.2154   -1.4166   3.4452   3.9208   8.311   14.446   13.310   11.918   10.327   8.455   6.323   5.761   5.382   2.28547430   0
   0.021238   6.8000   0.23070212   0.2307   -1.3693   3.4517   3.9291   8.193   14.150   13.034   11.653   10.105   8.271   6.215   5.648   5.281   2.34286165   0
   0.021238   6.8000   0.24610072   0.2461   -1.3273   3.4570   3.9365   8.088   13.914   12.808   11.430   9.917   8.116   6.119   5.548   5.190   2.39548492   0
   0.021238   6.8000   0.27919006   0.2792   -1.2484   3.4672   3.9532   7.891   13.481   12.391   11.027   9.576   7.831   5.939   5.356   5.020   2.49403644   0
   0.021238   6.8000   0.30507943   0.3051   -1.1926   3.4744   3.9645   7.751   13.189   12.107   10.755   9.344   7.636   5.812   5.220   4.897   2.55971861   0
   0.021238   6.8000   0.30740377   0.3074   -1.1879   3.4750   3.9654   7.740   13.166   12.083   10.732   9.325   7.620   5.801   5.208   4.887   2.56520677   0
   0.021238   6.8000   0.33181524   0.3318   -1.1366   3.4822   3.9764   7.612   12.900   11.819   10.473   9.103   7.441   5.688   5.084   4.776   2.61923528   0
   0.021238   6.8000   0.35841063   0.3584   -1.0855   3.4895   3.9878   7.484   12.656   11.569   10.218   8.880   7.267   5.577   4.961   4.664   2.67129469   0
   0.021238   6.8000   0.41189992   0.4119   -0.9917   3.5027   4.0073   7.249   12.223   11.122   9.791   8.514   6.960   5.372   4.728   4.455   2.75922561   0
   0.021238   6.8000   0.44999999   0.4500   -0.9317   3.5114   4.0204   7.099   11.960   10.840   9.515   8.278   6.766   5.243   4.581   4.322   2.81098008   0
   0.021238   6.8000   0.47629258   0.4763   -0.8912   3.5177   4.0298   6.998   11.789   10.648   9.321   8.111   6.634   5.159   4.484   4.232   2.84250879   0
   0.021238   6.8000   0.50000000   0.5000   -0.8562   3.5231   4.0377   6.911   11.641   10.482   9.157   7.970   6.522   5.085   4.400   4.156   2.86847806   0
   0.021238   6.8000   0.50372511   0.5037   -0.8517   3.5239   4.0396   6.899   11.621   10.459   9.134   7.951   6.507   5.076   4.389   4.146   2.87236619   0
   0.021238   6.8000   0.52982664   0.5298   -0.8178   3.5295   4.0500   6.815   11.475   10.293   8.973   7.815   6.398   5.006   4.307   4.073   2.89820576   0
   0.021238   6.8000   0.55000001   0.5500   -0.7938   3.5333   4.0574   6.754   11.377   10.180   8.862   7.721   6.322   4.955   4.250   4.021   2.91663504   0
   0.021238   6.8000   0.56843430   0.5684   -0.7703   3.5374   4.0645   6.696   11.278   10.064   8.751   7.626   6.247   4.907   4.194   3.970   2.93242669   0
   0.021238   6.8000   0.59481657   0.5948   -0.7384   3.5426   4.0732   6.616   11.149   9.913   8.602   7.499   6.148   4.840   4.118   3.902   2.95346451   0
   0.021238   6.8000   0.60000002   0.6000   -0.7326   3.5435   4.0750   6.602   11.127   9.886   8.575   7.476   6.130   4.828   4.105   3.890   2.95739889   0
   0.021238   6.8000   0.60724705   0.6072   -0.7240   3.5452   4.0781   6.580   11.091   9.842   8.532   7.439   6.102   4.811   4.085   3.873   2.96279645   0
   0.021238   6.8000   0.63748479   0.6375   -0.6878   3.5516   4.0886   6.490   10.944   9.665   8.355   7.288   5.989   4.737   4.001   3.798   2.98410010   0
   0.021238   6.8000   0.64999998   0.6500   -0.6739   3.5540   4.0927   6.455   10.889   9.597   8.286   7.228   5.946   4.708   3.970   3.770   2.99236870   0
   0.021238   6.8000   0.66974634   0.6697   -0.6496   3.5585   4.0996   6.394   10.791   9.474   8.161   7.120   5.870   4.660   3.916   3.722   3.00480509   0
   0.021238   6.8000   0.69672006   0.6967   -0.6184   3.5642   4.1082   6.316   10.666   9.316   7.998   6.977   5.773   4.598   3.849   3.663   3.02068782   0
   0.021238   6.8000   0.69999999   0.7000   -0.6147   3.5648   4.1091   6.307   10.651   9.298   7.979   6.961   5.762   4.591   3.841   3.656   3.02253795   0
   0.021238   6.8000   0.75000000   0.7500   -0.4731   3.6128   4.1896   5.953   9.792   8.274   6.986   6.104   5.296   4.368   3.634   3.510   3.04879928   0
   0.021238   6.8000   0.75463986   0.7546   -0.4691   3.6134   4.1905   5.943   9.774   8.256   6.969   6.089   5.285   4.359   3.627   3.503   3.05106497   0
   0.021238   6.8000   0.79595280   0.7960   -0.4282   3.6187   4.1937   5.840   9.597   8.082   6.808   5.939   5.175   4.271   3.547   3.429   3.07010865   0
   0.021238   6.8000   0.80000001   0.8000   -0.4243   3.6192   4.1940   5.831   9.580   8.066   6.792   5.925   5.165   4.263   3.539   3.422   3.07187057   0
   0.021238   6.8000   0.82332021   0.8233   -0.4035   3.6220   4.1969   5.779   9.484   7.976   6.710   5.850   5.109   4.218   3.500   3.386   3.08167815   0
   0.021238   6.8000   0.85000002   0.8500   -0.3789   3.6252   4.1990   5.717   9.370   7.872   6.615   5.762   5.045   4.165   3.453   3.343   3.09222293   0
   0.021238   6.8000   0.89775652   0.8978   -0.3353   3.6308   4.2016   5.608   9.166   7.686   6.446   5.608   4.930   4.071   3.371   3.266   3.10949588   0
   0.021238   6.8000   0.89999998   0.9000   -0.3331   3.6311   4.2016   5.603   9.155   7.677   6.438   5.601   4.924   4.067   3.367   3.262   3.11026096   0
   0.021238   6.8000   0.94999999   0.9500   -0.2904   3.6368   4.2052   5.496   8.935   7.494   6.275   5.454   4.812   3.976   3.289   3.190   3.12635612   0
   0.021238   6.8000   0.95421308   0.9542   -0.2871   3.6372   4.2057   5.488   8.917   7.479   6.262   5.442   4.803   3.969   3.283   3.184   3.12763357   0
   0.021238   6.8000   1.00000000   1.0000   -0.2454   3.6426   4.2058   5.384   8.698   7.302   6.105   5.302   4.694   3.880   3.209   3.114   3.14080405   0
   0.021238   6.8000   1.02272594   1.0227   -0.2257   3.6452   4.2064   5.334   8.587   7.217   6.031   5.236   4.642   3.839   3.175   3.082   3.14688516   0
   0.021238   6.8000   1.04999995   1.0500   -0.2022   3.6484   4.2070   5.276   8.455   7.114   5.942   5.158   4.581   3.789   3.136   3.045   3.15380883   0
   0.021238   6.8000   1.05610919   1.0561   -0.1971   3.6491   4.2073   5.263   8.425   7.092   5.922   5.141   4.567   3.778   3.127   3.036   3.15530682   0
   0.021238   6.8000   1.10000002   1.1000   -0.1581   3.6544   4.2072   5.165   8.199   6.923   5.778   5.016   4.465   3.696   3.063   2.975   3.16554141   0
   0.021238   6.8000   1.14999998   1.1500   -0.1113   3.6608   4.2052   5.048   7.926   6.722   5.606   4.869   4.342   3.597   2.986   2.902   3.17617631   0
   0.021238   6.8000   1.20000005   1.2000   -0.0621   3.6675   4.2013   4.925   7.643   6.514   5.429   4.721   4.215   3.494   2.905   2.824   3.18585706   0
   0.021238   6.8000   1.25000000   1.2500   -0.0144   3.6742   4.1982   4.806   7.367   6.313   5.260   4.579   4.092   3.396   2.828   2.751   3.19470429   0
   0.021238   6.8000   1.29999995   1.3000   0.0305   3.6806   4.1959   4.694   7.108   6.125   5.103   4.448   3.976   3.303   2.757   2.682   3.20280719   0
   0.021238   6.8000   1.35000002   1.3500   0.0793   3.6874   4.1906   4.572   6.844   5.931   4.938   4.309   3.853   3.203   2.677   2.606   3.21023273   0
   0.021238   6.8000   1.37465787   1.3747   0.1038   3.6908   4.1874   4.510   6.713   5.834   4.856   4.239   3.791   3.152   2.637   2.567   3.21366978   0
   0.021238   6.8000   1.39999998   1.4000   0.1313   3.6945   4.1827   4.442   6.568   5.728   4.766   4.163   3.722   3.096   2.592   2.524   3.21705914   0
   0.021238   6.8000   1.44911027   1.4491   0.1844   3.7015   4.1728   4.309   6.292   5.525   4.594   4.016   3.590   2.988   2.504   2.439   3.22324610   0
   0.021238   6.8000   1.45000005   1.4500   0.1855   3.7017   4.1725   4.306   6.287   5.521   4.590   4.013   3.588   2.985   2.502   2.438   3.22335362   0
   0.021238   6.8000   1.50000000   1.5000   0.2408   3.7089   4.1610   4.168   6.008   5.316   4.415   3.863   3.451   2.873   2.410   2.349   3.22917390   0
   0.021238   6.8000   1.50323272   1.5032   0.2444   3.7094   4.1602   4.159   5.990   5.303   4.404   3.853   3.442   2.866   2.404   2.343   3.22953510   0
   0.021238   6.8000   1.54999995   1.5500   0.3027   3.7167   4.1446   4.013   5.711   5.096   4.226   3.697   3.299   2.747   2.306   2.247   3.23456979   0
   0.021238   6.8000   1.60000002   1.6000   0.3678   3.7246   4.1250   3.851   5.410   4.869   4.031   3.525   3.141   2.614   2.195   2.139   3.23958373   0
   0.021238   6.8000   1.61089146   1.6109   0.3823   3.7264   4.1202   3.814   5.344   4.819   3.988   3.487   3.106   2.584   2.169   2.115   3.24062777   0
   0.021238   6.8000   1.64999998   1.6500   0.4403   3.7330   4.0993   3.669   5.088   4.622   3.819   3.337   2.966   2.466   2.068   2.016   3.24424219   0
   0.021238   6.8000   1.67499995   1.6750   0.4802   3.7374   4.0833   3.569   4.918   4.489   3.703   3.234   2.871   2.383   1.996   1.947   3.24644756   0
   0.021238   6.8000   1.70000005   1.7000   0.5231   3.7419   4.0649   3.462   4.741   4.350   3.582   3.124   2.768   2.294   1.919   1.870   3.24857616   0
   0.021238   6.8000   1.72402525   1.7240   0.5678   3.7465   4.0447   3.351   4.564   4.208   3.457   3.011   2.661   2.201   1.837   1.790   3.25055265   0
   0.021238   6.8000   1.72500002   1.7250   0.5697   3.7467   4.0437   3.346   4.556   4.202   3.452   3.006   2.657   2.197   1.834   1.786   3.25063133   0
   0.021238   6.8000   1.74944401   1.7494   0.6196   3.7516   4.0196   3.221   4.363   4.045   3.314   2.879   2.538   2.092   1.742   1.695   3.25257349   0
   0.021238   6.8000   1.75000000   1.7500   0.6207   3.7517   4.0190   3.218   4.359   4.041   3.311   2.877   2.535   2.090   1.740   1.693   3.25261688   0
   0.021238   6.8000   1.75374126   1.7537   0.6285   3.7524   4.0151   3.199   4.329   4.016   3.289   2.857   2.517   2.074   1.725   1.679   3.25290823   0
   0.021238   6.8000   1.77499998   1.7750   0.6773   3.7571   3.9901   3.077   4.146   3.863   3.155   2.734   2.402   1.972   1.634   1.590   3.25453615   0
   0.021238   6.8000   1.77804911   1.7780   0.6844   3.7577   3.9865   3.059   4.119   3.841   3.136   2.717   2.385   1.957   1.621   1.577   3.25476575   0
   0.021238   6.8000   1.79999995   1.8000   0.7388   3.7629   3.9579   2.923   3.921   3.672   2.987   2.580   2.257   1.843   1.519   1.477   3.25639176   0
   0.021238   6.8000   1.80242586   1.8024   0.7450   3.7634   3.9546   2.908   3.899   3.653   2.971   2.565   2.242   1.830   1.508   1.466   3.25656867   0
   0.021238   6.8000   1.82450807   1.8245   0.8032   3.7690   3.9240   2.762   3.690   3.472   2.812   2.419   2.106   1.709   1.400   1.359   3.25815248   0
   0.021238   6.8000   1.82500005   1.8250   0.8045   3.7692   3.9234   2.759   3.685   3.468   2.808   2.416   2.103   1.706   1.397   1.357   3.25818729   0
   0.021238   6.8000   1.83487189   1.8349   0.8309   3.7717   3.9097   2.693   3.591   3.386   2.737   2.351   2.042   1.653   1.350   1.310   3.25888038   0
   0.021238   6.8000   1.85000002   1.8500   0.8712   3.7758   3.8892   2.592   3.447   3.259   2.628   2.251   1.949   1.571   1.279   1.240   3.25992513   0
   0.021238   6.8000   1.85106957   1.8511   0.8741   3.7761   3.8877   2.585   3.437   3.250   2.620   2.244   1.943   1.566   1.274   1.235   3.25999832   0
   0.021238   6.8000   1.87166715   1.8717   0.9289   3.7820   3.8615   2.448   3.232   3.074   2.472   2.112   1.821   1.460   1.181   1.145   3.26138687   0
   0.021238   6.8000   1.87500000   1.8750   0.9377   3.7831   3.8575   2.426   3.196   3.045   2.448   2.091   1.803   1.444   1.167   1.132   3.26160812   0
   0.021238   6.8000   1.89048111   1.8905   0.9786   3.7878   3.8393   2.323   3.030   2.908   2.338   1.997   1.718   1.370   1.101   1.070   3.26262355   0
   0.021238   6.8000   1.89999998   1.9000   1.0037   3.7910   3.8291   2.261   2.928   2.824   2.271   1.939   1.666   1.326   1.063   1.033   3.26323819   0
   0.021238   6.8000   1.91907346   1.9191   1.0542   3.7979   3.8105   2.135   2.729   2.654   2.135   1.823   1.561   1.237   0.988   0.962   3.26444817   0
   0.021238   6.8000   1.92499995   1.9250   1.0698   3.8002   3.8055   2.095   2.666   2.600   2.093   1.786   1.529   1.211   0.966   0.941   3.26481819   0
   0.021238   6.8000   1.93456018   1.9346   1.0952   3.8040   3.7975   2.032   2.576   2.517   2.025   1.726   1.475   1.166   0.930   0.905   3.26540947   0
   0.021238   6.8000   1.95000005   1.9500   1.1361   3.8111   3.7884   1.930   2.427   2.378   1.914   1.630   1.391   1.100   0.878   0.855   3.26635003   0
   0.021238   6.8000   1.95018935   1.9502   1.1366   3.8112   3.7883   1.928   2.425   2.376   1.913   1.629   1.390   1.099   0.878   0.854   3.26636147   0
   0.021238   6.8000   1.96752596   1.9675   1.1827   3.8209   3.7850   1.813   2.256   2.214   1.788   1.524   1.301   1.033   0.832   0.810   3.26739645   0
   0.021238   6.8000   1.98415565   1.9842   1.2268   3.8331   3.7931   1.703   2.087   2.050   1.667   1.428   1.226   0.986   0.809   0.789   3.26836896   0
   0.021238   6.8000   1.99744773   1.9974   1.2618   3.8450   3.8087   1.616   1.955   1.916   1.571   1.356   1.176   0.963   0.808   0.791   3.26913238   0
   0.021238   6.8000   2.00000000   2.0000   1.2685   3.8474   3.8123   1.599   1.930   1.890   1.553   1.343   1.167   0.959   0.809   0.792   3.26927757   0
   0.021238   6.8000   2.00086713   2.0009   1.2707   3.8483   3.8135   1.593   1.921   1.881   1.546   1.338   1.164   0.958   0.810   0.793   3.26932669   0
   0.021238   6.8000   2.01423120   2.0142   1.3048   3.8618   3.8367   1.508   1.796   1.748   1.455   1.274   1.124   0.948   0.824   0.809   3.27007866   0
   0.021238   6.8000   2.02739620   2.0274   1.3368   3.8756   3.8626   1.428   1.684   1.625   1.372   1.220   1.095   0.946   0.846   0.832   3.27080727   0
   0.021238   6.8000   2.04069614   2.0407   1.3664   3.8895   3.8913   1.354   1.582   1.512   1.298   1.175   1.074   0.954   0.876   0.863   3.27153158   0
   0.021238   6.8000   2.04999995   2.0500   1.3850   3.8990   3.9127   1.308   1.521   1.442   1.256   1.152   1.068   0.964   0.900   0.889   3.27203131   0
   0.021238   6.8000   2.06220388   2.0622   1.4051   3.9108   3.9422   1.257   1.452   1.368   1.217   1.135   1.069   0.987   0.938   0.927   3.27267838   0
   0.021238   6.8000   2.07032514   2.0703   1.4138   3.9176   3.9627   1.235   1.420   1.336   1.204   1.135   1.079   1.009   0.967   0.958   3.27310348   0
   0.021238   6.8000   2.08022356   2.0802   1.4163   3.9242   3.9885   1.229   1.405   1.323   1.208   1.150   1.103   1.044   1.009   1.001   3.27361631   0
   0.021238   6.8000   2.09999990   2.1000   1.3950   3.9306   4.0396   1.283   1.449   1.374   1.274   1.225   1.186   1.138   1.109   1.102   3.27462268   0
   0.021238   6.8000   2.10352182   2.1035   1.3910   3.9317   4.0489   1.292   1.457   1.385   1.286   1.239   1.202   1.155   1.127   1.120   3.27479959   0
   0.021238   6.8000   2.11803651   2.1180   1.3586   3.9316   4.0837   1.374   1.539   1.470   1.368   1.319   1.281   1.234   1.207   1.200   3.27552032   0
   0.021238   6.8000   2.13091445   2.1309   1.3258   3.9294   4.1104   1.456   1.625   1.556   1.446   1.393   1.352   1.302   1.272   1.264   3.27614951   0
   0.021238   6.8000   2.14404249   2.1440   1.2945   3.9263   4.1321   1.534   1.707   1.641   1.520   1.461   1.415   1.360   1.327   1.319   3.27678132   0
   0.021238   6.8000   2.15000010   2.1500   1.2817   3.9249   4.1403   1.566   1.741   1.675   1.550   1.489   1.440   1.383   1.348   1.340   3.27706480   0
   0.021238   6.8000   2.15206480   2.1521   1.2773   3.9244   4.1431   1.577   1.753   1.687   1.560   1.498   1.449   1.391   1.355   1.347   3.27716279   0
   0.021238   6.8000   2.16752243   2.1675   1.2566   3.9217   4.1561   1.629   1.808   1.744   1.608   1.541   1.488   1.425   1.386   1.378   3.27788758   0
   0.021238   6.8000   2.19617724   2.1962   1.2562   3.9219   4.1629   1.629   1.809   1.745   1.609   1.542   1.489   1.427   1.388   1.380   3.27919793   0
   0.021238   6.8000   2.20000005   2.2000   1.2612   3.9228   4.1624   1.617   1.795   1.732   1.598   1.533   1.481   1.421   1.383   1.375   3.27936959   0
   0.021238   6.8000   2.24295354   2.2430   1.3163   3.9338   4.1596   1.479   1.643   1.583   1.480   1.433   1.396   1.353   1.327   1.321   3.28124762   0
   0.021238   6.8000   2.25740385   2.2574   1.3381   3.9386   4.1599   1.425   1.583   1.527   1.436   1.396   1.365   1.330   1.308   1.303   3.28185964   0
   0.021238   6.8000   2.27031159   2.2703   1.3572   3.9428   4.1601   1.377   1.529   1.479   1.398   1.364   1.339   1.310   1.291   1.287   3.28239799   0
   0.021238   6.8000   2.30554771   2.3055   1.4111   3.9566   4.1681   1.242   1.379   1.356   1.304   1.286   1.276   1.266   1.258   1.256   3.28382945   0
   0.021238   6.8000   2.31480742   2.3148   1.4257   3.9606   4.1711   1.206   1.339   1.324   1.281   1.267   1.260   1.256   1.251   1.250   3.28419662   0
   0.021238   6.8000   2.31941009   2.3194   1.4332   3.9626   4.1727   1.187   1.319   1.309   1.270   1.258   1.253   1.251   1.248   1.247   3.28437781   0
   0.021238   6.8000   2.34243202   2.3424   1.4751   3.9751   4.1849   1.082   1.210   1.230   1.213   1.213   1.218   1.232   1.235   1.237   3.28527069   0
   0.021238   6.8000   2.36003709   2.3600   1.5120   3.9866   4.1974   0.990   1.118   1.169   1.170   1.178   1.192   1.219   1.229   1.233   3.28593898   0
   0.021238   6.8000   2.37494183   2.3749   1.5444   3.9973   4.2106   0.909   1.042   1.122   1.138   1.152   1.173   1.213   1.227   1.235   3.28649497   0
   0.021238   6.8000   2.39552021   2.3955   1.5797   4.0108   4.2331   0.821   0.962   1.082   1.115   1.135   1.164   1.219   1.238   1.249   3.28724861   0
   0.021238   6.8000   2.42961526   2.4296   1.5940   4.0230   4.2733   0.785   0.938   1.093   1.138   1.164   1.198   1.267   1.290   1.305   3.28846240   0
   0.021238   6.8000   2.43603563   2.4360   1.5968   4.0249   4.2797   0.778   0.933   1.095   1.141   1.168   1.203   1.274   1.298   1.313   3.28868604   0
   0.021238   6.8000   2.47331691   2.4733   1.5920   4.0288   4.3066   0.790   0.951   1.123   1.172   1.200   1.238   1.312   1.338   1.354   3.28995728   0
   0.021238   6.8000   2.61032176   2.6103   1.6515   4.0418   4.3224   0.641   0.816   1.028   1.089   1.122   1.165   1.253   1.283   1.303   3.29423761   1
   0.021238   6.8000   2.62961507   2.6296   1.6640   4.0441   4.3224   0.610   0.787   1.006   1.069   1.103   1.147   1.238   1.268   1.289   3.29479408   1
   0.021238   6.8000   2.82961512   2.8296   1.7891   4.0669   4.3201   0.297   0.501   0.792   0.874   0.914   0.967   1.081   1.118   1.145   3.29999113   1
   0.021238   6.8000   3.02961516   3.0296   1.9057   4.0879   4.3171   0.006   0.241   0.598   0.693   0.738   0.799   0.932   0.975   1.006   3.30431366   1
   0.021238   6.8000   3.09063387   3.0906   1.9393   4.0938   4.3160   -0.078   0.167   0.542   0.641   0.688   0.750   0.889   0.933   0.966   3.30548906   1
   0.021238   6.8000   3.22961521   3.2296   2.0130   4.1068   4.3133   -0.262   0.008   0.421   0.528   0.577   0.643   0.794   0.841   0.877   3.30795145   1
   0.021238   6.8000   3.42961526   3.4296   2.1132   4.1243   4.3091   -0.513   -0.201   0.259   0.376   0.429   0.500   0.665   0.716   0.756   3.31103110   1
   0.021238   6.8000   3.62961507   3.6296   2.2076   4.1405   4.3043   -0.749   -0.394   0.107   0.233   0.290   0.367   0.545   0.599   0.642   3.31365967   1
   0.021238   6.8000   3.82961512   3.8296   2.2962   4.1557   4.2998   -0.970   -0.573   -0.034   0.100   0.160   0.242   0.431   0.489   0.534   3.31592298   1
   0.021238   6.8000   4.02961493   4.0296   2.3796   4.1697   4.2945   -1.179   -0.739   -0.169   -0.027   0.036   0.122   0.322   0.383   0.430   3.31788683   1
   0.021238   6.8000   4.22961521   4.2296   2.4590   4.1831   4.2896   -1.377   -0.895   -0.296   -0.148   -0.081   0.009   0.218   0.282   0.332   3.31959629   1
   0.021238   6.8000   4.42961502   4.4296   2.5340   4.1954   4.2839   -1.565   -1.042   -0.418   -0.263   -0.193   -0.099   0.119   0.185   0.237   3.32109213   1
   0.021238   6.8000   4.46256828   4.4626   2.5461   4.1974   4.2831   -1.595   -1.065   -0.437   -0.281   -0.210   -0.116   0.104   0.170   0.222   3.32132077   1
   0.021238   6.8000   4.62961483   4.6296   2.6061   4.2075   4.2793   -1.745   -1.181   -0.533   -0.371   -0.298   -0.201   0.026   0.094   0.149   3.32240891   1
   0.021238   6.8000   4.85923052   4.8592   2.6836   4.2199   4.2725   -1.939   -1.331   -0.660   -0.492   -0.415   -0.314   -0.079   -0.008   0.049   3.32373548   1
   0.021238   6.8000   5.05923033   5.0592   2.7489   4.2306   4.2678   -2.102   -1.456   -0.764   -0.591   -0.512   -0.407   -0.165   -0.092   -0.033   3.32475471   1
   0.021238   6.8000   5.25923014   5.2592   2.8109   4.2405   4.2619   -2.257   -1.576   -0.866   -0.689   -0.606   -0.498   -0.250   -0.175   -0.114   3.32566357   1
   0.021238   6.8000   5.45923042   5.4592   2.8708   4.2501   4.2566   -2.407   -1.691   -0.963   -0.781   -0.697   -0.586   -0.331   -0.254   -0.192   3.32647634   1
   0.021238   6.8000   5.65923023   5.6592   2.9283   4.2592   4.2513   -2.551   -1.801   -1.057   -0.871   -0.784   -0.670   -0.410   -0.331   -0.267   3.32720637   1
   0.021238   6.8000   5.85780573   5.8578   2.9833   4.2678   4.2458   -2.688   -1.907   -1.148   -0.958   -0.869   -0.752   -0.486   -0.405   -0.340   3.32785988   1
   0.021238   6.8000   5.85923052   5.8592   2.9836   4.2679   4.2458   -2.689   -1.908   -1.149   -0.958   -0.869   -0.753   -0.487   -0.406   -0.341   3.32786441   1
   0.021238   6.8000   6.05923033   6.0592   3.0372   4.2764   4.2408   -2.823   -2.010   -1.236   -1.042   -0.951   -0.831   -0.560   -0.477   -0.410   3.32845974   1
   0.021238   6.8000   6.31846046   6.3185   3.1023   4.2865   4.2344   -2.986   -2.136   -1.344   -1.145   -1.052   -0.929   -0.652   -0.567   -0.498   3.32915068   1
   0.021238   6.8000   6.63692093   6.6369   3.1757   4.2980   4.2281   -3.169   -2.277   -1.466   -1.262   -1.166   -1.040   -0.755   -0.667   -0.596   3.32989120   1
   0.021238   6.8000   6.70114326   6.7011   3.1907   4.3002   4.2263   -3.207   -2.307   -1.491   -1.287   -1.189   -1.063   -0.777   -0.689   -0.617   3.33002782   1
   0.021238   6.8000   7.94461679   7.9446   3.4610   4.3409   4.1926   -3.883   -2.832   -1.949   -1.728   -1.622   -1.483   -1.173   -1.075   -0.996   3.33204579   1
   0.021238   6.8000   8.14807510   8.1481   3.5018   4.3469   4.1869   -3.984   -2.912   -2.019   -1.796   -1.689   -1.549   -1.234   -1.136   -1.055   3.33228970   1
   0.021238   6.8000   8.61672115   8.6167   3.5885   4.3595   4.1747   -4.201   -3.083   -2.169   -1.942   -1.832   -1.688   -1.367   -1.265   -1.182   3.33278418   1
   0.021238   6.8000   9.14807510   9.1481   3.6824   4.3729   4.1604   -4.436   -3.269   -2.334   -2.102   -1.989   -1.843   -1.513   -1.409   -1.323   3.33325148   1
   0.021238   6.8000   9.41831207   9.4183   3.7273   4.3791   4.1532   -4.548   -3.358   -2.413   -2.179   -2.066   -1.917   -1.585   -1.479   -1.391   3.33345795   1
   0.021238   6.8000   10.14807510   10.1481   3.8438   4.3951   4.1329   -4.840   -3.592   -2.623   -2.384   -2.267   -2.115   -1.773   -1.664   -1.574   3.33393145   1
   0.021238   6.8000   10.14982796   10.1498   3.8441   4.3951   4.1329   -4.840   -3.592   -2.624   -2.384   -2.267   -2.115   -1.773   -1.664   -1.574   3.33393240   1
   0.021238   6.8000   10.96814823   10.9681   3.9640   4.4108   4.1091   -5.140   -3.836   -2.845   -2.599   -2.479   -2.323   -1.973   -1.861   -1.768   3.33434772   1
   0.021238   6.8000   11.71279335   11.7128   4.0674   4.4237   4.0862   -5.399   -4.048   -3.040   -2.789   -2.665   -2.506   -2.150   -2.035   -1.939   3.33464670   1
   0.021238   6.8000   12.00000000   12.0000   4.1060   4.4285   4.0770   -5.495   -4.128   -3.113   -2.860   -2.736   -2.576   -2.217   -2.101   -2.005   3.33474612   1
   0.021238   6.8000   12.04663372   12.0461   4.1118   4.4292   4.0757   -5.510   -4.140   -3.125   -2.871   -2.747   -2.586   -2.227   -2.111   -2.014   3.33476162   1
   0.021238   6.8000   12.78536987   12.7756   4.2020   4.4396   4.0530   -5.735   -4.331   -3.302   -3.043   -2.916   -2.753   -2.387   -2.269   -2.171   3.33498216   1
   0.021238   6.8000   13.47407913   13.4532   4.2827   4.4486   4.0304   -5.937   -4.504   -3.463   -3.201   -3.072   -2.906   -2.535   -2.415   -2.315   3.33515263   1
   0.021238   6.8000   14.00000000   13.9689   4.3426   4.4547   4.0116   -6.086   -4.635   -3.586   -3.321   -3.190   -3.023   -2.648   -2.527   -2.426   3.33526421   0
   0.021238   6.8000   14.42688179   14.3872   4.3881   4.4591   3.9962   -6.200   -4.737   -3.682   -3.415   -3.283   -3.114   -2.737   -2.615   -2.513   3.33534503   0
   0.021238   6.8000   15.04199409   14.9880   4.4519   4.4647   3.9727   -6.360   -4.881   -3.818   -3.549   -3.417   -3.246   -2.866   -2.743   -2.640   3.33544803   0
   0.021238   6.8000   15.62858391   15.5589   4.5111   4.4695   3.9490   -6.508   -5.017   -3.947   -3.676   -3.543   -3.372   -2.989   -2.865   -2.762   3.33553386   0
   0.021238   6.8000   16.00000000   15.9191   4.5477   4.4722   3.9332   -6.599   -5.101   -4.028   -3.755   -3.622   -3.451   -3.067   -2.943   -2.839   3.33558297   0
   0.021238   6.8000   16.10915184   16.0240   4.5578   4.4730   3.9289   -6.624   -5.125   -4.050   -3.778   -3.644   -3.473   -3.089   -2.965   -2.860   3.33559656   0
   0.021238   6.8000   16.98323250   16.8599   4.6371   4.4778   3.8908   -6.823   -5.312   -4.230   -3.956   -3.822   -3.651   -3.265   -3.140   -3.035   3.33569527   0
   0.021238   6.8000   17.79773903   17.6319   4.7091   4.4806   3.8497   -7.003   -5.487   -4.400   -4.125   -3.992   -3.821   -3.434   -3.309   -3.203   3.33577251   0
   0.021238   6.8000   18.00000000   17.8225   4.7267   4.4811   3.8387   -7.047   -5.531   -4.442   -4.168   -4.035   -3.864   -3.477   -3.352   -3.246   3.33578992   0
   0.021238   6.8000   18.29202843   18.0941   4.7504   4.4816   3.8235   -7.106   -5.590   -4.500   -4.226   -4.093   -3.922   -3.535   -3.410   -3.304   3.33581376   0
   0.021238   6.8000   19.09004211   18.8302   4.8140   4.4819   3.7783   -7.265   -5.754   -4.661   -4.387   -4.255   -4.085   -3.698   -3.573   -3.467   3.33587265   0
   0.021238   6.8000   19.86684036   19.5383   4.8742   4.4806   3.7290   -7.416   -5.917   -4.822   -4.549   -4.418   -4.249   -3.862   -3.737   -3.632   3.33592224   0
   0.021238   6.8000   20.00000000   19.6588   4.8845   4.4802   3.7196   -7.441   -5.945   -4.850   -4.578   -4.447   -4.278   -3.891   -3.767   -3.661   3.33593011   0
   0.021238   6.8000   20.33905983   19.9587   4.9085   4.4788   3.6970   -7.501   -6.013   -4.918   -4.646   -4.516   -4.347   -3.962   -3.837   -3.732   3.33594918   0
   0.021238   6.8000   21.03764534   20.5705   4.9574   4.4746   3.6444   -7.623   -6.159   -5.065   -4.794   -4.666   -4.498   -4.114   -3.990   -3.885   3.33598518   0
   0.021238   6.8000   21.91369247   21.3264   5.0168   4.4672   3.5708   -7.772   -6.346   -5.256   -4.988   -4.861   -4.694   -4.313   -4.189   -4.085   3.33602476   0
   0.021238   6.8000   22.70802498   22.0016   5.0692   4.4576   3.4936   -7.903   -6.523   -5.440   -5.174   -5.047   -4.883   -4.504   -4.382   -4.280   3.33605576   0
   0.021238   6.8000   23.38115311   22.5672   5.1140   4.4456   3.4120   -8.015   -6.674   -5.606   -5.344   -5.219   -5.055   -4.682   -4.563   -4.462   3.33607936   0
   0.021238   6.8000   23.99174309   23.0760   5.1538   4.4325   3.3293   -8.114   -6.817   -5.764   -5.507   -5.385   -5.225   -4.858   -4.742   -4.643   3.33609867   0
   0.021238   6.8000   24.00000000   23.0829   5.1543   4.4323   3.3281   -8.116   -6.819   -5.766   -5.510   -5.387   -5.227   -4.861   -4.744   -4.646   3.33609891   0
   0.021238   6.8000   24.44758987   23.4412   5.1800   4.4216   3.2663   -8.180   -6.942   -5.889   -5.640   -5.523   -5.368   -5.008   -4.894   -4.797   3.33611202   0
   0.021238   6.8000   24.88618660   23.7812   5.2048   4.4095   3.1995   -8.242   -7.075   -6.019   -5.779   -5.668   -5.519   -5.165   -5.054   -4.959   3.33612418   0
   0.021238   6.8000   25.25012016   24.0430   5.2256   4.3965   3.1316   -8.294   -7.183   -6.139   -5.902   -5.794   -5.648   -5.300   -5.192   -5.099   3.33613348   0
   0.021238   6.8000   25.57031059   24.2561   5.2437   4.3832   3.0639   -8.339   -7.284   -6.253   -6.021   -5.916   -5.774   -5.432   -5.328   -5.237   3.33614135   0
   0.021238   6.8000   25.89915466   24.4193   5.2615   4.3671   2.9845   -8.384   -7.393   -6.380   -6.154   -6.053   -5.916   -5.582   -5.480   -5.392   3.33614898   0
   0.021238   6.8000   26.18357468   24.4818   5.2758   4.3503   2.9044   -8.419   -7.486   -6.500   -6.279   -6.180   -6.046   -5.721   -5.622   -5.537   3.33615541   0
   0.021238   6.8000   26.44827271   24.5213   5.2892   4.3335   2.8243   -8.453   -7.574   -6.618   -6.401   -6.305   -6.174   -5.859   -5.762   -5.680   3.33616114   0
   0.021238   6.8000   26.75641441   24.5518   5.3058   4.3153   2.7355   -8.494   -7.673   -6.750   -6.538   -6.445   -6.318   -6.013   -5.920   -5.841   3.33616757   0
   0.021238   6.8000   27.05278587   24.4396   5.3271   4.3086   2.6852   -8.548   -7.747   -6.837   -6.627   -6.535   -6.409   -6.109   -6.018   -5.941   3.33617330   0
   0.021238   6.8000   27.08517075   24.4077   5.3357   4.3157   2.7045   -8.569   -7.746   -6.823   -6.611   -6.518   -6.391   -6.085   -5.993   -5.914   3.33617401   0
   0.021238   6.8000   27.09733582   24.3948   5.3462   4.3236   2.7255   -8.595   -7.748   -6.809   -6.595   -6.501   -6.372   -6.062   -5.968   -5.887   3.33617425   0
   0.021238   6.8000   27.10366058   24.3876   5.3591   4.3315   2.7441   -8.628   -7.755   -6.802   -6.586   -6.490   -6.360   -6.045   -5.950   -5.867   3.33617449   0
   0.021238   6.8000   27.10457611   24.3865   5.3622   4.3332   2.7478   -8.635   -7.757   -6.801   -6.585   -6.489   -6.358   -6.043   -5.947   -5.864   3.33617449   1
   0.021238   6.8000   27.11203957   24.3777   5.3624   4.3357   2.7575   -8.636   -7.750   -6.789   -6.572   -6.476   -6.345   -6.028   -5.931   -5.848   3.33617449   1
   0.021238   6.8000   27.11671066   24.3722   5.3579   4.3308   2.7423   -8.625   -7.754   -6.803   -6.586   -6.491   -6.361   -6.047   -5.951   -5.869   3.33617473   1
   0.021238   6.8000   27.11915398   24.3692   5.3589   4.3185   2.6921   -8.627   -7.795   -6.867   -6.654   -6.560   -6.433   -6.125   -6.032   -5.952   3.33617473   1
   0.021238   6.8000   27.12082481   24.3673   5.3625   4.3054   2.6358   -8.636   -7.847   -6.942   -6.733   -6.642   -6.517   -6.218   -6.128   -6.051   3.33617473   1
   0.021238   6.8000   27.12261772   24.3654   5.3669   4.2875   2.5598   -8.647   -7.957   -7.045   -6.851   -6.771   -6.655   -6.365   -6.280   -6.206   3.33617473   1
   0.021238   6.8000   27.12403679   24.3640   5.3696   4.2722   2.4961   -8.654   -8.049   -7.131   -6.950   -6.877   -6.770   -6.487   -6.406   -6.334   3.33617473   1
   0.021238   6.8000   27.12577629   24.3624   5.3714   4.2517   2.4122   -8.659   -8.112   -7.241   -7.063   -6.994   -6.891   -6.622   -6.546   -6.479   3.33617473   1
   0.021238   6.8000   27.12684631   24.3616   5.3722   4.2381   2.3568   -8.660   -8.153   -7.313   -7.138   -7.071   -6.973   -6.713   -6.641   -6.576   3.33617473   1
   0.021238   6.8000   27.12792015   24.3609   5.3725   4.2237   2.2989   -8.661   -8.195   -7.387   -7.217   -7.153   -7.059   -6.810   -6.742   -6.680   3.33617496   1
   0.021238   6.8000   27.12896538   24.3602   5.3724   4.2091   2.2408   -8.661   -8.238   -7.462   -7.296   -7.236   -7.147   -6.908   -6.844   -6.785   3.33617496   1
   0.021238   6.8000   27.13005066   24.3596   5.3723   4.1942   2.1812   -8.661   -8.282   -7.539   -7.379   -7.322   -7.238   -7.011   -6.950   -6.894   3.33617496   1
   0.021238   6.8000   27.13110924   24.3589   5.3719   4.1796   2.1231   -8.660   -8.326   -7.614   -7.459   -7.406   -7.328   -7.111   -7.054   -7.001   3.33617496   1
   0.021238   6.8000   27.13221359   24.3581   5.3714   4.1646   2.0635   -8.658   -8.384   -7.677   -7.536   -7.492   -7.423   -7.215   -7.163   -7.114   3.33617496   1
   0.021238   6.8000   27.13328171   24.3575   5.3707   4.1497   2.0048   -8.657   -8.449   -7.729   -7.608   -7.577   -7.518   -7.318   -7.273   -7.227   3.33617496   1
   0.021238   6.8000   27.13436699   24.3564   5.3681   4.1342   1.9451   -8.650   -8.478   -7.814   -7.694   -7.664   -7.608   -7.422   -7.379   -7.335   3.33617496   1
   0.021238   6.8000   27.13510895   24.3538   5.3668   4.1229   1.9015   -8.647   -8.492   -7.885   -7.761   -7.729   -7.673   -7.498   -7.456   -7.413   3.33617496   1
   0.021238   6.8000   27.13583755   24.3500   5.3656   4.1113   1.8560   -8.644   -8.511   -7.953   -7.828   -7.795   -7.741   -7.577   -7.536   -7.495   3.33617496   1
   0.021238   6.8000   27.13657570   24.3463   5.3644   4.0988   1.8072   -8.641   -8.538   -8.014   -7.894   -7.864   -7.814   -7.660   -7.623   -7.584   3.33617496   1
   0.021238   6.8000   27.13731575   24.3427   5.3632   4.0855   1.7551   -8.638   -8.565   -8.077   -7.963   -7.937   -7.891   -7.748   -7.715   -7.678   3.33617496   1
   0.021238   6.8000   27.13806725   24.3392   5.3624   4.0712   1.6988   -8.636   -8.623   -8.112   -8.020   -8.009   -7.978   -7.843   -7.818   -7.785   3.33617496   1
   0.021238   6.8000   27.13882446   24.3359   5.3625   4.0561   1.6381   -8.636   -8.654   -8.180   -8.097   -8.092   -8.068   -7.946   -7.925   -7.895   3.33617496   1
   0.021238   6.8000   27.13921165   24.3338   5.3629   4.0481   1.6056   -8.637   -8.666   -8.218   -8.139   -8.136   -8.114   -8.000   -7.982   -7.953   3.33617496   1
   0.021238   6.8000   27.13960648   24.3317   5.3642   4.0398   1.5709   -8.641   -8.680   -8.261   -8.185   -8.183   -8.165   -8.059   -8.043   -8.016   3.33617496   1
   0.021238   6.8000   27.14041710   24.3275   5.3677   4.0221   1.4966   -8.649   -8.704   -8.348   -8.280   -8.282   -8.270   -8.183   -8.173   -8.147   3.33617520   1
   0.021238   6.8000   27.14125252   24.3233   5.3713   4.0029   1.4164   -8.658   -8.720   -8.439   -8.379   -8.384   -8.380   -8.315   -8.310   -8.289   3.33617520   1
   0.021238   6.8000   27.14213181   24.3192   5.3736   3.9815   1.3283   -8.664   -8.723   -8.530   -8.480   -8.489   -8.493   -8.456   -8.459   -8.443   3.33617520   1
   0.021238   6.8000   27.14259529   24.3171   5.3746   3.9694   1.2791   -8.666   -8.720   -8.577   -8.534   -8.545   -8.554   -8.535   -8.542   -8.529   3.33617520   1
   0.021238   6.8000   27.14308548   24.3150   5.3753   3.9561   1.2251   -8.668   -8.731   -8.589   -8.575   -8.602   -8.627   -8.618   -8.635   -8.625   3.33617520   1
   0.021238   6.8000   27.14360428   24.3128   5.3759   3.9413   1.1650   -8.670   -8.722   -8.630   -8.631   -8.664   -8.699   -8.712   -8.736   -8.730   3.33617520   1
   0.021238   6.8000   27.14416885   24.3105   5.3763   3.9245   1.0976   -8.671   -8.695   -8.656   -8.684   -8.729   -8.777   -8.814   -8.848   -8.847   3.33617520   1
   0.021238   6.8000   27.14480972   24.3080   5.3761   3.9049   1.0193   -8.670   -8.648   -8.665   -8.732   -8.795   -8.861   -8.928   -8.975   -8.980   3.33617520   1
   0.021238   6.8000   27.14554787   24.3053   5.3757   3.8813   0.9251   -8.669   -8.548   -8.686   -8.778   -8.857   -8.943   -9.063   -9.129   -9.145   3.33617520   1
   0.021238   6.8000   27.14646721   24.3022   5.3749   3.8502   0.8016   -8.667   -8.358   -8.605   -8.792   -8.923   -9.055   -9.242   -9.345   -9.371   3.33617520   1
   0.021238   6.8000   27.14763069   24.2985   5.3737   3.8076   0.6322   -8.664   -7.989   -8.364   -8.761   -8.995   -9.204   -9.491   -9.661   -9.701   3.33617520   1
   0.021238   6.8000   27.14886665   24.2951   5.3724   3.7575   0.4330   -8.661   -7.129   -7.822   -8.655   -9.064   -9.391   -9.792   -10.038   -10.105   3.33617520   1
   0.021238   6.8000   27.15007973   24.2922   5.3702   3.7042   0.2220   -8.656   -6.127   -7.221   -8.416   -8.997   -9.441   -10.020   -10.399   -10.481   3.33617520   1
   0.021238   6.8000   27.15119553   24.2900   5.3654   3.6626   0.0603   -8.643   -5.141   -6.691   -8.139   -8.853   -9.386   -10.153   -10.634   -10.753   3.33617520   1
   0.021238   6.8000   27.15169716   24.2891   5.3610   3.6509   0.0181   -8.632   -4.815   -6.525   -8.038   -8.789   -9.352   -10.177   -10.683   -10.819   3.33617520   1
   0.021238   6.8000   27.15205193   24.2885   5.3570   3.6433   -0.0083   -8.623   -4.599   -6.416   -7.966   -8.742   -9.325   -10.187   -10.709   -10.857   3.33617520   1
   0.021238   6.8000   27.15230370   24.2881   5.3532   3.6385   -0.0237   -8.613   -4.465   -6.346   -7.916   -8.707   -9.303   -10.188   -10.724   -10.877   3.33617544   1
   0.021238   6.8000   27.15272903   24.2873   5.3465   3.6307   -0.0481   -8.596   -4.244   -6.230   -7.832   -8.649   -9.267   -10.187   -10.745   -10.908   3.33617544   1
   0.021238   6.8000   27.15312958   24.2867   5.3413   3.6231   -0.0737   -8.583   -4.028   -6.114   -7.748   -8.594   -9.235   -10.187   -10.770   -10.941   3.33617544   1
   0.021238   6.8000   27.15346146   24.2862   5.3374   3.6164   -0.0963   -8.573   -3.843   -6.012   -7.674   -8.546   -9.208   -10.187   -10.792   -10.970   3.33617544   1
   0.021238   6.8000   27.15402794   24.2854   5.3307   3.6067   -0.1285   -8.557   -3.575   -5.856   -7.557   -8.469   -9.165   -10.183   -10.822   -11.010   3.33617544   1
   0.021238   6.8000   27.15459442   24.2847   5.3239   3.5988   -0.1533   -8.540   -3.356   -5.721   -7.452   -8.396   -9.127   -10.176   -10.844   -11.038   3.33617544   1
   0.021238   6.8000   27.15506363   24.2841   5.3178   3.5935   -0.1684   -8.525   -3.211   -5.625   -7.373   -8.335   -9.098   -10.167   -10.854   -11.054   3.33617544   1
   0.021238   6.8000   27.15577888   24.2832   5.3141   3.5878   -0.1876   -8.515   -3.062   -5.527   -7.288   -8.269   -9.073   -10.165   -10.873   -11.079   3.33617544   1
   0.021238   6.8000   27.15693474   24.2818   5.3171   3.5806   -0.2193   -8.523   -2.901   -5.426   -7.192   -8.188   -9.063   -10.183   -10.919   -11.130   3.33617544   1
   0.021238   6.8000   27.15884018   24.2794   5.3250   3.5731   -0.2572   -8.542   -2.780   -5.325   -7.071   -8.075   -9.062   -10.216   -10.981   -11.197   3.33617544   1
   0.021238   6.8000   27.16049576   24.2773   5.3347   3.5681   -0.2872   -8.567   -2.714   -5.263   -6.984   -7.994   -9.070   -10.250   -11.035   -11.255   3.33617544   1
   0.021238   6.8000   27.16453171   24.2719   5.3515   3.5612   -0.3317   -8.609   -2.633   -5.174   -6.843   -7.864   -9.084   -10.307   -11.120   -11.345   3.33617544   1
   0.021238   6.8000   27.17066765   24.2634   5.3544   3.5581   -0.3470   -8.616   -2.586   -5.110   -6.754   -7.788   -9.074   -10.322   -11.146   -11.373   3.33617568   1
   0.021238   6.8000   27.17612457   24.2555   5.3602   3.5556   -0.3628   -8.630   -2.563   -5.062   -6.682   -7.730   -9.070   -10.342   -11.176   -11.404   3.33617568   1
   0.021238   6.8000   27.43459892   23.8366   5.3670   3.5541   -0.3833   -8.647   -2.566   -5.042   -6.641   -7.696   -9.075   -10.362   -11.204   -11.433   3.33618069   1
   0.021238   6.8000   28.29615021   22.1102   5.3958   3.7234   0.2325   -8.719   -6.564   -7.508   -8.579   -9.096   -9.499   -10.006   -10.332   -10.410   3.33619571   1
   0.021238   6.8000   28.41645432   21.7651   5.4003   3.7556   0.3498   -8.731   -7.168   -7.874   -8.721   -9.134   -9.466   -9.868   -10.115   -10.183   3.33619761   2
   0.021238   6.8000   28.72458839   20.9098   5.4109   3.8521   0.7076   -8.757   -8.467   -8.703   -8.883   -9.009   -9.137   -9.318   -9.417   -9.443   3.33620262   2
   0.021238   6.8000   28.99320412   20.1036   5.4182   3.9141   0.9315   -8.776   -8.781   -8.745   -8.808   -8.871   -8.932   -8.980   -9.021   -9.024   3.33620667   3
   0.021238   6.8000   29.33415794   18.9920   5.4232   3.9972   1.2341   -8.788   -8.850   -8.592   -8.535   -8.541   -8.539   -8.481   -8.478   -8.458   3.33621168   3
   0.021238   6.8000   29.62525368   18.0457   5.4316   4.0662   1.4795   -8.809   -8.810   -8.304   -8.217   -8.209   -8.182   -8.050   -8.027   -7.995   3.33621573   3
   0.021238   6.8000   29.75955582   17.6449   5.4420   4.1008   1.5979   -8.835   -8.727   -8.198   -8.077   -8.047   -7.996   -7.840   -7.803   -7.763   3.33621764   3
   0.021238   6.8000   29.82389069   17.4756   5.4704   4.1302   1.6829   -8.906   -8.740   -8.096   -7.974   -7.943   -7.888   -7.705   -7.663   -7.620   3.33621860   3
   0.021238   6.8000   29.83393288   17.4452   5.5071   4.1418   1.6917   -8.998   -8.812   -8.114   -7.995   -7.965   -7.909   -7.715   -7.672   -7.627   3.33621860   3
   0.021238   6.8000   29.85050011   17.3867   5.5481   4.1612   1.7269   -9.100   -8.843   -8.129   -7.994   -7.954   -7.887   -7.681   -7.631   -7.582   3.33621883   3
   0.021238   6.8000   29.86203957   17.3675   5.5803   4.1748   1.7486   -9.181   -8.865   -8.156   -8.005   -7.955   -7.880   -7.665   -7.610   -7.558   3.33621907   4
