#   Isochrone  Z = 0.00013   Y = 0.24900   [M/H] = -2.064   eta_R = 0.200   Age =    8.9126e+07 yr
#      Z   log(age/yr)   M_ini      M_act   logL/Lo   logTe   logG   mbol    U       B       V       R       I       J       H       K   int_IMF   stage
   0.000134   7.9500   0.09577767   0.0958   -2.4622   3.5697   5.1120   10.925   14.722   13.478   12.035   11.016   10.227   9.265   8.774   8.630   1.52825892   0
   0.000134   7.9500   0.09788336   0.0979   -2.4476   3.5711   5.1127   10.889   14.646   13.418   11.986   10.974   10.191   9.233   8.740   8.595   1.54949057   0
   0.000134   7.9500   0.10525869   0.1053   -2.3945   3.5765   5.1127   10.756   14.366   13.200   11.806   10.821   10.058   9.117   8.615   8.466   1.62045658   0
   0.000134   7.9500   0.11155534   0.1116   -2.3494   3.5815   5.1130   10.643   14.116   13.008   11.651   10.690   9.946   9.020   8.510   8.358   1.67702913   0
   0.000134   7.9500   0.11870788   0.1187   -2.3060   3.5858   5.1136   10.535   13.896   12.836   11.508   10.568   9.837   8.925   8.409   8.255   1.73733985   0
   0.000134   7.9500   0.13155533   0.1316   -2.2288   3.5936   5.1123   10.342   13.504   12.529   11.252   10.351   9.644   8.756   8.232   8.072   1.83651268   0
   0.000134   7.9500   0.14454521   0.1445   -2.1618   3.5992   5.1089   10.175   13.201   12.282   11.041   10.167   9.476   8.606   8.077   7.914   1.92608464   0
   0.000134   7.9500   0.15155534   0.1516   -2.1270   3.6022   5.1066   10.088   13.045   12.154   10.932   10.071   9.389   8.528   7.998   7.833   1.97060776   0
   0.000134   7.9500   0.18102968   0.1810   -2.0028   3.6116   5.0970   9.777   12.525   11.721   10.552   9.734   9.076   8.244   7.712   7.545   2.13370681   0
   0.000134   7.9500   0.18311067   0.1831   -1.9940   3.6122   5.0957   9.755   12.490   11.692   10.526   9.711   9.054   8.224   7.692   7.525   2.14393187   0
   0.000134   7.9500   0.22888835   0.2289   -1.8258   3.6234   5.0690   9.334   11.833   11.135   10.028   9.261   8.632   7.835   7.306   7.139   2.33634281   0
   0.000134   7.9500   0.27888834   0.2789   -1.6793   3.6332   5.0475   8.968   11.270   10.655   9.596   8.869   8.265   7.497   6.974   6.811   2.49321747   0
   0.000134   7.9500   0.29899999   0.2990   -1.6271   3.6371   5.0410   8.838   11.065   10.482   9.441   8.729   8.134   7.377   6.858   6.697   2.54506278   0
   0.000134   7.9500   0.34999999   0.3500   -1.4996   3.6455   5.0158   8.519   10.588   10.074   9.071   8.390   7.814   7.083   6.572   6.418   2.65552020   0
   0.000134   7.9500   0.40000001   0.4000   -1.3792   3.6560   4.9952   8.218   10.098   9.670   8.710   8.066   7.513   6.812   6.315   6.169   2.74133730   0
   0.000134   7.9500   0.44999999   0.4500   -1.2404   3.6693   4.9608   7.871   9.516   9.198   8.295   7.694   7.170   6.507   6.026   5.893   2.81098008   0
   0.000134   7.9500   0.50000000   0.5000   -1.0951   3.6822   4.9128   7.508   8.939   8.725   7.875   7.312   6.814   6.186   5.724   5.603   2.86847806   0
   0.000134   7.9500   0.51911980   0.5191   -1.0427   3.6871   4.8963   7.377   8.730   8.554   7.724   7.175   6.686   6.072   5.618   5.500   2.88789392   0
   0.000134   7.9500   0.55000001   0.5500   -0.9468   3.6966   4.8634   7.137   8.346   8.240   7.449   6.926   6.455   5.867   5.427   5.318   2.91663504   0
   0.000134   7.9500   0.60000002   0.6000   -0.7807   3.7161   4.8131   6.722   7.668   7.689   6.977   6.500   6.065   5.527   5.118   5.025   2.95739889   0
   0.000134   7.9500   0.64999998   0.6500   -0.6236   3.7368   4.7739   6.329   7.044   7.172   6.540   6.107   5.708   5.222   4.845   4.768   2.99236870   0
   0.000134   7.9500   0.66759557   0.6676   -0.5681   3.7448   4.7617   6.190   6.832   6.993   6.389   5.972   5.585   5.118   4.753   4.682   3.00348520   1
   0.000134   7.9500   0.69999999   0.7000   -0.4722   3.7588   4.7425   5.951   6.476   6.687   6.130   5.740   5.377   4.943   4.599   4.538   3.02253795   1
   0.000134   7.9500   0.75000000   0.7500   -0.3315   3.7796   4.7150   5.599   5.995   6.257   5.762   5.409   5.077   4.687   4.371   4.326   3.04879928   1
   0.000134   7.9500   0.80000001   0.8000   -0.2015   3.7966   4.6809   5.274   5.573   5.861   5.434   5.123   4.823   4.463   4.162   4.136   3.07187057   1
   0.000134   7.9500   0.85000002   0.8500   -0.0795   3.8123   4.6483   4.969   5.218   5.504   5.121   4.838   4.563   4.239   3.965   3.948   3.09222293   1
   0.000134   7.9500   0.89999998   0.9000   0.0369   3.8274   4.6170   4.678   4.898   5.167   4.819   4.563   4.312   4.022   3.778   3.766   3.11026096   1
   0.000134   7.9500   0.94999999   0.9500   0.1452   3.8427   4.5934   4.407   4.611   4.850   4.537   4.307   4.081   3.827   3.615   3.606   3.12635612   1
   0.000134   7.9500   1.00000000   1.0000   0.2472   3.8580   4.5748   4.152   4.347   4.549   4.268   4.067   3.867   3.648   3.468   3.462   3.14080405   1
   0.000134   7.9500   1.04999995   1.0500   0.3428   3.8745   4.5665   3.913   4.106   4.263   4.015   3.844   3.675   3.494   3.348   3.343   3.15380883   1
   0.000134   7.9500   1.10000002   1.1000   0.4315   3.8929   4.5716   3.691   3.885   3.992   3.780   3.644   3.509   3.369   3.260   3.255   3.16554141   1
   0.000134   7.9500   1.14999998   1.1500   0.5160   3.9119   4.5822   3.480   3.678   3.738   3.562   3.462   3.363   3.262   3.188   3.183   3.17617631   1
   0.000134   7.9500   1.20000005   1.2000   0.5958   3.9297   4.5921   3.280   3.486   3.510   3.370   3.303   3.235   3.167   3.121   3.117   3.18585706   1
   0.000134   7.9500   1.25000000   1.2500   0.6711   3.9467   4.6026   3.092   3.311   3.319   3.215   3.174   3.130   3.089   3.061   3.058   3.19470429   1
   0.000134   7.9500   1.29999995   1.3000   0.7427   3.9627   4.6121   2.913   3.145   3.155   3.081   3.059   3.035   3.017   3.003   3.001   3.20280719   1
   0.000134   7.9500   1.33897507   1.3390   0.7971   3.9749   4.6194   2.777   3.019   3.041   2.986   2.977   2.965   2.964   2.959   2.959   3.20864964   1
   0.000134   7.9500   1.35000002   1.3500   0.8122   3.9783   4.6214   2.740   2.984   3.010   2.961   2.955   2.946   2.949   2.946   2.947   3.21023273   1
   0.000134   7.9500   1.39999998   1.4000   0.8791   3.9931   4.6293   2.572   2.829   2.882   2.854   2.858   2.863   2.883   2.890   2.893   3.21705914   1
   0.000134   7.9500   1.45000005   1.4500   0.9430   4.0072   4.6371   2.412   2.683   2.769   2.759   2.772   2.786   2.823   2.836   2.842   3.22335362   1
   0.000134   7.9500   1.50000000   1.5000   1.0046   4.0207   4.6444   2.258   2.546   2.665   2.673   2.692   2.714   2.765   2.783   2.793   3.22917390   1
   0.000134   7.9500   1.54999995   1.5500   1.0635   4.0336   4.6513   2.111   2.418   2.572   2.593   2.617   2.646   2.711   2.733   2.746   3.23456979   1
   0.000134   7.9500   1.59298050   1.5930   1.1123   4.0442   4.6567   1.989   2.314   2.496   2.528   2.557   2.589   2.665   2.691   2.706   3.23890185   1
   0.000134   7.9500   1.60000002   1.6000   1.1201   4.0459   4.6576   1.970   2.297   2.484   2.517   2.547   2.580   2.658   2.684   2.700   3.23958373   1
   0.000134   7.9500   1.64999998   1.6500   1.1746   4.0576   4.6634   1.834   2.183   2.402   2.446   2.479   2.518   2.606   2.636   2.654   3.24424219   1
   0.000134   7.9500   1.70000005   1.7000   1.2274   4.0689   4.6688   1.701   2.073   2.324   2.377   2.414   2.457   2.556   2.588   2.610   3.24857616   1
   0.000134   7.9500   1.75000000   1.7500   1.2785   4.0798   4.6738   1.574   1.969   2.250   2.311   2.351   2.398   2.508   2.542   2.566   3.25261688   1
   0.000134   7.9500   1.79999995   1.8000   1.3282   4.0903   4.6783   1.450   1.870   2.178   2.247   2.289   2.341   2.459   2.496   2.523   3.25639176   1
   0.000134   7.9500   1.83220756   1.8322   1.3593   4.0968   4.6810   1.372   1.808   2.134   2.207   2.251   2.305   2.429   2.467   2.495   3.25869417   1
   0.000134   7.9500   1.85000002   1.8500   1.3763   4.1004   4.6824   1.329   1.775   2.109   2.185   2.230   2.285   2.412   2.451   2.480   3.25992513   1
   0.000134   7.9500   1.89999998   1.9000   1.4231   4.1101   4.6862   1.212   1.683   2.043   2.125   2.172   2.231   2.366   2.408   2.438   3.26323819   1
   0.000134   7.9500   1.95000005   1.9500   1.4686   4.1195   4.6896   1.099   1.596   1.979   2.066   2.116   2.178   2.320   2.364   2.397   3.26635003   1
   0.000134   7.9500   2.00000000   2.0000   1.5127   4.1285   4.6925   0.988   1.512   1.916   2.009   2.061   2.126   2.276   2.322   2.357   3.26927757   1
   0.000134   7.9500   2.01960444   2.0196   1.5297   4.1320   4.6936   0.946   1.480   1.892   1.987   2.040   2.106   2.258   2.305   2.341   3.27037740   1
   0.000134   7.9500   2.04999995   2.0500   1.5558   4.1373   4.6950   0.880   1.430   1.855   1.953   2.007   2.075   2.231   2.280   2.316   3.27203131   1
   0.000134   7.9500   2.09999990   2.1000   1.5977   4.1457   4.6973   0.776   1.350   1.795   1.898   1.954   2.025   2.188   2.238   2.276   3.27462268   1
   0.000134   7.9500   2.15000010   2.1500   1.6388   4.1539   4.6993   0.673   1.273   1.736   1.844   1.902   1.976   2.145   2.198   2.237   3.27706480   1
   0.000134   7.9500   2.20000005   2.2000   1.6791   4.1619   4.7008   0.572   1.197   1.679   1.790   1.851   1.927   2.103   2.157   2.197   3.27936959   1
   0.000134   7.9500   2.25000000   2.2500   1.7184   4.1695   4.7018   0.474   1.124   1.622   1.738   1.801   1.879   2.060   2.116   2.158   3.28154731   1
   0.000134   7.9500   2.29999995   2.3000   1.7569   4.1769   4.7022   0.378   1.051   1.566   1.686   1.750   1.831   2.017   2.075   2.118   3.28360772   1
   0.000134   7.9500   2.37837219   2.3784   1.8155   4.1879   4.7025   0.231   0.942   1.480   1.606   1.673   1.758   1.952   2.012   2.057   3.28662181   1
   0.000134   7.9500   2.40000010   2.4000   1.8314   4.1909   4.7025   0.192   0.913   1.456   1.584   1.652   1.738   1.934   1.995   2.040   3.28741050   1
   0.000134   7.9500   2.59999990   2.6000   1.9710   4.2150   4.6941   -0.157   0.647   1.240   1.381   1.455   1.549   1.762   1.827   1.877   3.29393530   1
   0.000134   7.9500   2.64836431   2.6484   2.0030   4.2202   4.6908   -0.237   0.586   1.189   1.332   1.407   1.503   1.719   1.786   1.837   3.29532504   1
   0.000134   7.9500   2.79999995   2.8000   2.1007   4.2355   4.6783   -0.482   0.395   1.029   1.181   1.259   1.359   1.586   1.656   1.710   3.29928207   1
   0.000134   7.9500   2.86009836   2.8601   2.1379   4.2410   4.6724   -0.575   0.322   0.966   1.121   1.201   1.302   1.533   1.604   1.659   3.30070090   1
   0.000134   7.9500   3.00000000   3.0000   2.2227   4.2530   4.6564   -0.787   0.153   0.820   0.981   1.064   1.170   1.408   1.482   1.539   3.30372047   1
   0.000134   7.9500   3.06346154   3.0635   2.2598   4.2580   4.6482   -0.879   0.079   0.755   0.919   1.003   1.110   1.352   1.426   1.484   3.30497313   1
   0.000134   7.9500   3.20000005   3.2000   2.3386   4.2679   4.6282   -1.076   -0.083   0.612   0.782   0.869   0.978   1.227   1.303   1.363   3.30745077   1
   0.000134   7.9500   3.31229687   3.3123   2.4016   4.2755   4.6104   -1.234   -0.213   0.496   0.670   0.758   0.870   1.123   1.202   1.263   3.30928588   1
   0.000134   7.9500   3.40000010   3.4000   2.4501   4.2810   4.5955   -1.355   -0.314   0.405   0.582   0.671   0.785   1.042   1.121   1.184   3.31060600   1
   0.000134   7.9500   3.53512692   3.5351   2.5233   4.2889   4.5705   -1.538   -0.469   0.265   0.446   0.537   0.653   0.915   0.996   1.060   3.31246805   1
   0.000134   7.9500   3.59999990   3.6000   2.5582   4.2923   4.5572   -1.626   -0.544   0.196   0.379   0.471   0.588   0.852   0.934   0.998   3.31329536   1
   0.000134   7.9500   3.64731503   3.6473   2.5833   4.2946   4.5472   -1.688   -0.599   0.146   0.331   0.423   0.541   0.806   0.888   0.953   3.31387377   1
   0.000134   7.9500   3.75845909   3.7585   2.6428   4.2996   4.5205   -1.837   -0.730   0.024   0.211   0.305   0.424   0.693   0.775   0.841   3.31515503   1
   0.000134   7.9500   3.79999995   3.8000   2.6649   4.3013   4.5098   -1.892   -0.780   -0.023   0.166   0.260   0.380   0.649   0.732   0.798   3.31560802   1
   0.000134   7.9500   3.84987688   3.8499   2.6913   4.3032   4.4970   -1.958   -0.839   -0.078   0.112   0.206   0.326   0.597   0.681   0.747   3.31613469   1
   0.000134   7.9500   3.94479442   3.9448   2.7414   4.3065   4.4708   -2.083   -0.953   -0.186   0.006   0.101   0.222   0.495   0.579   0.646   3.31708694   1
   0.000134   7.9500   4.00000000   4.0000   2.7704   4.3083   4.4547   -2.156   -1.020   -0.250   -0.056   0.039   0.160   0.434   0.519   0.586   3.31761289   1
   0.000134   7.9500   4.00169373   4.0017   2.7713   4.3083   4.4542   -2.158   -1.022   -0.252   -0.058   0.037   0.158   0.433   0.517   0.584   3.31762862   1
   0.000134   7.9500   4.08212900   4.0821   2.8141   4.3102   4.4277   -2.265   -1.124   -0.349   -0.154   -0.059   0.063   0.339   0.424   0.491   3.31835866   1
   0.000134   7.9500   4.18723726   4.1872   2.8707   4.3118   4.3885   -2.407   -1.262   -0.483   -0.286   -0.191   -0.068   0.208   0.293   0.361   3.31925321   1
   0.000134   7.9500   4.19999981   4.2000   2.8776   4.3119   4.3834   -2.424   -1.279   -0.500   -0.303   -0.207   -0.085   0.191   0.277   0.345   3.31935763   1
   0.000134   7.9500   4.25575829   4.2558   2.9075   4.3124   4.3609   -2.499   -1.353   -0.573   -0.375   -0.280   -0.157   0.119   0.205   0.273   3.31980324   1
   0.000134   7.9500   4.34636021   4.3464   2.9569   4.3122   4.3198   -2.622   -1.480   -0.699   -0.500   -0.405   -0.283   -0.006   0.079   0.147   3.32049298   1
   0.000134   7.9500   4.40000010   4.4000   2.9871   4.3114   4.2920   -2.698   -1.560   -0.779   -0.581   -0.485   -0.363   -0.087   -0.002   0.066   3.32088280   1
   0.000134   7.9500   4.40149164   4.4015   2.9879   4.3114   4.2912   -2.700   -1.562   -0.781   -0.583   -0.488   -0.365   -0.089   -0.004   0.064   3.32089329   1
   0.000134   7.9500   4.47326469   4.4733   3.0287   4.3095   4.2502   -2.802   -1.673   -0.894   -0.696   -0.601   -0.480   -0.204   -0.120   -0.052   3.32139373   1
   0.000134   7.9500   4.55949450   4.5595   3.0785   4.3061   4.1948   -2.926   -1.813   -1.039   -0.841   -0.747   -0.627   -0.354   -0.270   -0.203   3.32196569   1
   0.000134   7.9500   4.59999990   4.6000   3.1032   4.3034   4.1633   -2.988   -1.887   -1.116   -0.919   -0.826   -0.706   -0.435   -0.352   -0.285   3.32222414   1
   0.000134   7.9500   4.62423754   4.6242   3.1179   4.3018   4.1443   -3.025   -1.931   -1.162   -0.966   -0.873   -0.754   -0.483   -0.400   -0.334   3.32237554   1
   0.000134   7.9500   4.70560980   4.7056   3.1691   4.2948   4.0728   -3.153   -2.088   -1.330   -1.135   -1.044   -0.927   -0.661   -0.580   -0.514   3.32286835   1
   0.000134   7.9500   4.77550125   4.7755   3.2168   4.2887   4.0071   -3.272   -2.233   -1.484   -1.291   -1.201   -1.086   -0.824   -0.744   -0.679   3.32327247   1
   0.000134   7.9500   4.79920292   4.7992   3.2338   4.2872   3.9861   -3.314   -2.283   -1.535   -1.343   -1.254   -1.139   -0.878   -0.798   -0.734   3.32340598   1
   0.000134   7.9500   4.80000019   4.8000   3.2345   4.2873   3.9861   -3.316   -2.284   -1.536   -1.344   -1.254   -1.140   -0.878   -0.799   -0.734   3.32341027   1
   0.000134   7.9500   4.81533813   4.8153   3.2473   4.2904   3.9870   -3.348   -2.304   -1.551   -1.357   -1.267   -1.152   -0.889   -0.809   -0.743   3.32349563   1
   0.000134   7.9500   4.83090401   4.8309   3.2647   4.3012   4.0142   -3.392   -2.307   -1.536   -1.337   -1.245   -1.126   -0.856   -0.773   -0.706   3.32358146   1
   0.000134   7.9500   4.83528233   4.8353   3.2768   4.3122   4.0466   -3.422   -2.295   -1.506   -1.302   -1.207   -1.085   -0.808   -0.724   -0.655   3.32360530   1
   0.000134   7.9500   4.83704996   4.8370   3.2908   4.3225   4.0739   -3.457   -2.291   -1.484   -1.276   -1.179   -1.054   -0.772   -0.684   -0.614   3.32361507   1
   0.000134   7.9500   4.83805704   4.8381   3.3069   4.3317   4.0946   -3.497   -2.296   -1.474   -1.263   -1.164   -1.036   -0.748   -0.659   -0.586   3.32362056   1
   0.000134   7.9500   4.83816242   4.8382   3.3081   4.3324   4.0963   -3.500   -2.296   -1.473   -1.262   -1.163   -1.035   -0.746   -0.657   -0.584   3.32362103   2
   0.000134   7.9500   4.83863163   4.8386   3.2876   4.3233   4.0801   -3.449   -2.280   -1.472   -1.264   -1.167   -1.042   -0.758   -0.671   -0.601   3.32362366   2
   0.000134   7.9500   4.83898020   4.8390   3.2811   4.3117   4.0404   -3.433   -2.308   -1.519   -1.316   -1.221   -1.100   -0.823   -0.739   -0.670   3.32362556   2
   0.000134   7.9500   4.83935070   4.8394   3.2942   4.3001   3.9810   -3.466   -2.387   -1.616   -1.418   -1.326   -1.207   -0.938   -0.855   -0.789   3.32362771   2
   0.000134   7.9500   4.83977604   4.8398   3.3157   4.2883   3.9124   -3.519   -2.489   -1.736   -1.542   -1.453   -1.338   -1.076   -0.996   -0.932   3.32362986   2
   0.000134   7.9500   4.84024239   4.8402   3.3346   4.2764   3.8458   -3.566   -2.585   -1.850   -1.661   -1.575   -1.464   -1.209   -1.132   -1.069   3.32363248   2
   0.000134   7.9500   4.84073210   4.8407   3.3491   4.2643   3.7832   -3.603   -2.669   -1.954   -1.769   -1.686   -1.579   -1.332   -1.257   -1.197   3.32363510   2
   0.000134   7.9500   4.84123516   4.8412   3.3606   4.2522   3.7233   -3.631   -2.745   -2.049   -1.869   -1.790   -1.687   -1.447   -1.375   -1.317   3.32363796   2
   0.000134   7.9500   4.84174109   4.8417   3.3699   4.2401   3.6654   -3.655   -2.816   -2.140   -1.965   -1.889   -1.790   -1.558   -1.489   -1.433   3.32364058   2
   0.000134   7.9500   4.84224176   4.8422   3.3777   4.2279   3.6088   -3.674   -2.882   -2.228   -2.057   -1.985   -1.889   -1.666   -1.600   -1.546   3.32364345   2
   0.000134   7.9500   4.84272861   4.8427   3.3843   4.2156   3.5531   -3.691   -2.945   -2.312   -2.146   -2.077   -1.986   -1.771   -1.708   -1.656   3.32364607   2
   0.000134   7.9500   4.84319592   4.8432   3.3901   4.2033   3.4983   -3.705   -3.006   -2.394   -2.234   -2.168   -2.081   -1.875   -1.814   -1.764   3.32364869   2
   0.000134   7.9500   4.84364080   4.8436   3.3950   4.1910   3.4440   -3.718   -3.065   -2.474   -2.319   -2.257   -2.175   -1.977   -1.920   -1.872   3.32365108   2
   0.000134   7.9500   4.84405994   4.8441   3.3993   4.1786   3.3904   -3.728   -3.121   -2.552   -2.403   -2.344   -2.267   -2.078   -2.024   -1.978   3.32365322   2
   0.000134   7.9500   4.84445381   4.8445   3.4031   4.1663   3.3372   -3.738   -3.176   -2.629   -2.486   -2.430   -2.358   -2.177   -2.127   -2.082   3.32365537   2
   0.000134   7.9500   4.84482098   4.8448   3.4064   4.1539   3.2844   -3.746   -3.228   -2.704   -2.566   -2.515   -2.447   -2.276   -2.228   -2.186   3.32365751   2
   0.000134   7.9500   4.84516287   4.8452   3.4093   4.1415   3.2321   -3.753   -3.278   -2.777   -2.646   -2.598   -2.534   -2.372   -2.328   -2.288   3.32365918   2
   0.000134   7.9500   4.84548044   4.8455   3.4117   4.1291   3.1801   -3.759   -3.325   -2.849   -2.723   -2.679   -2.621   -2.468   -2.427   -2.390   3.32366109   2
   0.000134   7.9500   4.84577465   4.8458   3.4138   4.1167   3.1284   -3.765   -3.371   -2.920   -2.800   -2.759   -2.706   -2.563   -2.525   -2.490   3.32366252   2
   0.000134   7.9500   4.84604740   4.8460   3.4156   4.1043   3.0771   -3.769   -3.415   -2.989   -2.875   -2.838   -2.789   -2.657   -2.622   -2.589   3.32366419   2
   0.000134   7.9500   4.84629965   4.8463   3.4171   4.0919   3.0260   -3.773   -3.456   -3.057   -2.948   -2.915   -2.872   -2.750   -2.718   -2.688   3.32366538   2
   0.000134   7.9500   4.84653330   4.8465   3.4183   4.0795   2.9751   -3.776   -3.494   -3.123   -3.020   -2.991   -2.953   -2.841   -2.814   -2.785   3.32366681   2
   0.000134   7.9500   4.84674978   4.8467   3.4193   4.0671   2.9245   -3.778   -3.530   -3.187   -3.091   -3.065   -3.033   -2.932   -2.908   -2.882   3.32366800   2
   0.000134   7.9500   4.84695053   4.8470   3.4200   4.0547   2.8742   -3.780   -3.563   -3.249   -3.159   -3.138   -3.111   -3.021   -3.001   -2.977   3.32366896   2
   0.000134   7.9500   4.84713697   4.8471   3.4205   4.0423   2.8240   -3.781   -3.594   -3.310   -3.227   -3.209   -3.187   -3.110   -3.094   -3.071   3.32366991   2
   0.000134   7.9500   4.84731054   4.8473   3.4209   4.0298   2.7740   -3.782   -3.621   -3.368   -3.292   -3.278   -3.262   -3.197   -3.185   -3.165   3.32367086   2
   0.000134   7.9500   4.84747219   4.8475   3.4210   4.0174   2.7242   -3.783   -3.645   -3.426   -3.356   -3.345   -3.336   -3.283   -3.276   -3.259   3.32367182   2
   0.000134   7.9500   4.84762239   4.8476   3.4210   4.0050   2.6746   -3.782   -3.665   -3.482   -3.418   -3.411   -3.408   -3.369   -3.365   -3.351   3.32367277   2
   0.000134   7.9500   4.84776258   4.8478   3.4208   3.9926   2.6251   -3.782   -3.682   -3.535   -3.478   -3.475   -3.478   -3.453   -3.454   -3.443   3.32367349   2
   0.000134   7.9500   4.84789419   4.8479   3.4205   3.9802   2.5758   -3.781   -3.695   -3.586   -3.536   -3.537   -3.546   -3.537   -3.543   -3.534   3.32367420   2
   0.000134   7.9500   4.84801674   4.8480   3.4200   3.9678   2.5266   -3.780   -3.701   -3.632   -3.591   -3.596   -3.611   -3.619   -3.630   -3.625   3.32367468   2
   0.000134   7.9500   4.84813309   4.8481   3.4194   3.9553   2.4776   -3.778   -3.702   -3.673   -3.641   -3.652   -3.675   -3.700   -3.716   -3.715   3.32367539   2
   0.000134   7.9500   4.84824181   4.8482   3.4187   3.9429   2.4286   -3.777   -3.695   -3.707   -3.686   -3.703   -3.735   -3.779   -3.802   -3.804   3.32367611   2
   0.000134   7.9500   4.84834433   4.8483   3.4178   3.9304   2.3796   -3.774   -3.680   -3.732   -3.725   -3.750   -3.792   -3.857   -3.888   -3.893   3.32367659   2
   0.000134   7.9500   4.84844112   4.8484   3.4168   3.9179   2.3306   -3.772   -3.661   -3.744   -3.754   -3.790   -3.846   -3.932   -3.974   -3.982   3.32367706   2
   0.000134   7.9500   4.84853220   4.8485   3.4157   3.9054   2.2815   -3.769   -3.637   -3.746   -3.776   -3.826   -3.897   -4.006   -4.061   -4.072   3.32367754   2
   0.000134   7.9500   4.84861803   4.8486   3.4145   3.8929   2.2325   -3.766   -3.610   -3.738   -3.790   -3.857   -3.946   -4.079   -4.148   -4.163   3.32367802   2
   0.000134   7.9500   4.84869909   4.8487   3.4133   3.8803   2.1834   -3.763   -3.580   -3.715   -3.795   -3.882   -3.991   -4.150   -4.238   -4.254   3.32367849   2
   0.000134   7.9500   4.84877634   4.8488   3.4120   3.8676   2.1341   -3.760   -3.545   -3.679   -3.793   -3.905   -4.035   -4.220   -4.328   -4.347   3.32367897   2
   0.000134   7.9500   4.84884930   4.8488   3.4107   3.8549   2.0847   -3.757   -3.508   -3.631   -3.786   -3.924   -4.078   -4.290   -4.420   -4.441   3.32367921   2
   0.000134   7.9500   4.84891891   4.8489   3.4095   3.8422   2.0349   -3.754   -3.470   -3.576   -3.775   -3.939   -4.117   -4.358   -4.513   -4.536   3.32367969   2
   0.000134   7.9500   4.84898567   4.8490   3.4083   3.8293   1.9848   -3.751   -3.430   -3.518   -3.758   -3.951   -4.154   -4.424   -4.607   -4.631   3.32368016   2
   0.000134   7.9500   4.84905052   4.8491   3.4070   3.8164   1.9341   -3.748   -3.388   -3.456   -3.737   -3.958   -4.187   -4.487   -4.699   -4.726   3.32368040   2
   0.000134   7.9500   4.84911346   4.8491   3.4058   3.8033   1.8831   -3.744   -3.341   -3.391   -3.713   -3.963   -4.217   -4.550   -4.793   -4.822   3.32368064   2
   0.000134   7.9500   4.84917545   4.8492   3.4045   3.7901   1.8316   -3.741   -3.289   -3.310   -3.680   -3.962   -4.242   -4.609   -4.883   -4.918   3.32368112   2
   0.000134   7.9500   4.84923697   4.8492   3.4029   3.7772   1.7817   -3.737   -3.228   -3.218   -3.640   -3.957   -4.263   -4.666   -4.972   -5.013   3.32368135   2
   0.000134   7.9500   4.84929895   4.8493   3.4011   3.7658   1.7378   -3.733   -3.154   -3.148   -3.611   -3.954   -4.284   -4.718   -5.055   -5.098   3.32368183   2
   0.000134   7.9500   4.84936190   4.8494   3.3988   3.7557   1.6997   -3.727   -3.093   -3.087   -3.584   -3.948   -4.295   -4.756   -5.119   -5.166   3.32368207   2
   0.000134   7.9500   4.84942770   4.8494   3.3964   3.7470   1.6673   -3.721   -3.033   -3.031   -3.557   -3.940   -4.303   -4.787   -5.172   -5.222   3.32368255   2
   0.000134   7.9500   4.84949970   4.8495   3.3936   3.7385   1.6359   -3.714   -2.966   -2.971   -3.530   -3.930   -4.309   -4.816   -5.222   -5.276   3.32368279   2
   0.000134   7.9500   4.84956646   4.8496   3.3909   3.7319   1.6123   -3.707   -2.907   -2.922   -3.506   -3.921   -4.312   -4.837   -5.259   -5.316   3.32368326   3
   0.000134   7.9500   4.84958315   4.8496   3.3911   3.7304   1.6061   -3.708   -2.896   -2.913   -3.502   -3.921   -4.315   -4.844   -5.270   -5.327   3.32368326   3
   0.000134   7.9500   4.84967375   4.8497   3.3920   3.7248   1.5831   -3.710   -2.846   -2.876   -3.489   -3.920   -4.325   -4.869   -5.308   -5.369   3.32368374   3
   0.000134   7.9500   4.85000420   4.8500   3.3949   3.7147   1.5398   -3.717   -2.752   -2.808   -3.468   -3.921   -4.345   -4.917   -5.380   -5.447   3.32368565   3
   0.000134   7.9500   4.85035276   4.8504   3.4115   3.7091   1.5007   -3.759   -2.730   -2.806   -3.492   -3.959   -4.393   -4.981   -5.458   -5.528   3.32368755   3
   0.000134   7.9500   4.85069180   4.8507   3.4237   3.7062   1.4771   -3.789   -2.724   -2.813   -3.514   -3.987   -4.427   -5.024   -5.507   -5.578   3.32368922   3
   0.000134   7.9500   4.85150242   4.8515   3.4505   3.7025   1.4352   -3.856   -2.741   -2.847   -3.568   -4.051   -4.499   -5.106   -5.598   -5.672   3.32369375   4
   0.000134   7.9500   4.85613012   4.8561   3.4485   3.7048   1.4468   -3.851   -2.765   -2.862   -3.571   -4.048   -4.491   -5.092   -5.579   -5.651   3.32371879   5
   0.000134   7.9500   4.85915375   4.8592   3.4673   3.7195   1.4874   -3.898   -2.975   -3.028   -3.665   -4.107   -4.522   -5.081   -5.532   -5.596   3.32373500   5
   0.000134   7.9500   4.86013937   4.8601   3.4731   3.7310   1.5276   -3.913   -3.096   -3.124   -3.711   -4.128   -4.521   -5.048   -5.472   -5.528   3.32374048   5
   0.000134   7.9500   4.86051321   4.8605   3.4745   3.7371   1.5507   -3.916   -3.148   -3.168   -3.731   -4.134   -4.515   -5.025   -5.434   -5.488   3.32374239   5
   0.000134   7.9500   4.86085081   4.8609   3.4754   3.7437   1.5761   -3.918   -3.199   -3.212   -3.750   -4.139   -4.508   -5.000   -5.392   -5.444   3.32374430   5
   0.000134   7.9500   4.86115837   4.8612   3.4761   3.7497   1.5996   -3.920   -3.242   -3.250   -3.766   -4.142   -4.500   -4.976   -5.354   -5.402   3.32374597   5
   0.000134   7.9500   4.86149311   4.8615   3.4769   3.7557   1.6226   -3.922   -3.280   -3.286   -3.782   -4.146   -4.492   -4.953   -5.315   -5.362   3.32374763   5
   0.000134   7.9500   4.86187792   4.8619   3.4779   3.7618   1.6460   -3.925   -3.317   -3.323   -3.798   -4.149   -4.485   -4.929   -5.276   -5.320   3.32374978   5
   0.000134   7.9500   4.86232901   4.8623   3.4791   3.7680   1.6696   -3.928   -3.353   -3.360   -3.815   -4.152   -4.477   -4.905   -5.236   -5.278   3.32375216   5
   0.000134   7.9500   4.86286259   4.8629   3.4806   3.7743   1.6935   -3.932   -3.396   -3.400   -3.832   -4.155   -4.467   -4.877   -5.190   -5.231   3.32375503   5
   0.000134   7.9500   4.86355066   4.8636   3.4825   3.7814   1.7200   -3.936   -3.445   -3.448   -3.853   -4.158   -4.455   -4.846   -5.139   -5.179   3.32375884   5
   0.000134   7.9500   4.86432552   4.8643   3.4847   3.7882   1.7452   -3.942   -3.478   -3.503   -3.879   -4.165   -4.448   -4.820   -5.096   -5.132   3.32376289   5
   0.000134   7.9500   4.86518669   4.8652   3.4881   3.7962   1.7739   -3.950   -3.517   -3.564   -3.908   -4.173   -4.440   -4.790   -5.048   -5.080   3.32376766   5
   0.000134   7.9500   4.86613274   4.8661   3.4922   3.8059   1.8087   -3.961   -3.564   -3.627   -3.938   -4.180   -4.428   -4.753   -4.988   -5.017   3.32377267   5
   0.000134   7.9500   4.86718178   4.8672   3.4960   3.8181   1.8538   -3.970   -3.615   -3.695   -3.966   -4.181   -4.405   -4.701   -4.907   -4.933   3.32377839   5
   0.000134   7.9500   4.86832857   4.8683   3.4988   3.8335   1.9124   -3.977   -3.670   -3.772   -3.993   -4.174   -4.368   -4.628   -4.800   -4.824   3.32378435   5
   0.000134   7.9500   4.86958599   4.8696   3.5012   3.8498   1.9754   -3.983   -3.723   -3.847   -4.013   -4.159   -4.322   -4.544   -4.683   -4.705   3.32379127   5
   0.000134   7.9500   4.87096786   4.8710   3.5038   3.8648   2.0332   -3.989   -3.772   -3.910   -4.026   -4.140   -4.274   -4.464   -4.576   -4.596   3.32379866   5
   0.000134   7.9500   4.87248659   4.8725   3.5064   3.8791   2.0877   -3.996   -3.816   -3.954   -4.031   -4.118   -4.228   -4.388   -4.477   -4.494   3.32380676   5
   0.000134   7.9500   4.87414503   4.8741   3.5091   3.8930   2.1409   -4.003   -3.854   -3.982   -4.028   -4.093   -4.181   -4.313   -4.381   -4.395   3.32381558   5
   0.000134   7.9500   4.87594986   4.8759   3.5119   3.9067   2.1930   -4.010   -3.889   -3.993   -4.015   -4.063   -4.131   -4.237   -4.290   -4.300   3.32382536   5
   0.000134   7.9500   4.87790203   4.8779   3.5148   3.9203   2.2446   -4.017   -3.919   -3.992   -3.994   -4.027   -4.080   -4.161   -4.200   -4.208   3.32383561   5
   0.000134   7.9500   4.88001490   4.8800   3.5177   3.9338   2.2958   -4.024   -3.943   -3.976   -3.964   -3.987   -4.026   -4.084   -4.113   -4.117   3.32384706   5
   0.000134   7.9500   4.88228273   4.8823   3.5207   3.9471   2.3464   -4.032   -3.961   -3.950   -3.925   -3.940   -3.970   -4.006   -4.027   -4.027   3.32385898   5
   0.000134   7.9500   4.88469744   4.8847   3.5238   3.9603   2.3962   -4.039   -3.972   -3.916   -3.881   -3.890   -3.911   -3.927   -3.942   -3.938   3.32387185   5
   0.000134   7.9500   4.88726330   4.8873   3.5269   3.9731   2.4448   -4.047   -3.974   -3.877   -3.832   -3.837   -3.850   -3.849   -3.859   -3.851   3.32388544   5
   0.000134   7.9500   4.89004898   4.8900   3.5301   3.9860   2.4931   -4.055   -3.972   -3.835   -3.781   -3.781   -3.788   -3.770   -3.775   -3.764   3.32390022   5
   0.000134   7.9500   4.89307880   4.8931   3.5334   3.9988   2.5414   -4.064   -3.965   -3.789   -3.728   -3.724   -3.725   -3.692   -3.691   -3.678   3.32391620   5
   0.000134   7.9500   4.89637899   4.8964   3.5369   4.0115   2.5890   -4.072   -3.953   -3.741   -3.674   -3.666   -3.661   -3.613   -3.608   -3.592   3.32393384   5
   0.000134   7.9500   4.89991045   4.8999   3.5405   4.0239   2.6354   -4.081   -3.940   -3.693   -3.620   -3.609   -3.597   -3.537   -3.528   -3.509   3.32395244   5
   0.000134   7.9500   4.90357208   4.9036   3.5441   4.0357   2.6794   -4.090   -3.926   -3.647   -3.568   -3.553   -3.536   -3.464   -3.451   -3.430   3.32397175   5
   0.000134   7.9500   4.90727425   4.9073   3.5476   4.0468   2.7204   -4.099   -3.910   -3.604   -3.519   -3.501   -3.479   -3.396   -3.379   -3.356   3.32399106   5
   0.000134   7.9500   4.91257524   4.9126   3.5524   4.0610   2.7731   -4.111   -3.889   -3.547   -3.455   -3.432   -3.404   -3.308   -3.287   -3.261   3.32401896   5
   0.000134   7.9500   4.91742611   4.9174   3.5567   4.0729   2.8165   -4.122   -3.869   -3.499   -3.401   -3.375   -3.342   -3.235   -3.210   -3.182   3.32404423   5
   0.000134   7.9500   4.92289877   4.9229   3.5613   4.0849   2.8605   -4.133   -3.847   -3.451   -3.346   -3.317   -3.279   -3.161   -3.133   -3.103   3.32407260   5
   0.000134   7.9500   4.92938471   4.9294   3.5667   4.0978   2.9072   -4.147   -3.824   -3.399   -3.288   -3.255   -3.211   -3.082   -3.050   -3.018   3.32410645   5
   0.000134   7.9500   4.93667459   4.9367   3.5725   4.1106   2.9532   -4.161   -3.799   -3.348   -3.231   -3.193   -3.144   -3.005   -2.970   -2.935   3.32414412   5
   0.000134   7.9500   4.94472170   4.9447   3.5787   4.1229   2.9973   -4.177   -3.775   -3.299   -3.175   -3.134   -3.080   -2.931   -2.892   -2.856   3.32418537   5
   0.000134   7.9500   4.95420647   4.9542   3.5858   4.1356   3.0418   -4.194   -3.751   -3.250   -3.121   -3.075   -3.016   -2.857   -2.815   -2.776   3.32423401   5
   0.000134   7.9500   4.96521902   4.9652   3.5938   4.1480   3.0840   -4.215   -3.730   -3.205   -3.069   -3.021   -2.956   -2.789   -2.743   -2.701   3.32429004   5
   0.000134   7.9500   4.97988653   4.9799   3.6044   4.1605   3.1250   -4.241   -3.714   -3.164   -3.023   -2.970   -2.901   -2.724   -2.675   -2.631   3.32436419   5
   0.000134   7.9500   5.00000000   5.0000   3.6199   4.1702   3.1500   -4.280   -3.719   -3.151   -3.005   -2.950   -2.877   -2.692   -2.641   -2.596   3.32446504   5
   0.000134   7.9500   5.00848770   5.0085   3.6264   4.1737   3.1581   -4.296   -3.723   -3.149   -3.001   -2.945   -2.871   -2.684   -2.631   -2.586   3.32450700   5
   0.000134   7.9500   5.01401329   5.0140   3.6301   4.1749   3.1596   -4.305   -3.729   -3.152   -3.003   -2.947   -2.872   -2.684   -2.632   -2.586   3.32453442   6
   0.000134   7.9500   5.02813387   5.0281   3.6445   4.1698   3.1260   -4.341   -3.784   -3.215   -3.069   -3.015   -2.942   -2.757   -2.706   -2.661   3.32460380   6
   0.000134   7.9500   5.03742886   5.0374   3.6511   4.1642   3.0978   -4.358   -3.821   -3.262   -3.118   -3.065   -2.995   -2.815   -2.765   -2.721   3.32464933   6
   0.000134   7.9500   5.04767513   5.0477   3.6618   4.1517   3.0379   -4.384   -3.892   -3.356   -3.218   -3.169   -3.103   -2.932   -2.886   -2.844   3.32469893   6
   0.000134   7.9500   5.05184984   5.0518   3.6676   4.1387   2.9807   -4.399   -3.951   -3.439   -3.307   -3.262   -3.202   -3.040   -2.997   -2.957   3.32471919   6
   0.000134   7.9500   5.05434990   5.0543   3.6718   4.1268   2.9291   -4.409   -4.002   -3.511   -3.386   -3.344   -3.289   -3.137   -3.097   -3.060   3.32473135   6
   0.000134   7.9500   5.05624437   5.0562   3.6753   4.1130   2.8704   -4.418   -4.056   -3.592   -3.474   -3.437   -3.387   -3.245   -3.210   -3.175   3.32474041   6
   0.000134   7.9500   5.05741787   5.0574   3.6775   4.1001   2.8169   -4.424   -4.102   -3.663   -3.552   -3.518   -3.474   -3.343   -3.311   -3.278   3.32474613   6
   0.000134   7.9500   5.05810738   5.0581   3.6787   4.0892   2.7720   -4.427   -4.137   -3.721   -3.615   -3.586   -3.547   -3.425   -3.396   -3.365   3.32474947   6
   0.000134   7.9500   5.05866861   5.0587   3.6793   4.0768   2.7219   -4.428   -4.173   -3.784   -3.685   -3.659   -3.626   -3.514   -3.489   -3.460   3.32475209   6
   0.000134   7.9500   5.05904770   5.0590   3.6789   4.0652   2.6759   -4.427   -4.203   -3.841   -3.747   -3.725   -3.696   -3.595   -3.573   -3.547   3.32475376   6
   0.000134   7.9500   5.05935478   5.0594   3.6774   4.0521   2.6251   -4.423   -4.231   -3.900   -3.813   -3.795   -3.773   -3.683   -3.666   -3.641   3.32475543   6
   0.000134   7.9500   5.05957603   5.0596   3.6747   4.0390   2.5756   -4.417   -4.254   -3.956   -3.875   -3.861   -3.844   -3.767   -3.754   -3.732   3.32475638   6
   0.000134   7.9500   5.05973291   5.0597   3.6709   4.0265   2.5291   -4.407   -4.270   -4.005   -3.931   -3.921   -3.909   -3.845   -3.836   -3.816   3.32475710   6
   0.000134   7.9500   5.05983257   5.0598   3.6671   4.0162   2.4919   -4.398   -4.280   -4.043   -3.973   -3.966   -3.960   -3.906   -3.900   -3.883   3.32475758   6
   0.000134   7.9500   5.05991364   5.0599   3.6628   4.0061   2.4556   -4.387   -4.286   -4.076   -4.013   -4.009   -4.008   -3.965   -3.963   -3.948   3.32475805   6
   0.000134   7.9500   5.05996943   5.0600   3.6588   3.9978   2.4265   -4.377   -4.288   -4.102   -4.043   -4.042   -4.045   -4.011   -4.012   -3.999   3.32475829   7
   0.000134   7.9500   5.05999088   5.0600   3.6570   3.9942   2.4139   -4.373   -4.288   -4.113   -4.056   -4.056   -4.061   -4.031   -4.034   -4.021   3.32475853   7
   0.000134   7.9500   5.06005764   5.0601   3.6506   3.9811   2.3681   -4.356   -4.286   -4.151   -4.102   -4.106   -4.117   -4.104   -4.111   -4.101   3.32475877   7
   0.000134   7.9500   5.06011581   5.0601   3.6448   3.9674   2.3188   -4.342   -4.280   -4.190   -4.150   -4.158   -4.176   -4.182   -4.194   -4.188   3.32475901   7
   0.000134   7.9500   5.06016588   5.0602   3.6408   3.9538   2.2686   -4.332   -4.272   -4.228   -4.197   -4.210   -4.237   -4.261   -4.280   -4.277   3.32475924   7
   0.000134   7.9500   5.06021118   5.0602   3.6386   3.9401   2.2160   -4.327   -4.262   -4.265   -4.245   -4.264   -4.299   -4.344   -4.370   -4.371   3.32475948   7
   0.000134   7.9500   5.06025267   5.0603   3.6387   3.9265   2.1614   -4.327   -4.248   -4.295   -4.288   -4.315   -4.362   -4.431   -4.465   -4.471   3.32475972   7
   0.000134   7.9500   5.06029272   5.0603   3.6412   3.9129   2.1044   -4.333   -4.233   -4.319   -4.328   -4.367   -4.428   -4.521   -4.567   -4.576   3.32475996   7
   0.000134   7.9500   5.06033278   5.0603   3.6466   3.8992   2.0442   -4.347   -4.221   -4.338   -4.367   -4.421   -4.499   -4.618   -4.678   -4.690   3.32475996   7
   0.000134   7.9500   5.06037474   5.0604   3.6556   3.8855   1.9806   -4.369   -4.214   -4.350   -4.404   -4.477   -4.575   -4.722   -4.799   -4.815   3.32476020   7
   0.000134   7.9500   5.06042290   5.0604   3.6689   3.8722   1.9139   -4.402   -4.214   -4.357   -4.443   -4.539   -4.659   -4.832   -4.930   -4.948   3.32476044   7
   0.000134   7.9500   5.06049156   5.0605   3.6880   3.8609   1.8499   -4.450   -4.232   -4.376   -4.491   -4.608   -4.747   -4.945   -5.060   -5.081   3.32476091   7
   0.000134   7.9500   5.06069803   5.0607   3.7110   3.8648   1.8425   -4.508   -4.302   -4.447   -4.550   -4.658   -4.791   -4.979   -5.088   -5.108   3.32476187   7
   0.000134   7.9500   5.06085920   5.0609   3.7089   3.8780   1.8974   -4.502   -4.333   -4.473   -4.542   -4.627   -4.736   -4.898   -4.986   -5.003   3.32476258   7
   0.000134   7.9500   5.06118250   5.0612   3.6928   3.8894   1.9589   -4.462   -4.319   -4.451   -4.495   -4.562   -4.653   -4.791   -4.863   -4.877   3.32476425   7
   0.000134   7.9500   5.06142759   5.0614   3.6767   3.8768   1.9247   -4.422   -4.247   -4.388   -4.461   -4.549   -4.661   -4.825   -4.915   -4.933   3.32476521   7
   0.000134   7.9500   5.06152868   5.0615   3.6693   3.8670   1.8928   -4.403   -4.201   -4.345   -4.444   -4.550   -4.679   -4.863   -4.969   -4.989   3.32476592   7
   0.000134   7.9500   5.06162167   5.0616   3.6614   3.8529   1.8446   -4.384   -4.140   -4.276   -4.420   -4.555   -4.710   -4.924   -5.055   -5.077   3.32476616   7
   0.000134   7.9500   5.06169367   5.0617   3.6545   3.8390   1.7957   -4.366   -4.079   -4.200   -4.393   -4.558   -4.739   -4.985   -5.143   -5.167   3.32476664   7
   0.000134   7.9500   5.06175280   5.0618   3.6482   3.8258   1.7492   -4.350   -4.020   -4.124   -4.363   -4.558   -4.765   -5.041   -5.227   -5.253   3.32476687   7
   0.000134   7.9500   5.06180334   5.0618   3.6419   3.8139   1.7081   -4.335   -3.964   -4.052   -4.331   -4.553   -4.783   -5.087   -5.300   -5.328   3.32476711   7
   0.000134   7.9500   5.06184721   5.0618   3.6357   3.8040   1.6746   -4.319   -3.911   -3.988   -4.299   -4.543   -4.793   -5.122   -5.358   -5.388   3.32476735   7
   0.000134   7.9500   5.06188679   5.0619   3.6294   3.7954   1.6464   -4.304   -3.862   -3.922   -4.265   -4.530   -4.798   -5.149   -5.405   -5.438   3.32476759   7
   0.000134   7.9500   5.06192255   5.0619   3.6233   3.7874   1.6206   -4.288   -3.814   -3.853   -4.229   -4.515   -4.799   -5.172   -5.447   -5.484   3.32476759   7
   0.000134   7.9500   5.06195498   5.0620   3.6175   3.7797   1.5956   -4.274   -3.766   -3.782   -4.191   -4.500   -4.799   -5.193   -5.488   -5.529   3.32476783   7
   0.000134   7.9500   5.06198406   5.0620   3.6129   3.7725   1.5715   -4.262   -3.705   -3.729   -4.165   -4.490   -4.805   -5.219   -5.535   -5.576   3.32476807   7
   0.000134   7.9500   5.06201172   5.0620   3.6087   3.7655   1.5475   -4.252   -3.653   -3.678   -4.139   -4.480   -4.808   -5.242   -5.577   -5.620   3.32476807   7
   0.000134   7.9500   5.06203747   5.0620   3.6048   3.7585   1.5237   -4.242   -3.604   -3.628   -4.113   -4.469   -4.810   -5.263   -5.616   -5.661   3.32476830   7
   0.000134   7.9500   5.06206226   5.0621   3.6014   3.7516   1.4993   -4.233   -3.554   -3.579   -4.088   -4.459   -4.813   -5.284   -5.655   -5.703   3.32476830   7
   0.000134   7.9500   5.06208611   5.0621   3.5980   3.7447   1.4752   -4.225   -3.500   -3.529   -4.063   -4.449   -4.815   -5.305   -5.693   -5.743   3.32476854   7
   0.000134   7.9500   5.06211233   5.0621   3.5992   3.7378   1.4463   -4.228   -3.453   -3.487   -4.048   -4.449   -4.829   -5.337   -5.742   -5.796   3.32476854   7
   0.000134   7.9500   5.06215048   5.0622   3.6006   3.7296   1.4122   -4.232   -3.390   -3.436   -4.029   -4.449   -4.844   -5.375   -5.800   -5.858   3.32476878   7
   0.000134   7.9500   5.06221247   5.0622   3.6118   3.7189   1.3581   -4.260   -3.314   -3.385   -4.027   -4.471   -4.887   -5.447   -5.899   -5.962   3.32476902   7
   0.000134   7.9500   5.06232309   5.0623   3.6367   3.7021   1.2660   -4.322   -3.179   -3.310   -4.035   -4.519   -4.968   -5.577   -6.069   -6.142   3.32476974   7
   0.000134   7.9500   5.06238508   5.0624   3.6614   3.6953   1.2141   -4.384   -3.144   -3.309   -4.071   -4.573   -5.036   -5.665   -6.174   -6.251   3.32476997   7
   0.000134   7.9500   5.06241703   5.0624   3.6804   3.6925   1.1839   -4.431   -3.148   -3.329   -4.108   -4.617   -5.085   -5.724   -6.240   -6.318   3.32476997   7
   0.000134   7.9500   5.06245327   5.0625   3.6996   3.6903   1.1558   -4.479   -3.161   -3.355   -4.148   -4.662   -5.136   -5.781   -6.302   -6.382   3.32477021   7
   0.000134   7.9500   5.06248903   5.0625   3.7145   3.6886   1.1344   -4.516   -3.170   -3.375   -4.178   -4.697   -5.174   -5.824   -6.350   -6.431   3.32477045   7
   0.000134   7.9500   5.06256056   5.0626   3.7369   3.6860   1.1015   -4.572   -3.181   -3.404   -4.223   -4.749   -5.232   -5.890   -6.422   -6.505   3.32477069   7
   0.000134   7.9500   5.06293726   5.0629   3.8092   3.6809   1.0087   -4.753   -3.265   -3.528   -4.381   -4.922   -5.416   -6.091   -6.637   -6.722   3.32477260   7
   0.000134   7.9500   5.06353951   5.0635   3.8520   3.6781   0.9548   -4.860   -3.297   -3.598   -4.475   -5.025   -5.527   -6.211   -6.761   -6.848   3.32477546   7
   0.000134   7.9500   5.06427336   5.0643   3.8969   3.6756   0.8998   -4.972   -3.332   -3.673   -4.575   -5.135   -5.643   -6.334   -6.889   -6.977   3.32477903   7
   0.000134   7.9500   5.06498051   5.0650   3.9376   3.6730   0.8490   -5.074   -3.356   -3.737   -4.663   -5.233   -5.748   -6.447   -7.007   -7.096   3.32478237   7
   0.000134   7.9500   5.06564760   5.0656   3.9768   3.6708   0.8011   -5.172   -3.383   -3.801   -4.750   -5.329   -5.850   -6.556   -7.118   -7.209   3.32478547   7
   0.000134   7.9500   5.06623077   5.0662   4.0148   3.6685   0.7539   -5.267   -3.402   -3.859   -4.831   -5.420   -5.947   -6.661   -7.228   -7.319   3.32478833   7
   0.000134   7.9500   5.06689739   5.0669   4.0642   3.6657   0.6933   -5.390   -3.426   -3.934   -4.937   -5.539   -6.075   -6.797   -7.369   -7.461   3.32479143   7
   0.000134   7.9500   5.06739759   5.0674   4.1055   3.6631   0.6416   -5.494   -3.438   -3.993   -5.023   -5.637   -6.181   -6.911   -7.488   -7.581   3.32479405   7
   0.000134   7.9500   5.06788588   5.0679   4.1497   3.6605   0.5871   -5.604   -3.455   -4.057   -5.117   -5.744   -6.295   -7.033   -7.614   -7.708   3.32479620   7
   0.000134   7.9500   5.06827831   5.0683   4.1897   3.6580   0.5371   -5.704   -3.459   -4.109   -5.199   -5.838   -6.397   -7.144   -7.730   -7.824   3.32479811   7
   0.000134   7.9500   5.06862831   5.0686   4.2299   3.6556   0.4874   -5.805   -3.468   -4.164   -5.281   -5.932   -6.499   -7.254   -7.845   -7.940   3.32479978   7
   0.000134   7.9500   5.06886482   5.0689   4.2639   3.6539   0.4467   -5.890   -3.489   -4.215   -5.352   -6.011   -6.585   -7.346   -7.940   -8.036   3.32480097   7
   0.000134   7.9500   5.06899977   5.0690   4.2924   3.6533   0.4158   -5.961   -3.529   -4.270   -5.417   -6.081   -6.657   -7.421   -8.016   -8.111   3.32480168   7
   0.000134   7.9500   5.06911135   5.0691   4.3223   3.6524   0.3822   -6.036   -3.562   -4.324   -5.483   -6.152   -6.732   -7.500   -8.096   -8.192   3.32480216   7
   0.000134   7.9500   5.06921434   5.0692   4.3592   3.6510   0.3398   -6.128   -3.596   -4.385   -5.562   -6.240   -6.825   -7.599   -8.197   -8.294   3.32480264   7
   0.000134   7.9500   5.06931543   5.0693   4.3970   3.6488   0.2930   -6.222   -3.604   -4.433   -5.636   -6.326   -6.919   -7.702   -8.306   -8.403   3.32480311   7
   0.000134   7.9500   5.06936455   5.0694   4.4135   3.6478   0.2725   -6.264   -3.606   -4.453   -5.668   -6.363   -6.960   -7.747   -8.353   -8.450   3.32480335   8
