#   Isochrone  Z = 0.00134   Y = 0.25084   [M/H] = -1.063   eta_R = 0.200   Age =    7.0795e+07 yr
#      Z   log(age/yr)   M_ini      M_act   logL/Lo   logTe   logG   mbol    U       B       V       R       I       J       H       K   int_IMF   stage
   0.001340   7.8500   0.09000000   0.0900   -2.5187   3.5015   4.8688   11.067   16.733   14.923   13.128   11.815   10.488   9.225   8.693   8.465   1.46765435   0
   0.001340   7.8500   0.09432258   0.0943   -2.4856   3.5053   4.8713   10.984   16.528   14.756   12.980   11.689   10.397   9.154   8.617   8.389   1.51332808   0
   0.001340   7.8500   0.10000000   0.1000   -2.4417   3.5107   4.8744   10.874   16.245   14.530   12.778   11.520   10.277   9.060   8.517   8.289   1.57040203   0
   0.001340   7.8500   0.10455928   0.1046   -2.4119   3.5139   4.8766   10.800   16.074   14.390   12.654   11.412   10.196   8.994   8.448   8.221   1.61395335   0
   0.001340   7.8500   0.11539795   0.1154   -2.3424   3.5214   4.8802   10.626   15.673   14.064   12.364   11.161   10.010   8.842   8.289   8.063   1.70992100   0
   0.001340   7.8500   0.12000000   0.1200   -2.3145   3.5246   4.8822   10.556   15.513   13.933   12.250   11.062   9.935   8.781   8.225   8.000   1.74782515   0
   0.001340   7.8500   0.12364421   0.1236   -2.2948   3.5266   4.8833   10.507   15.408   13.846   12.174   10.994   9.882   8.737   8.180   7.955   1.77676761   0
   0.001340   7.8500   0.14000000   0.1400   -2.2092   3.5351   4.8858   10.293   14.965   13.477   11.850   10.707   9.656   8.547   7.983   7.760   1.89584959   0
   0.001340   7.8500   0.14295599   0.1430   -2.1957   3.5363   4.8862   10.259   14.898   13.421   11.801   10.663   9.621   8.516   7.952   7.729   1.91564059   0
   0.001340   7.8500   0.16000000   0.1600   -2.1191   3.5431   4.8855   10.068   14.534   13.113   11.530   10.419   9.421   8.344   7.775   7.553   2.02115250   0
   0.001340   7.8500   0.18766338   0.1877   -2.0143   3.5519   4.8851   9.806   14.057   12.704   11.169   10.092   9.150   8.106   7.532   7.312   2.16579366   0
   0.001340   7.8500   0.20000000   0.2000   -1.9713   3.5554   4.8841   9.698   13.865   12.540   11.024   9.960   9.040   8.009   7.433   7.214   2.22178221   0
   0.001340   7.8500   0.24543579   0.2454   -1.8381   3.5658   4.8812   9.365   13.294   12.048   10.586   9.560   8.700   7.705   7.124   6.907   2.39330769   0
   0.001340   7.8500   0.25000000   0.2500   -1.8261   3.5667   4.8809   9.335   13.243   12.004   10.547   9.524   8.669   7.678   7.096   6.880   2.40809011   0
   0.001340   7.8500   0.25243106   0.2524   -1.8197   3.5672   4.8807   9.319   13.216   11.981   10.526   9.505   8.653   7.664   7.081   6.865   2.41581082   0
   0.001340   7.8500   0.30000001   0.3000   -1.7026   3.5761   4.8741   9.026   12.732   11.559   10.151   9.162   8.354   7.395   6.809   6.597   2.54750419   0
   0.001340   7.8500   0.34999999   0.3500   -1.5822   3.5855   4.8583   8.726   12.232   11.127   9.769   8.815   8.049   7.120   6.531   6.323   2.65552020   0
   0.001340   7.8500   0.40000001   0.4000   -1.4499   3.5972   4.8308   8.395   11.666   10.639   9.344   8.435   7.714   6.821   6.226   6.029   2.74133730   0
   0.001340   7.8500   0.44999999   0.4500   -1.2872   3.6169   4.7981   7.988   10.892   9.980   8.794   7.959   7.301   6.464   5.859   5.690   2.81098008   0
   0.001340   7.8500   0.45013925   0.4501   -1.2867   3.6170   4.7981   7.987   10.889   9.978   8.792   7.957   7.300   6.462   5.857   5.689   2.81115532   0
   0.001340   7.8500   0.49156421   0.4916   -1.1256   3.6437   4.7819   7.584   10.009   9.252   8.206   7.474   6.897   6.128   5.527   5.398   2.85948420   0
   0.001340   7.8500   0.50000000   0.5000   -1.0959   3.6491   4.7811   7.510   9.835   9.112   8.096   7.384   6.822   6.068   5.473   5.351   2.86847806   0
   0.001340   7.8500   0.51927644   0.5193   -1.0307   3.6626   4.7863   7.347   9.415   8.792   7.844   7.184   6.660   5.945   5.373   5.263   2.88804746   0
   0.001340   7.8500   0.54846382   0.5485   -0.9649   3.6749   4.7938   7.182   9.017   8.497   7.604   6.992   6.498   5.820   5.274   5.175   2.91527510   0
   0.001340   7.8500   0.55000001   0.5500   -0.9619   3.6754   4.7938   7.175   9.000   8.485   7.594   6.984   6.491   5.814   5.269   5.170   2.91663504   0
   0.001340   7.8500   0.56875938   0.5688   -0.9288   3.6799   4.7935   7.092   8.831   8.356   7.485   6.892   6.409   5.746   5.212   5.116   2.93269658   0
   0.001340   7.8500   0.60000002   0.6000   -0.8518   3.6900   4.7799   6.899   8.445   8.068   7.237   6.680   6.218   5.590   5.085   4.995   2.95739889   0
   0.001340   7.8500   0.60364652   0.6036   -0.8419   3.6914   4.7781   6.875   8.397   8.032   7.207   6.653   6.193   5.570   5.069   4.980   2.96012950   0
   0.001340   7.8500   0.64999998   0.6500   -0.6915   3.7139   4.7500   6.499   7.659   7.484   6.741   6.252   5.832   5.279   4.837   4.760   2.99236870   0
   0.001340   7.8500   0.69999999   0.7000   -0.5380   3.7382   4.7259   6.115   6.960   6.950   6.292   5.859   5.477   4.994   4.608   4.544   3.02253795   0
   0.001340   7.8500   0.75000000   0.7500   -0.3952   3.7608   4.7036   5.758   6.372   6.475   5.898   5.509   5.161   4.737   4.396   4.344   3.04879928   0
   0.001340   7.8500   0.75391161   0.7539   -0.3847   3.7622   4.7008   5.732   6.334   6.443   5.871   5.484   5.138   4.717   4.379   4.327   3.05071115   1
   0.001340   7.8500   0.80000001   0.8000   -0.2661   3.7781   4.6715   5.435   5.908   6.076   5.558   5.203   4.881   4.499   4.188   4.145   3.07187057   1
   0.001340   7.8500   0.85000002   0.8500   -0.1445   3.7931   4.6362   5.131   5.507   5.708   5.245   4.925   4.629   4.274   3.980   3.953   3.09222293   1
   0.001340   7.8500   0.89999998   0.9000   -0.0293   3.8066   4.5999   4.843   5.155   5.369   4.950   4.657   4.382   4.056   3.783   3.764   3.11026096   1
   0.001340   7.8500   0.94999999   0.9500   0.0805   3.8194   4.5650   4.569   4.840   5.051   4.668   4.398   4.143   3.846   3.599   3.584   3.12635612   1
   0.001340   7.8500   1.00000000   1.0000   0.1841   3.8320   4.5339   4.310   4.552   4.750   4.401   4.154   3.919   3.651   3.428   3.417   3.14080405   1
   0.001340   7.8500   1.04999995   1.0500   0.2818   3.8449   4.5092   4.066   4.289   4.465   4.148   3.924   3.711   3.473   3.277   3.267   3.15380883   1
   0.001340   7.8500   1.10000002   1.1000   0.3727   3.8587   4.4934   3.838   4.048   4.196   3.911   3.713   3.524   3.316   3.148   3.140   3.16554141   1
   0.001340   7.8500   1.14999998   1.1500   0.4589   3.8742   4.4884   3.623   3.824   3.938   3.685   3.516   3.355   3.182   3.045   3.038   3.17617631   1
   0.001340   7.8500   1.20000005   1.2000   0.5398   3.8913   4.4947   3.420   3.616   3.691   3.474   3.338   3.209   3.072   2.969   2.962   3.18585706   1
   0.001340   7.8500   1.25000000   1.2500   0.6170   3.9086   4.5044   3.227   3.421   3.460   3.278   3.176   3.078   2.977   2.904   2.898   3.19470429   1
   0.001340   7.8500   1.29999995   1.3000   0.6898   3.9252   4.5150   3.046   3.241   3.250   3.105   3.034   2.965   2.894   2.846   2.840   3.20280719   1
   0.001340   7.8500   1.35000002   1.3500   0.7597   3.9412   4.5254   2.871   3.073   3.066   2.957   2.913   2.866   2.822   2.792   2.787   3.21023273   1
   0.001340   7.8500   1.35214043   1.3521   0.7627   3.9419   4.5258   2.863   3.066   3.059   2.952   2.908   2.863   2.819   2.790   2.785   3.21053672   1
   0.001340   7.8500   1.39999998   1.4000   0.8272   3.9567   4.5355   2.702   2.912   2.908   2.830   2.805   2.778   2.756   2.740   2.737   3.21705914   1
   0.001340   7.8500   1.45000005   1.4500   0.8916   3.9710   4.5436   2.541   2.758   2.769   2.716   2.706   2.694   2.691   2.687   2.686   3.22335362   1
   0.001340   7.8500   1.50000000   1.5000   0.9537   3.9849   4.5518   2.386   2.611   2.647   2.614   2.616   2.617   2.631   2.635   2.637   3.22917390   1
   0.001340   7.8500   1.51823723   1.5182   0.9755   3.9897   4.5546   2.331   2.559   2.605   2.580   2.584   2.589   2.610   2.616   2.619   3.23118877   1
   0.001340   7.8500   1.54999995   1.5500   1.0130   3.9980   4.5595   2.237   2.470   2.536   2.522   2.532   2.544   2.574   2.584   2.589   3.23456979   1
   0.001340   7.8500   1.60000002   1.6000   1.0698   4.0105   4.5661   2.095   2.336   2.436   2.439   2.455   2.474   2.518   2.533   2.542   3.23958373   1
   0.001340   7.8500   1.64999998   1.6500   1.1245   4.0223   4.5722   1.959   2.211   2.344   2.361   2.383   2.408   2.465   2.484   2.495   3.24424219   1
   0.001340   7.8500   1.70000005   1.7000   1.1771   4.0335   4.5774   1.827   2.093   2.258   2.287   2.313   2.344   2.412   2.436   2.449   3.24857616   1
   0.001340   7.8500   1.75000000   1.7500   1.2279   4.0441   4.5815   1.700   1.982   2.177   2.217   2.246   2.282   2.361   2.387   2.403   3.25261688   1
   0.001340   7.8500   1.79999995   1.8000   1.2770   4.0541   4.5847   1.578   1.876   2.100   2.148   2.181   2.220   2.309   2.338   2.357   3.25639176   1
   0.001340   7.8500   1.83251560   1.8325   1.3079   4.0602   4.5862   1.500   1.809   2.051   2.104   2.139   2.181   2.276   2.306   2.327   3.25871563   1
   0.001340   7.8500   1.85000002   1.8500   1.3243   4.0635   4.5869   1.459   1.774   2.025   2.081   2.117   2.160   2.258   2.289   2.311   3.25992513   1
   0.001340   7.8500   1.89999998   1.9000   1.3700   4.0723   4.5881   1.345   1.677   1.953   2.016   2.054   2.100   2.206   2.240   2.264   3.26323819   1
   0.001340   7.8500   1.90548587   1.9055   1.3749   4.0733   4.5881   1.333   1.667   1.945   2.009   2.047   2.094   2.201   2.235   2.259   3.26358914   1
   0.001340   7.8500   1.95000005   1.9500   1.4143   4.0807   4.5887   1.234   1.584   1.883   1.952   1.993   2.042   2.156   2.192   2.217   3.26635003   1
   0.001340   7.8500   1.99164057   1.9916   1.4500   4.0873   4.5886   1.145   1.510   1.827   1.900   1.942   1.994   2.114   2.151   2.178   3.26880026   1
   0.001340   7.8500   2.00000000   2.0000   1.4570   4.0886   4.5886   1.127   1.495   1.815   1.889   1.932   1.985   2.105   2.143   2.170   3.26927757   1
   0.001340   7.8500   2.01739001   2.0174   1.4716   4.0913   4.5884   1.091   1.464   1.792   1.868   1.912   1.965   2.088   2.126   2.154   3.27025461   1
   0.001340   7.8500   2.04999995   2.0500   1.4987   4.0962   4.5879   1.023   1.408   1.749   1.828   1.873   1.928   2.055   2.095   2.124   3.27203131   1
   0.001340   7.8500   2.08242774   2.0824   1.5253   4.1010   4.5874   0.957   1.354   1.707   1.789   1.835   1.892   2.023   2.064   2.094   3.27372956   1
   0.001340   7.8500   2.09999990   2.1000   1.5395   4.1036   4.5872   0.921   1.324   1.684   1.768   1.815   1.872   2.006   2.047   2.078   3.27462268   1
   0.001340   7.8500   2.15000010   2.1500   1.5791   4.1105   4.5855   0.822   1.242   1.621   1.709   1.757   1.817   1.956   2.000   2.031   3.27706480   1
   0.001340   7.8500   2.20000005   2.2000   1.6178   4.1173   4.5838   0.725   1.164   1.559   1.651   1.700   1.763   1.908   1.953   1.985   3.27936959   1
   0.001340   7.8500   2.25000000   2.2500   1.6557   4.1238   4.5818   0.631   1.087   1.498   1.594   1.645   1.710   1.860   1.906   1.940   3.28154731   1
   0.001340   7.8500   2.29999995   2.3000   1.6928   4.1302   4.5795   0.538   1.011   1.439   1.538   1.590   1.657   1.812   1.859   1.895   3.28360772   1
   0.001340   7.8500   2.34999990   2.3500   1.7291   4.1364   4.5774   0.447   0.938   1.380   1.483   1.537   1.606   1.766   1.814   1.852   3.28555942   1
   0.001340   7.8500   2.40000010   2.4000   1.7646   4.1423   4.5749   0.358   0.866   1.322   1.429   1.484   1.555   1.720   1.770   1.808   3.28741050   1
   0.001340   7.8500   2.59661174   2.5966   1.8975   4.1638   4.5620   0.026   0.598   1.104   1.222   1.283   1.361   1.541   1.596   1.638   3.29383540   1
   0.001340   7.8500   2.59999990   2.6000   1.8997   4.1641   4.5617   0.021   0.593   1.100   1.219   1.279   1.357   1.538   1.593   1.635   3.29393530   1
   0.001340   7.8500   2.73457766   2.7346   1.9852   4.1773   4.5511   -0.193   0.421   0.957   1.083   1.147   1.229   1.419   1.477   1.522   3.29764485   1
   0.001340   7.8500   2.79999995   2.8000   2.0256   4.1835   4.5456   -0.294   0.340   0.889   1.019   1.084   1.168   1.363   1.422   1.467   3.29928207   1
   0.001340   7.8500   2.86920476   2.8692   2.0672   4.1897   4.5394   -0.398   0.257   0.819   0.952   1.019   1.104   1.303   1.364   1.411   3.30090928   1
   0.001340   7.8500   3.00000000   3.0000   2.1437   4.2009   4.5270   -0.589   0.103   0.688   0.827   0.897   0.986   1.192   1.255   1.304   3.30372047   1
   0.001340   7.8500   3.01983833   3.0198   2.1550   4.2025   4.5250   -0.617   0.080   0.669   0.809   0.878   0.968   1.176   1.239   1.288   3.30411959   1
   0.001340   7.8500   3.15606546   3.1561   2.2309   4.2131   4.5108   -0.807   -0.073   0.537   0.682   0.755   0.848   1.063   1.128   1.178   3.30668402   1
   0.001340   7.8500   3.20000005   3.2000   2.2548   4.2164   4.5059   -0.867   -0.122   0.494   0.642   0.715   0.809   1.026   1.092   1.143   3.30745077   1
   0.001340   7.8500   3.27631187   3.2763   2.2957   4.2219   4.4973   -0.969   -0.205   0.422   0.573   0.647   0.743   0.964   1.031   1.083   3.30871630   1
   0.001340   7.8500   3.40000010   3.4000   2.3607   4.2304   4.4825   -1.132   -0.338   0.306   0.461   0.537   0.636   0.862   0.931   0.985   3.31060600   1
   0.001340   7.8500   3.53093433   3.5309   2.4275   4.2390   4.4664   -1.299   -0.474   0.186   0.346   0.424   0.525   0.757   0.827   0.883   3.31241322   1
   0.001340   7.8500   3.59999990   3.6000   2.4625   4.2432   4.4567   -1.386   -0.547   0.121   0.283   0.362   0.465   0.700   0.771   0.827   3.31329536   1
   0.001340   7.8500   3.73478007   3.7348   2.5291   4.2509   4.4369   -1.553   -0.687   -0.003   0.163   0.244   0.348   0.588   0.661   0.718   3.31489086   1
   0.001340   7.8500   3.79999995   3.8000   2.5610   4.2545   4.4267   -1.632   -0.754   -0.064   0.104   0.186   0.291   0.534   0.607   0.666   3.31560802   1
   0.001340   7.8500   3.84751821   3.8475   2.5838   4.2570   4.4192   -1.690   -0.802   -0.108   0.062   0.144   0.250   0.494   0.569   0.627   3.31611013   1
   0.001340   7.8500   4.00000000   4.0000   2.6565   4.2644   4.3934   -1.871   -0.958   -0.249   -0.076   0.009   0.117   0.366   0.442   0.502   3.31761289   1
   0.001340   7.8500   4.03211164   4.0321   2.6715   4.2660   4.3879   -1.909   -0.990   -0.279   -0.104   -0.020   0.089   0.339   0.415   0.475   3.31790948   1
   0.001340   7.8500   4.16707420   4.1671   2.7344   4.2718   4.3627   -2.066   -1.128   -0.404   -0.227   -0.141   -0.030   0.223   0.300   0.362   3.31908655   1
   0.001340   7.8500   4.19999981   4.2000   2.7498   4.2732   4.3560   -2.105   -1.162   -0.436   -0.257   -0.171   -0.060   0.194   0.271   0.333   3.31935763   1
   0.001340   7.8500   4.25494432   4.2549   2.7752   4.2753   4.3449   -2.168   -1.218   -0.488   -0.308   -0.222   -0.110   0.146   0.223   0.286   3.31979680   1
   0.001340   7.8500   4.38294315   4.3829   2.8346   4.2797   4.3158   -2.317   -1.352   -0.613   -0.431   -0.344   -0.231   0.028   0.106   0.169   3.32076025   1
   0.001340   7.8500   4.40000010   4.4000   2.8425   4.2802   4.3117   -2.336   -1.370   -0.630   -0.448   -0.360   -0.247   0.012   0.090   0.154   3.32088280   1
   0.001340   7.8500   4.40602350   4.4060   2.8452   4.2804   4.3103   -2.343   -1.376   -0.636   -0.453   -0.366   -0.253   0.006   0.085   0.148   3.32092571   1
   0.001340   7.8500   4.51105785   4.5111   2.8933   4.2833   4.2842   -2.463   -1.487   -0.741   -0.556   -0.468   -0.355   -0.093   -0.014   0.049   3.32164836   1
   0.001340   7.8500   4.59999990   4.6000   2.9340   4.2854   4.2604   -2.565   -1.583   -0.832   -0.646   -0.557   -0.443   -0.181   -0.101   -0.037   3.32222414   1
   0.001340   7.8500   4.61061144   4.6106   2.9388   4.2857   4.2576   -2.577   -1.594   -0.843   -0.657   -0.568   -0.454   -0.191   -0.111   -0.047   3.32229066   1
   0.001340   7.8500   4.70032406   4.7003   2.9802   4.2872   4.2308   -2.681   -1.693   -0.939   -0.751   -0.662   -0.548   -0.284   -0.204   -0.140   3.32283688   1
   0.001340   7.8500   4.80000019   4.8000   3.0271   4.2881   4.1967   -2.798   -1.809   -1.052   -0.863   -0.774   -0.659   -0.395   -0.315   -0.250   3.32341027   1
   0.001340   7.8500   4.85334396   4.8533   3.0521   4.2885   4.1778   -2.860   -1.872   -1.113   -0.924   -0.835   -0.720   -0.456   -0.375   -0.311   3.32370377   1
   0.001340   7.8500   4.95766163   4.9577   3.1013   4.2882   4.1369   -2.983   -1.998   -1.239   -1.049   -0.960   -0.845   -0.581   -0.501   -0.436   3.32425165   1
   0.001340   7.8500   5.00000000   5.0000   3.1215   4.2878   4.1188   -3.034   -2.051   -1.292   -1.102   -1.013   -0.899   -0.634   -0.555   -0.490   3.32446504   1
   0.001340   7.8500   5.01653767   5.0165   3.1293   4.2877   4.1118   -3.053   -2.072   -1.313   -1.122   -1.034   -0.919   -0.655   -0.575   -0.511   3.32454681   1
   0.001340   7.8500   5.09928894   5.0993   3.1698   4.2857   4.0704   -3.155   -2.183   -1.426   -1.236   -1.148   -1.034   -0.771   -0.692   -0.627   3.32494521   1
   0.001340   7.8500   5.19999981   5.2000   3.2200   4.2819   4.0135   -3.280   -2.325   -1.574   -1.384   -1.297   -1.184   -0.923   -0.845   -0.781   3.32540512   1
   0.001340   7.8500   5.27140236   5.2714   3.2561   4.2782   3.9685   -3.370   -2.432   -1.685   -1.497   -1.411   -1.299   -1.041   -0.963   -0.900   3.32571554   1
   0.001340   7.8500   5.34966230   5.3497   3.2975   4.2722   3.9095   -3.474   -2.562   -1.823   -1.637   -1.553   -1.443   -1.188   -1.112   -1.049   3.32604218   1
   0.001340   7.8500   5.40000010   5.4000   3.3248   4.2676   3.8680   -3.542   -2.651   -1.917   -1.733   -1.650   -1.541   -1.289   -1.214   -1.152   3.32624483   1
   0.001340   7.8500   5.43764830   5.4376   3.3450   4.2641   3.8368   -3.592   -2.716   -1.988   -1.804   -1.722   -1.615   -1.365   -1.290   -1.229   3.32639289   1
   0.001340   7.8500   5.49548483   5.4955   3.3787   4.2577   3.7823   -3.677   -2.827   -2.108   -1.927   -1.846   -1.741   -1.495   -1.422   -1.362   3.32661462   1
   0.001340   7.8500   5.53645277   5.5365   3.4041   4.2552   3.7498   -3.740   -2.903   -2.186   -2.006   -1.926   -1.822   -1.577   -1.505   -1.445   3.32676744   1
   0.001340   7.8500   5.56297302   5.5630   3.4251   4.2625   3.7602   -3.793   -2.928   -2.199   -2.015   -1.934   -1.827   -1.578   -1.504   -1.443   3.32686472   1
   0.001340   7.8500   5.57294416   5.5729   3.4384   4.2735   3.7917   -3.826   -2.919   -2.172   -1.983   -1.899   -1.789   -1.533   -1.457   -1.394   3.32690096   1
   0.001340   7.8500   5.57646513   5.5765   3.4510   4.2851   3.8258   -3.858   -2.906   -2.140   -1.946   -1.859   -1.746   -1.482   -1.403   -1.339   3.32691360   1
   0.001340   7.8500   5.57794666   5.5779   3.4659   4.2957   3.8533   -3.895   -2.903   -2.119   -1.921   -1.832   -1.715   -1.445   -1.364   -1.297   3.32691908   1
   0.001340   7.8500   5.57887697   5.5789   3.4823   4.3052   3.8748   -3.936   -2.908   -2.109   -1.907   -1.815   -1.696   -1.420   -1.337   -1.269   3.32692242   2
   0.001340   7.8500   5.57935333   5.5794   3.4558   4.2946   3.8590   -3.870   -2.881   -2.100   -1.903   -1.813   -1.697   -1.428   -1.347   -1.280   3.32692409   2
   0.001340   7.8500   5.57965994   5.5797   3.4445   4.2826   3.8227   -3.841   -2.899   -2.137   -1.945   -1.858   -1.745   -1.483   -1.405   -1.341   3.32692504   2
   0.001340   7.8500   5.57996178   5.5800   3.4511   4.2709   3.7693   -3.858   -2.962   -2.218   -2.030   -1.947   -1.838   -1.583   -1.507   -1.445   3.32692623   2
   0.001340   7.8500   5.58029175   5.5803   3.4675   4.2591   3.7054   -3.899   -3.051   -2.325   -2.142   -2.062   -1.957   -1.709   -1.636   -1.575   3.32692742   2
   0.001340   7.8500   5.58064508   5.5806   3.4845   4.2471   3.6404   -3.941   -3.141   -2.434   -2.256   -2.179   -2.077   -1.837   -1.766   -1.708   3.32692862   2
   0.001340   7.8500   5.58101177   5.5810   3.4983   4.2350   3.5782   -3.976   -3.222   -2.536   -2.362   -2.288   -2.191   -1.959   -1.890   -1.834   3.32693005   2
   0.001340   7.8500   5.58138561   5.5814   3.5090   4.2228   3.5189   -4.003   -3.296   -2.630   -2.461   -2.390   -2.297   -2.073   -2.007   -1.953   3.32693148   2
   0.001340   7.8500   5.58176184   5.5818   3.5176   4.2106   3.4614   -4.024   -3.365   -2.718   -2.554   -2.487   -2.398   -2.182   -2.119   -2.067   3.32693267   2
   0.001340   7.8500   5.58213425   5.5821   3.5244   4.1983   3.4054   -4.041   -3.429   -2.802   -2.644   -2.580   -2.495   -2.288   -2.228   -2.178   3.32693410   2
   0.001340   7.8500   5.58249998   5.5825   3.5299   4.1859   3.3505   -4.055   -3.488   -2.882   -2.730   -2.670   -2.590   -2.391   -2.334   -2.286   3.32693529   2
   0.001340   7.8500   5.58285475   5.5829   3.5344   4.1735   3.2965   -4.066   -3.545   -2.961   -2.814   -2.758   -2.682   -2.491   -2.438   -2.391   3.32693672   2
   0.001340   7.8500   5.58319569   5.5832   3.5380   4.1611   3.2433   -4.075   -3.598   -3.036   -2.895   -2.842   -2.771   -2.589   -2.539   -2.495   3.32693791   2
   0.001340   7.8500   5.58352232   5.5835   3.5409   4.1486   3.1906   -4.082   -3.649   -3.110   -2.974   -2.925   -2.859   -2.686   -2.638   -2.597   3.32693911   2
   0.001340   7.8500   5.58383226   5.5838   3.5431   4.1362   3.1387   -4.088   -3.697   -3.181   -3.051   -3.006   -2.944   -2.781   -2.736   -2.696   3.32694030   2
   0.001340   7.8500   5.58412552   5.5841   3.5448   4.1238   3.0872   -4.092   -3.741   -3.251   -3.126   -3.085   -3.028   -2.874   -2.833   -2.795   3.32694125   2
   0.001340   7.8500   5.58440256   5.5844   3.5460   4.1113   3.0363   -4.095   -3.784   -3.318   -3.200   -3.161   -3.110   -2.965   -2.928   -2.892   3.32694221   2
   0.001340   7.8500   5.58466196   5.5847   3.5467   4.0989   2.9858   -4.097   -3.823   -3.384   -3.271   -3.237   -3.190   -3.055   -3.021   -2.987   3.32694316   2
   0.001340   7.8500   5.58490562   5.5849   3.5471   4.0865   2.9359   -4.098   -3.859   -3.447   -3.340   -3.310   -3.267   -3.143   -3.112   -3.081   3.32694411   2
   0.001340   7.8500   5.58513451   5.5851   3.5472   4.0741   2.8862   -4.098   -3.892   -3.508   -3.408   -3.380   -3.344   -3.230   -3.203   -3.174   3.32694483   2
   0.001340   7.8500   5.58534861   5.5853   3.5469   4.0617   2.8369   -4.097   -3.921   -3.567   -3.473   -3.449   -3.418   -3.316   -3.292   -3.265   3.32694554   2
   0.001340   7.8500   5.58554935   5.5855   3.5463   4.0493   2.7880   -4.096   -3.947   -3.624   -3.537   -3.516   -3.490   -3.400   -3.380   -3.355   3.32694626   2
   0.001340   7.8500   5.58573675   5.5857   3.5454   4.0370   2.7395   -4.094   -3.970   -3.679   -3.598   -3.581   -3.561   -3.482   -3.467   -3.444   3.32694697   2
   0.001340   7.8500   5.58591223   5.5859   3.5443   4.0246   2.6912   -4.091   -3.989   -3.733   -3.658   -3.644   -3.630   -3.563   -3.552   -3.532   3.32694769   2
   0.001340   7.8500   5.58607626   5.5861   3.5430   4.0123   2.6433   -4.088   -4.005   -3.784   -3.715   -3.706   -3.696   -3.643   -3.636   -3.618   3.32694817   2
   0.001340   7.8500   5.58623028   5.5862   3.5415   4.0000   2.5957   -4.084   -4.017   -3.833   -3.770   -3.765   -3.761   -3.722   -3.719   -3.704   3.32694888   2
   0.001340   7.8500   5.58637428   5.5864   3.5398   3.9878   2.5484   -4.079   -4.024   -3.880   -3.823   -3.821   -3.823   -3.799   -3.801   -3.789   3.32694936   2
   0.001340   7.8500   5.58650923   5.5865   3.5379   3.9755   2.5014   -4.075   -4.026   -3.923   -3.873   -3.874   -3.883   -3.875   -3.881   -3.872   3.32694983   2
   0.001340   7.8500   5.58663607   5.5866   3.5358   3.9633   2.4547   -4.070   -4.021   -3.959   -3.920   -3.925   -3.940   -3.949   -3.961   -3.955   3.32695031   2
   0.001340   7.8500   5.58675528   5.5868   3.5336   3.9511   2.4081   -4.064   -4.011   -3.991   -3.962   -3.973   -3.996   -4.023   -4.040   -4.038   3.32695079   2
   0.001340   7.8500   5.58686829   5.5869   3.5312   3.9390   2.3618   -4.058   -3.995   -4.017   -3.999   -4.017   -4.049   -4.095   -4.119   -4.121   3.32695103   2
   0.001340   7.8500   5.58697414   5.5870   3.5286   3.9268   2.3156   -4.052   -3.973   -4.033   -4.031   -4.057   -4.100   -4.166   -4.198   -4.204   3.32695150   2
   0.001340   7.8500   5.58707380   5.5871   3.5260   3.9146   2.2696   -4.045   -3.946   -4.038   -4.054   -4.092   -4.148   -4.235   -4.278   -4.287   3.32695174   2
   0.001340   7.8500   5.58716774   5.5872   3.5231   3.9024   2.2237   -4.038   -3.913   -4.032   -4.070   -4.123   -4.193   -4.303   -4.358   -4.370   3.32695222   2
   0.001340   7.8500   5.58725548   5.5873   3.5202   3.8903   2.1783   -4.031   -3.875   -4.016   -4.078   -4.148   -4.236   -4.369   -4.438   -4.453   3.32695246   2
   0.001340   7.8500   5.58733892   5.5873   3.5172   3.8781   2.1326   -4.023   -3.833   -3.984   -4.076   -4.168   -4.275   -4.433   -4.520   -4.538   3.32695270   2
   0.001340   7.8500   5.58741665   5.5874   3.5140   3.8661   2.0875   -4.015   -3.788   -3.943   -4.070   -4.185   -4.313   -4.496   -4.602   -4.622   3.32695317   2
   0.001340   7.8500   5.58748960   5.5875   3.5107   3.8540   2.0425   -4.007   -3.739   -3.891   -4.059   -4.199   -4.349   -4.557   -4.684   -4.706   3.32695341   2
   0.001340   7.8500   5.58755875   5.5876   3.5072   3.8419   1.9977   -3.998   -3.689   -3.830   -4.044   -4.211   -4.383   -4.617   -4.767   -4.790   3.32695365   2
   0.001340   7.8500   5.58762360   5.5876   3.5036   3.8299   1.9531   -3.989   -3.638   -3.767   -4.024   -4.218   -4.413   -4.675   -4.848   -4.873   3.32695389   2
   0.001340   7.8500   5.58768511   5.5877   3.4999   3.8179   1.9089   -3.980   -3.582   -3.701   -3.999   -4.220   -4.439   -4.728   -4.928   -4.956   3.32695413   2
   0.001340   7.8500   5.58774328   5.5877   3.4960   3.8059   1.8647   -3.970   -3.522   -3.632   -3.972   -4.220   -4.462   -4.781   -5.008   -5.037   3.32695436   2
   0.001340   7.8500   5.58779812   5.5878   3.4920   3.7940   1.8214   -3.960   -3.457   -3.554   -3.939   -4.216   -4.481   -4.829   -5.083   -5.116   3.32695436   2
   0.001340   7.8500   5.58785057   5.5879   3.4877   3.7821   1.7781   -3.949   -3.388   -3.464   -3.897   -4.207   -4.495   -4.874   -5.155   -5.194   3.32695460   2
   0.001340   7.8500   5.58790016   5.5879   3.4832   3.7704   1.7358   -3.938   -3.294   -3.376   -3.859   -4.199   -4.511   -4.923   -5.236   -5.277   3.32695484   2
   0.001340   7.8500   5.58794832   5.5879   3.4783   3.7590   1.6950   -3.926   -3.204   -3.293   -3.822   -4.186   -4.520   -4.963   -5.305   -5.350   3.32695508   2
   0.001340   7.8500   5.58799601   5.5880   3.4728   3.7481   1.6567   -3.912   -3.105   -3.208   -3.783   -4.171   -4.525   -4.997   -5.366   -5.415   3.32695508   2
   0.001340   7.8500   5.58804750   5.5880   3.4663   3.7374   1.6205   -3.896   -2.993   -3.116   -3.739   -4.150   -4.524   -5.027   -5.424   -5.477   3.32695532   2
   0.001340   7.8500   5.58811331   5.5881   3.4565   3.7264   1.5863   -3.871   -2.855   -3.008   -3.683   -4.119   -4.514   -5.048   -5.475   -5.532   3.32695556   2
   0.001340   7.8500   5.58821297   5.5882   3.4397   3.7153   1.5586   -3.829   -2.684   -2.875   -3.606   -4.067   -4.483   -5.051   -5.508   -5.569   3.32695603   2
   0.001340   7.8500   5.58836842   5.5884   3.4151   3.7039   1.5376   -3.768   -2.478   -2.716   -3.505   -3.992   -4.429   -5.033   -5.523   -5.588   3.32695651   2
   0.001340   7.8500   5.58846855   5.5885   3.4059   3.6975   1.5215   -3.745   -2.368   -2.637   -3.458   -3.959   -4.409   -5.033   -5.542   -5.608   3.32695675   3
   0.001340   7.8500   5.58857822   5.5886   3.4246   3.6905   1.4747   -3.792   -2.306   -2.617   -3.475   -3.994   -4.458   -5.106   -5.636   -5.704   3.32695723   3
   0.001340   7.8500   5.58868599   5.5887   3.4634   3.6835   1.4078   -3.888   -2.283   -2.644   -3.540   -4.076   -4.555   -5.227   -5.779   -5.850   3.32695770   3
   0.001340   7.8500   5.58877516   5.5888   3.5073   3.6780   1.3421   -3.998   -2.293   -2.697   -3.624   -4.174   -4.664   -5.356   -5.925   -5.997   3.32695794   3
   0.001340   7.8500   5.58887672   5.5889   3.5514   3.6734   1.2794   -4.108   -2.311   -2.757   -3.710   -4.273   -4.774   -5.482   -6.065   -6.139   3.32695842   3
   0.001340   7.8500   5.58907652   5.5891   3.5944   3.6689   1.2187   -4.216   -2.328   -2.815   -3.794   -4.369   -4.880   -5.604   -6.201   -6.277   3.32695913   3
   0.001340   7.8500   5.58963537   5.5896   3.6443   3.6640   1.1492   -4.341   -2.344   -2.882   -3.890   -4.481   -5.002   -5.744   -6.357   -6.434   3.32696104   3
   0.001340   7.8500   5.59145594   5.5915   3.6908   3.6598   1.0858   -4.457   -2.364   -2.947   -3.981   -4.585   -5.116   -5.874   -6.500   -6.579   3.32696748   4
   0.001340   7.8500   5.59638786   5.5964   3.6838   3.6608   1.0973   -4.440   -2.370   -2.942   -3.970   -4.570   -5.100   -5.853   -6.476   -6.555   3.32698536   4
   0.001340   7.8500   5.62759447   5.6276   3.6531   3.6670   1.1551   -4.363   -2.423   -2.936   -3.929   -4.511   -5.026   -5.758   -6.361   -6.437   3.32709599   4
   0.001340   7.8500   5.66542292   5.6654   3.6316   3.6753   1.2127   -4.309   -2.531   -2.973   -3.921   -4.479   -4.976   -5.678   -6.254   -6.327   3.32722783   5
   0.001340   7.8500   5.67694092   5.6769   3.6450   3.6832   1.2321   -4.342   -2.700   -3.087   -3.993   -4.532   -5.012   -5.686   -6.236   -6.307   3.32726741   5
   0.001340   7.8500   5.67996693   5.6800   3.6587   3.6905   1.2475   -4.377   -2.848   -3.192   -4.061   -4.583   -5.048   -5.696   -6.223   -6.291   3.32727790   5
   0.001340   7.8500   5.68139219   5.6814   3.6659   3.6976   1.2691   -4.395   -2.973   -3.278   -4.109   -4.613   -5.064   -5.688   -6.194   -6.260   3.32728267   5
   0.001340   7.8500   5.68251085   5.6825   3.6696   3.7071   1.3035   -4.404   -3.117   -3.375   -4.155   -4.637   -5.069   -5.662   -6.140   -6.203   3.32728648   5
   0.001340   7.8500   5.68348265   5.6835   3.6719   3.7166   1.3393   -4.410   -3.247   -3.464   -4.195   -4.654   -5.067   -5.631   -6.081   -6.142   3.32728982   5
   0.001340   7.8500   5.68439722   5.6844   3.6739   3.7249   1.3705   -4.415   -3.350   -3.539   -4.227   -4.667   -5.064   -5.602   -6.030   -6.087   3.32729292   5
   0.001340   7.8500   5.68539190   5.6854   3.6759   3.7325   1.3989   -4.420   -3.439   -3.604   -4.255   -4.677   -5.060   -5.575   -5.983   -6.038   3.32729626   5
   0.001340   7.8500   5.68650627   5.6865   3.6781   3.7399   1.4262   -4.425   -3.519   -3.666   -4.281   -4.687   -5.055   -5.550   -5.938   -5.990   3.32730007   5
   0.001340   7.8500   5.68772507   5.6877   3.6807   3.7473   1.4536   -4.432   -3.591   -3.726   -4.307   -4.696   -5.051   -5.524   -5.892   -5.942   3.32730436   5
   0.001340   7.8500   5.68905878   5.6891   3.6839   3.7552   1.4819   -4.440   -3.662   -3.788   -4.335   -4.706   -5.046   -5.498   -5.846   -5.893   3.32730889   5
   0.001340   7.8500   5.69049072   5.6905   3.6882   3.7636   1.5114   -4.450   -3.735   -3.854   -4.365   -4.718   -5.042   -5.472   -5.798   -5.842   3.32731366   5
   0.001340   7.8500   5.69206095   5.6921   3.6926   3.7725   1.5425   -4.462   -3.810   -3.922   -4.396   -4.729   -5.035   -5.440   -5.743   -5.785   3.32731915   5
   0.001340   7.8500   5.69374275   5.6937   3.6971   3.7823   1.5774   -4.473   -3.895   -3.999   -4.430   -4.736   -5.022   -5.400   -5.676   -5.716   3.32732487   5
   0.001340   7.8500   5.69555759   5.6956   3.7014   3.7930   1.6163   -4.483   -3.963   -4.085   -4.469   -4.745   -5.009   -5.358   -5.610   -5.645   3.32733107   5
   0.001340   7.8500   5.69804287   5.6980   3.7059   3.8082   1.6726   -4.495   -4.050   -4.184   -4.509   -4.748   -4.982   -5.293   -5.511   -5.541   3.32733941   5
   0.001340   7.8500   5.70021868   5.7002   3.7094   3.8210   1.7204   -4.503   -4.116   -4.257   -4.535   -4.744   -4.954   -5.235   -5.423   -5.451   3.32734680   5
   0.001340   7.8500   5.70253611   5.7025   3.7128   3.8338   1.7683   -4.512   -4.177   -4.327   -4.558   -4.737   -4.922   -5.174   -5.336   -5.361   3.32735467   5
   0.001340   7.8500   5.70492029   5.7049   3.7161   3.8459   1.8136   -4.520   -4.232   -4.390   -4.574   -4.727   -4.889   -5.114   -5.253   -5.276   3.32736278   5
   0.001340   7.8500   5.70728683   5.7073   3.7192   3.8569   1.8550   -4.528   -4.280   -4.444   -4.588   -4.716   -4.857   -5.058   -5.177   -5.198   3.32737064   5
   0.001340   7.8500   5.71013498   5.7101   3.7227   3.8693   1.9011   -4.537   -4.332   -4.493   -4.597   -4.700   -4.821   -4.995   -5.094   -5.113   3.32738042   5
   0.001340   7.8500   5.71291876   5.7129   3.7260   3.8802   1.9416   -4.545   -4.375   -4.528   -4.603   -4.685   -4.788   -4.940   -5.022   -5.039   3.32738972   5
   0.001340   7.8500   5.71555328   5.7156   3.7290   3.8897   1.9768   -4.552   -4.410   -4.552   -4.604   -4.671   -4.759   -4.891   -4.960   -4.975   3.32739854   5
   0.001340   7.8500   5.71727324   5.7173   3.7309   3.8957   1.9990   -4.557   -4.432   -4.561   -4.602   -4.660   -4.739   -4.860   -4.921   -4.934   3.32740426   5
   0.001340   7.8500   5.72111368   5.7211   3.7349   3.9078   2.0438   -4.567   -4.473   -4.573   -4.592   -4.635   -4.698   -4.796   -4.845   -4.854   3.32741714   5
   0.001340   7.8500   5.72596550   5.7260   3.7398   3.9215   2.0940   -4.579   -4.513   -4.574   -4.573   -4.602   -4.651   -4.723   -4.760   -4.766   3.32743359   5
   0.001340   7.8500   5.73173904   5.7317   3.7453   3.9357   2.1459   -4.593   -4.546   -4.561   -4.543   -4.564   -4.600   -4.648   -4.675   -4.676   3.32745266   5
   0.001340   7.8500   5.73777294   5.7378   3.7507   3.9485   2.1922   -4.607   -4.571   -4.539   -4.511   -4.526   -4.553   -4.580   -4.600   -4.598   3.32747293   5
   0.001340   7.8500   5.74450970   5.7445   3.7564   3.9606   2.2351   -4.621   -4.590   -4.515   -4.479   -4.488   -4.508   -4.517   -4.531   -4.526   3.32749510   5
   0.001340   7.8500   5.75339794   5.7534   3.7636   3.9726   2.2768   -4.639   -4.607   -4.489   -4.445   -4.451   -4.464   -4.457   -4.466   -4.457   3.32752466   5
   0.001340   7.8500   5.76532221   5.7653   3.7731   3.9826   2.3082   -4.663   -4.627   -4.474   -4.424   -4.427   -4.436   -4.415   -4.420   -4.409   3.32756376   5
   0.001340   7.8500   5.78080654   5.7808   3.7845   3.9917   2.3345   -4.691   -4.650   -4.466   -4.411   -4.412   -4.416   -4.383   -4.385   -4.371   3.32761431   6
   0.001340   7.8500   5.78985167   5.7899   3.7904   3.9862   2.3069   -4.706   -4.669   -4.503   -4.451   -4.454   -4.461   -4.435   -4.439   -4.427   3.32764363   6
   0.001340   7.8500   5.79842806   5.7984   3.7965   3.9762   2.2615   -4.721   -4.690   -4.557   -4.511   -4.516   -4.529   -4.516   -4.524   -4.514   3.32767153   6
   0.001340   7.8500   5.80544043   5.8054   3.8013   3.9658   2.2156   -4.733   -4.705   -4.607   -4.568   -4.576   -4.594   -4.595   -4.608   -4.600   3.32769394   6
   0.001340   7.8500   5.80856609   5.8086   3.8054   3.9635   2.2026   -4.744   -4.716   -4.626   -4.588   -4.597   -4.616   -4.620   -4.634   -4.627   3.32770395   6
   0.001340   7.8500   5.80902767   5.8090   3.8047   3.9660   2.2132   -4.742   -4.714   -4.615   -4.576   -4.584   -4.602   -4.603   -4.615   -4.607   3.32770538   6
   0.001340   7.8500   5.81315374   5.8132   3.8055   3.9544   2.1664   -4.744   -4.715   -4.657   -4.625   -4.637   -4.661   -4.679   -4.696   -4.692   3.32771873   6
   0.001340   7.8500   5.81601429   5.8160   3.8069   3.9420   2.1157   -4.747   -4.712   -4.699   -4.675   -4.693   -4.725   -4.762   -4.785   -4.785   3.32772779   6
   0.001340   7.8500   5.81879187   5.8188   3.8077   3.9256   2.0495   -4.749   -4.695   -4.739   -4.731   -4.757   -4.802   -4.867   -4.901   -4.905   3.32773662   6
   0.001340   7.8500   5.82046843   5.8205   3.8079   3.9111   1.9915   -4.750   -4.669   -4.757   -4.768   -4.807   -4.866   -4.957   -5.002   -5.011   3.32774210   6
   0.001340   7.8500   5.82192373   5.8219   3.8076   3.8952   1.9282   -4.749   -4.629   -4.755   -4.795   -4.853   -4.932   -5.053   -5.115   -5.128   3.32774663   6
   0.001340   7.8500   5.82317972   5.8232   3.8068   3.8779   1.8600   -4.747   -4.575   -4.729   -4.807   -4.892   -4.998   -5.153   -5.238   -5.255   3.32775068   6
   0.001340   7.8500   5.82425737   5.8243   3.8052   3.8596   1.7883   -4.743   -4.509   -4.677   -4.806   -4.926   -5.062   -5.256   -5.370   -5.391   3.32775426   6
   0.001340   7.8500   5.82517433   5.8252   3.8024   3.8420   1.7210   -4.736   -4.436   -4.597   -4.790   -4.949   -5.117   -5.350   -5.495   -5.519   3.32775712   6
   0.001340   7.8500   5.82580614   5.8258   3.7992   3.8299   1.6758   -4.728   -4.378   -4.532   -4.773   -4.960   -5.151   -5.410   -5.578   -5.605   3.32775903   6
   0.001340   7.8500   5.82635784   5.8264   3.7948   3.8194   1.6382   -4.717   -4.321   -4.469   -4.750   -4.960   -5.172   -5.456   -5.647   -5.675   3.32776093   6
   0.001340   7.8500   5.82683897   5.8268   3.7900   3.8100   1.6054   -4.705   -4.266   -4.409   -4.725   -4.958   -5.188   -5.494   -5.706   -5.736   3.32776237   6
   0.001340   7.8500   5.82725716   5.8273   3.7856   3.8009   1.5734   -4.694   -4.211   -4.350   -4.700   -4.954   -5.202   -5.530   -5.763   -5.794   3.32776380   6
   0.001340   7.8500   5.82761717   5.8276   3.7829   3.7921   1.5410   -4.687   -4.158   -4.287   -4.674   -4.951   -5.216   -5.567   -5.820   -5.855   3.32776475   6
   0.001340   7.8500   5.82794905   5.8279   3.7830   3.7832   1.5055   -4.687   -4.108   -4.225   -4.651   -4.953   -5.235   -5.611   -5.883   -5.923   3.32776594   6
   0.001340   7.8500   5.82822609   5.8282   3.7829   3.7746   1.4712   -4.687   -4.046   -4.166   -4.630   -4.956   -5.256   -5.655   -5.950   -5.992   3.32776666   6
   0.001340   7.8500   5.82846022   5.8285   3.7832   3.7663   1.4377   -4.688   -3.984   -4.112   -4.612   -4.958   -5.276   -5.698   -6.015   -6.059   3.32776761   6
   0.001340   7.8500   5.82865858   5.8287   3.7835   3.7583   1.4051   -4.689   -3.926   -4.060   -4.594   -4.958   -5.292   -5.735   -6.074   -6.119   3.32776809   6
   0.001340   7.8500   5.82882786   5.8288   3.7840   3.7504   1.3732   -4.690   -3.866   -4.008   -4.576   -4.958   -5.306   -5.771   -6.129   -6.177   3.32776856   6
   0.001340   7.8500   5.82897377   5.8290   3.7844   3.7427   1.3421   -4.691   -3.799   -3.954   -4.557   -4.955   -5.319   -5.805   -6.183   -6.234   3.32776904   6
   0.001340   7.8500   5.82910061   5.8291   3.7843   3.7351   1.3117   -4.691   -3.724   -3.897   -4.535   -4.952   -5.329   -5.837   -6.236   -6.290   3.32776952   6
   0.001340   7.8500   5.82921028   5.8292   3.7839   3.7276   1.2822   -4.690   -3.643   -3.836   -4.512   -4.946   -5.338   -5.868   -6.287   -6.343   3.32776999   6
   0.001340   7.8500   5.82930756   5.8293   3.7832   3.7203   1.2535   -4.688   -3.556   -3.773   -4.487   -4.938   -5.344   -5.896   -6.335   -6.395   3.32777023   6
   0.001340   7.8500   5.82939434   5.8294   3.7822   3.7131   1.2257   -4.685   -3.461   -3.707   -4.459   -4.928   -5.348   -5.923   -6.382   -6.444   3.32777047   6
   0.001340   7.8500   5.82947254   5.8295   3.7811   3.7060   1.1986   -4.683   -3.363   -3.641   -4.431   -4.916   -5.351   -5.947   -6.426   -6.491   3.32777071   6
   0.001340   7.8500   5.82954454   5.8295   3.7798   3.6994   1.1734   -4.680   -3.267   -3.577   -4.402   -4.903   -5.351   -5.969   -6.467   -6.533   3.32777095   6
   0.001340   7.8500   5.82961607   5.8296   3.7778   3.6934   1.1516   -4.675   -3.171   -3.514   -4.372   -4.887   -5.348   -5.985   -6.502   -6.570   3.32777119   6
   0.001340   7.8500   5.82970142   5.8297   3.7744   3.6874   1.1308   -4.666   -3.068   -3.446   -4.336   -4.867   -5.339   -5.998   -6.533   -6.603   3.32777143   6
   0.001340   7.8500   5.82980490   5.8298   3.7685   3.6813   1.1122   -4.651   -2.955   -3.371   -4.293   -4.838   -5.323   -6.003   -6.559   -6.630   3.32777166   6
   0.001340   7.8500   5.82994413   5.8299   3.7578   3.6752   1.0988   -4.625   -2.823   -3.282   -4.236   -4.796   -5.294   -5.996   -6.571   -6.644   3.32777214   6
   0.001340   7.8500   5.83003998   5.8300   3.7503   3.6715   1.0916   -4.606   -2.738   -3.224   -4.198   -4.768   -5.274   -5.989   -6.576   -6.649   3.32777262   7
   0.001340   7.8500   5.83007908   5.8301   3.7498   3.6699   1.0856   -4.604   -2.707   -3.205   -4.188   -4.762   -5.272   -5.992   -6.585   -6.659   3.32777262   7
   0.001340   7.8500   5.83023119   5.8302   3.7689   3.6627   1.0375   -4.652   -2.605   -3.171   -4.194   -4.789   -5.315   -6.062   -6.678   -6.755   3.32777309   7
   0.001340   7.8500   5.83028889   5.8303   3.7907   3.6597   1.0037   -4.707   -2.593   -3.189   -4.230   -4.835   -5.368   -6.126   -6.751   -6.830   3.32777333   7
   0.001340   7.8500   5.83034801   5.8303   3.8155   3.6568   0.9675   -4.769   -2.567   -3.209   -4.273   -4.889   -5.429   -6.197   -6.831   -6.910   3.32777357   7
   0.001340   7.8500   5.83045197   5.8305   3.8465   3.6538   0.9243   -4.846   -2.541   -3.238   -4.329   -4.957   -5.506   -6.286   -6.927   -7.008   3.32777381   7
   0.001340   7.8500   5.83109283   5.8311   3.8230   3.6569   0.9605   -4.787   -2.582   -3.227   -4.292   -4.908   -5.448   -6.216   -6.849   -6.928   3.32777596   7
   0.001340   7.8500   5.83191347   5.8319   3.8534   3.6525   0.9126   -4.863   -2.521   -3.237   -4.338   -4.970   -5.522   -6.307   -6.952   -7.033   3.32777834   7
   0.001340   7.8500   5.83230209   5.8323   3.8857   3.6490   0.8661   -4.944   -2.481   -3.261   -4.394   -5.040   -5.602   -6.400   -7.054   -7.137   3.32777977   7
   0.001340   7.8500   5.83272743   5.8327   3.9227   3.6453   0.8144   -5.037   -2.438   -3.290   -4.458   -5.120   -5.692   -6.504   -7.169   -7.253   3.32778096   7
   0.001340   7.8500   5.83324766   5.8332   3.9609   3.6416   0.7615   -5.132   -2.394   -3.321   -4.524   -5.203   -5.785   -6.612   -7.286   -7.371   3.32778263   7
   0.001340   7.8500   5.83397293   5.8340   4.0058   3.6374   0.6997   -5.244   -2.337   -3.355   -4.601   -5.299   -5.894   -6.737   -7.423   -7.510   3.32778502   7
   0.001340   7.8500   5.83469772   5.8347   4.0451   3.6338   0.6460   -5.343   -2.285   -3.385   -4.668   -5.383   -5.989   -6.846   -7.541   -7.631   3.32778716   7
   0.001340   7.8500   5.83556747   5.8356   4.0882   3.6299   0.5873   -5.451   -2.226   -3.418   -4.742   -5.475   -6.093   -6.966   -7.671   -7.763   3.32779002   7
   0.001340   7.8500   5.83643627   5.8364   4.1314   3.6260   0.5286   -5.558   -2.162   -3.447   -4.812   -5.565   -6.195   -7.085   -7.801   -7.894   3.32779288   7
   0.001340   7.8500   5.83715487   5.8372   4.1708   3.6224   0.4751   -5.657   -2.114   -3.477   -4.876   -5.646   -6.288   -7.192   -7.918   -8.015   3.32779503   7
   0.001340   7.8500   5.83776236   5.8378   4.2083   3.6191   0.4243   -5.751   -2.080   -3.507   -4.935   -5.722   -6.375   -7.294   -8.030   -8.129   3.32779694   7
   0.001340   7.8500   5.83830929   5.8383   4.2463   3.6157   0.3729   -5.846   -2.044   -3.536   -4.994   -5.798   -6.461   -7.396   -8.143   -8.245   3.32779860   7
   0.001340   7.8500   5.83883047   5.8388   4.2856   3.6123   0.3197   -5.944   -2.006   -3.566   -5.054   -5.876   -6.552   -7.502   -8.259   -8.364   3.32780027   7
   0.001340   7.8500   5.83933878   5.8393   4.3286   3.6096   0.2660   -6.052   -1.996   -3.616   -5.131   -5.968   -6.653   -7.616   -8.381   -8.488   3.32780194   7
   0.001340   7.8500   5.83942318   5.8394   4.3358   3.6096   0.2590   -6.070   -2.011   -3.632   -5.149   -5.986   -6.671   -7.635   -8.399   -8.506   3.32780218   8
