#   Isochrone  Z = 0.00013   Y = 0.24900   [M/H] = -2.064   eta_R = 0.200   Age =    1.5849e+08 yr
#      Z   log(age/yr)   M_ini      M_act   logL/Lo   logTe   logG   mbol    U       B       V       R       I       J       H       K   int_IMF   stage
   0.000134   8.2000   0.09577767   0.0958   -2.6419   3.5603   5.2544   11.375   15.502   14.103   12.577   11.504   10.663   9.676   9.225   9.092   1.52825892   0
   0.000134   8.2000   0.10009053   0.1001   -2.6056   3.5643   5.2531   11.284   15.290   13.945   12.449   11.395   10.574   9.599   9.138   9.003   1.57128704   0
   0.000134   8.2000   0.10857962   0.1086   -2.5311   3.5730   5.2487   11.098   14.842   13.610   12.182   11.171   10.391   9.442   8.962   8.821   1.65072536   0
   0.000134   8.2000   0.11044491   0.1104   -2.5148   3.5750   5.2481   11.057   14.744   13.537   12.123   11.123   10.351   9.408   8.924   8.782   1.66730106   0
   0.000134   8.2000   0.11155534   0.1116   -2.5039   3.5763   5.2466   11.030   14.681   13.489   12.085   11.091   10.324   9.385   8.898   8.756   1.67702913   0
   0.000134   8.2000   0.11916550   0.1192   -2.4439   3.5820   5.2380   10.880   14.372   13.248   11.886   10.920   10.175   9.253   8.756   8.610   1.74106705   0
   0.000134   8.2000   0.13155533   0.1316   -2.3496   3.5916   5.2251   10.644   13.877   12.865   11.571   10.655   9.941   9.049   8.537   8.383   1.83651268   0
   0.000134   8.2000   0.15155534   0.1516   -2.2196   3.6018   5.1972   10.319   13.303   12.396   11.167   10.301   9.616   8.755   8.233   8.072   1.97060776   0
   0.000134   8.2000   0.15377311   0.1538   -2.2077   3.6026   5.1948   10.289   13.255   12.356   11.132   10.269   9.587   8.728   8.205   8.044   1.98419547   0
   0.000134   8.2000   0.18311067   0.1831   -2.0465   3.6124   5.1490   9.886   12.624   11.822   10.656   9.840   9.184   8.355   7.827   7.661   2.14393187   0
   0.000134   8.2000   0.22888835   0.2289   -1.8760   3.6240   5.1215   9.460   11.954   11.255   10.150   9.383   8.756   7.962   7.436   7.270   2.33634281   0
   0.000134   8.2000   0.26117238   0.2612   -1.7717   3.6305   5.1008   9.199   11.558   10.917   9.844   9.106   8.495   7.720   7.197   7.033   2.44268060   0
   0.000134   8.2000   0.27888834   0.2789   -1.7171   3.6338   5.0876   9.063   11.358   10.744   9.687   8.961   8.358   7.592   7.072   6.910   2.49321747   0
   0.000134   8.2000   0.34999999   0.3500   -1.5311   3.6455   5.0471   8.598   10.670   10.154   9.150   8.468   7.892   7.161   6.652   6.497   2.65552020   0
   0.000134   8.2000   0.36821115   0.3682   -1.4784   3.6487   5.0293   8.466   10.478   9.989   8.999   8.329   7.760   7.039   6.533   6.381   2.68894172   0
   0.000134   8.2000   0.40000001   0.4000   -1.3983   3.6542   5.0071   8.266   10.179   9.735   8.768   8.117   7.561   6.855   6.355   6.208   2.74133730   0
   0.000134   8.2000   0.44999999   0.4500   -1.2546   3.6663   4.9632   7.907   9.603   9.261   8.345   7.735   7.204   6.533   6.048   5.912   2.81098008   0
   0.000134   8.2000   0.50000000   0.5000   -1.1010   3.6804   4.9117   7.523   8.981   8.754   7.896   7.329   6.827   6.195   5.730   5.607   2.86847806   0
   0.000134   8.2000   0.53342587   0.5334   -0.9920   3.6910   4.8730   7.250   8.542   8.396   7.582   7.044   6.563   5.959   5.511   5.396   2.90158701   1
   0.000134   8.2000   0.55000001   0.5500   -0.9415   3.6962   4.8565   7.124   8.338   8.230   7.438   6.913   6.441   5.852   5.411   5.302   2.91663504   1
   0.000134   8.2000   0.60000002   0.6000   -0.7791   3.7160   4.8114   6.718   7.664   7.685   6.973   6.496   6.061   5.523   5.114   5.021   2.95739889   1
   0.000134   8.2000   0.64999998   0.6500   -0.6205   3.7369   4.7710   6.321   7.036   7.164   6.532   6.100   5.700   5.215   4.838   4.761   2.99236870   1
   0.000134   8.2000   0.69999999   0.7000   -0.4701   3.7588   4.7405   5.945   6.470   6.681   6.125   5.735   5.372   4.938   4.594   4.533   3.02253795   1
   0.000134   8.2000   0.75000000   0.7500   -0.3288   3.7797   4.7125   5.592   5.988   6.250   5.755   5.403   5.071   4.681   4.364   4.319   3.04879928   1
   0.000134   8.2000   0.80000001   0.8000   -0.1981   3.7966   4.6776   5.265   5.564   5.853   5.426   5.115   4.814   4.455   4.154   4.128   3.07187057   1
   0.000134   8.2000   0.85000002   0.8500   -0.0755   3.8124   4.6446   4.959   5.208   5.494   5.111   4.829   4.554   4.229   3.956   3.938   3.09222293   1
   0.000134   8.2000   0.89999998   0.9000   0.0429   3.8274   4.6108   4.663   4.884   5.152   4.804   4.548   4.297   4.006   3.763   3.751   3.11026096   1
   0.000134   8.2000   0.90218854   0.9022   0.0478   3.8281   4.6098   4.651   4.871   5.138   4.791   4.536   4.286   3.998   3.756   3.743   3.11100388   1
   0.000134   8.2000   0.94999999   0.9500   0.1504   3.8428   4.5886   4.394   4.598   4.836   4.523   4.294   4.069   3.814   3.603   3.594   3.12635612   1
   0.000134   8.2000   1.00000000   1.0000   0.2534   3.8582   4.5692   4.136   4.332   4.533   4.252   4.051   3.852   3.634   3.454   3.447   3.14080405   1
   0.000134   8.2000   1.01591098   1.0159   0.2843   3.8635   4.5667   4.059   4.253   4.440   4.170   3.979   3.790   3.584   3.415   3.409   3.14509249   1
   0.000134   8.2000   1.04999995   1.0500   0.3486   3.8748   4.5618   3.898   4.092   4.247   4.000   3.830   3.661   3.480   3.336   3.330   3.15380883   1
   0.000134   8.2000   1.07509947   1.0751   0.3941   3.8842   4.5642   3.785   3.978   4.108   3.879   3.727   3.576   3.416   3.290   3.285   3.15984583   1
   0.000134   8.2000   1.10000002   1.1000   0.4382   3.8934   4.5667   3.674   3.869   3.973   3.762   3.628   3.494   3.354   3.246   3.242   3.16554141   1
   0.000134   8.2000   1.14999998   1.1500   0.5227   3.9124   4.5776   3.463   3.661   3.720   3.545   3.447   3.348   3.248   3.175   3.170   3.17617631   1
   0.000134   8.2000   1.20000005   1.2000   0.6030   3.9306   4.5884   3.262   3.468   3.490   3.353   3.288   3.221   3.155   3.109   3.105   3.18585706   1
   0.000134   8.2000   1.25000000   1.2500   0.6790   3.9476   4.5982   3.072   3.292   3.299   3.197   3.158   3.115   3.075   3.048   3.045   3.19470429   1
   0.000134   8.2000   1.29999995   1.3000   0.7514   3.9637   4.6075   2.891   3.124   3.134   3.063   3.042   3.018   3.002   2.989   2.987   3.20280719   1
   0.000134   8.2000   1.30827796   1.3083   0.7633   3.9664   4.6089   2.862   3.097   3.109   3.041   3.024   3.003   2.990   2.979   2.978   3.20408130   1
   0.000134   8.2000   1.35000002   1.3500   0.8220   3.9794   4.6160   2.715   2.960   2.987   2.940   2.935   2.928   2.932   2.930   2.931   3.21023273   1
   0.000134   8.2000   1.38606524   1.3860   0.8710   3.9903   4.6218   2.592   2.846   2.893   2.861   2.864   2.867   2.884   2.889   2.891   3.21521282   1
   0.000134   8.2000   1.39999998   1.4000   0.8897   3.9944   4.6239   2.546   2.804   2.859   2.833   2.839   2.844   2.866   2.873   2.877   3.21705914   1
   0.000134   8.2000   1.40718186   1.4072   0.8991   3.9964   4.6250   2.522   2.782   2.842   2.818   2.825   2.832   2.857   2.865   2.869   3.21799469   1
   0.000134   8.2000   1.45000005   1.4500   0.9547   4.0086   4.6312   2.383   2.655   2.744   2.737   2.751   2.765   2.804   2.817   2.824   3.22335362   1
   0.000134   8.2000   1.45122325   1.4512   0.9562   4.0090   4.6314   2.379   2.652   2.741   2.735   2.749   2.763   2.803   2.816   2.823   3.22350144   1
   0.000134   8.2000   1.50000000   1.5000   1.0173   4.0223   4.6379   2.227   2.516   2.640   2.649   2.669   2.692   2.745   2.763   2.773   3.22917390   1
   0.000134   8.2000   1.54999995   1.5500   1.0773   4.0352   4.6440   2.077   2.386   2.544   2.567   2.592   2.621   2.688   2.711   2.724   3.23456979   1
   0.000134   8.2000   1.59272492   1.5927   1.1267   4.0458   4.6485   1.953   2.280   2.467   2.500   2.530   2.563   2.641   2.667   2.682   3.23887682   1
   0.000134   8.2000   1.60000002   1.6000   1.1349   4.0475   4.6493   1.933   2.263   2.454   2.489   2.519   2.554   2.633   2.659   2.675   3.23958373   1
   0.000134   8.2000   1.64999998   1.6500   1.1911   4.0594   4.6539   1.792   2.144   2.369   2.415   2.448   2.488   2.578   2.608   2.627   3.24424219   1
   0.000134   8.2000   1.70000005   1.7000   1.2453   4.0707   4.6581   1.657   2.032   2.288   2.343   2.380   2.424   2.524   2.557   2.579   3.24857616   1
   0.000134   8.2000   1.75000000   1.7500   1.2983   4.0818   4.6619   1.524   1.924   2.210   2.273   2.313   2.362   2.472   2.507   2.532   3.25261688   1
   0.000134   8.2000   1.79999995   1.8000   1.3496   4.0924   4.6651   1.396   1.821   2.134   2.206   2.248   2.301   2.420   2.458   2.485   3.25639176   1
   0.000134   8.2000   1.84112144   1.8411   1.3909   4.1008   4.6675   1.293   1.738   2.075   2.151   2.196   2.252   2.379   2.418   2.447   3.25931454   1
   0.000134   8.2000   1.85000002   1.8500   1.3998   4.1026   4.6679   1.271   1.721   2.062   2.140   2.185   2.241   2.370   2.410   2.439   3.25992513   1
   0.000134   8.2000   1.89999998   1.9000   1.4488   4.1126   4.6703   1.148   1.625   1.991   2.075   2.123   2.183   2.319   2.362   2.393   3.26323819   1
   0.000134   8.2000   1.95000005   1.9500   1.4964   4.1222   4.6722   1.029   1.533   1.923   2.012   2.063   2.125   2.270   2.314   2.348   3.26635003   1
   0.000134   8.2000   2.00000000   2.0000   1.5430   4.1314   4.6736   0.913   1.444   1.855   1.950   2.003   2.069   2.221   2.268   2.303   3.26927757   1
   0.000134   8.2000   2.01157761   2.0116   1.5536   4.1335   4.6739   0.886   1.423   1.840   1.936   1.989   2.056   2.209   2.257   2.292   3.26993036   1
   0.000134   8.2000   2.04999995   2.0500   1.5886   4.1404   4.6745   0.798   1.356   1.789   1.889   1.944   2.013   2.172   2.221   2.258   3.27203131   1
   0.000134   8.2000   2.09629345   2.0963   1.6301   4.1484   4.6749   0.695   1.276   1.728   1.833   1.890   1.962   2.127   2.178   2.216   3.27443600   1
   0.000134   8.2000   2.09999990   2.1000   1.6334   4.1490   4.6749   0.687   1.270   1.723   1.828   1.886   1.958   2.123   2.174   2.212   3.27462268   1
   0.000134   8.2000   2.15000010   2.1500   1.6773   4.1573   4.6745   0.577   1.186   1.658   1.768   1.828   1.902   2.074   2.127   2.167   3.27706480   1
   0.000134   8.2000   2.20000005   2.2000   1.7204   4.1653   4.6732   0.469   1.104   1.593   1.708   1.770   1.847   2.025   2.079   2.120   3.27936959   1
   0.000134   8.2000   2.25000000   2.2500   1.7625   4.1728   4.6709   0.364   1.023   1.529   1.648   1.711   1.791   1.974   2.030   2.073   3.28154731   1
   0.000134   8.2000   2.29999995   2.3000   1.8041   4.1800   4.6676   0.260   0.942   1.464   1.587   1.652   1.734   1.922   1.981   2.024   3.28360772   1
   0.000134   8.2000   2.34833956   2.3483   1.8430   4.1866   4.6642   0.162   0.868   1.403   1.530   1.596   1.681   1.874   1.933   1.978   3.28549647   1
   0.000134   8.2000   2.40000010   2.4000   1.8843   4.1934   4.6593   0.059   0.787   1.337   1.467   1.535   1.622   1.820   1.881   1.927   3.28741050   1
   0.000134   8.2000   2.48841214   2.4884   1.9533   4.2034   4.6463   -0.113   0.649   1.220   1.356   1.426   1.516   1.721   1.784   1.832   3.29045844   1
   0.000134   8.2000   2.59999990   2.6000   2.0387   4.2150   4.6263   -0.327   0.475   1.070   1.212   1.286   1.379   1.592   1.658   1.708   3.29393530   1
   0.000134   8.2000   2.62077165   2.6208   2.0541   4.2170   4.6222   -0.365   0.444   1.042   1.186   1.260   1.354   1.568   1.634   1.685   3.29454041   1
   0.000134   8.2000   2.72635865   2.7264   2.1318   4.2262   4.5987   -0.559   0.282   0.898   1.048   1.124   1.221   1.441   1.509   1.561   3.29743195   1
   0.000134   8.2000   2.79999995   2.8000   2.1857   4.2320   4.5793   -0.694   0.166   0.795   0.948   1.025   1.124   1.348   1.417   1.471   3.29928207   1
   0.000134   8.2000   2.81683254   2.8168   2.1977   4.2332   4.5748   -0.724   0.141   0.771   0.925   1.003   1.102   1.327   1.397   1.450   3.29968762   1
   0.000134   8.2000   2.90244627   2.9024   2.2594   4.2387   4.5483   -0.879   0.005   0.647   0.805   0.884   0.984   1.213   1.284   1.338   3.30165505   1
   0.000134   8.2000   2.98015714   2.9802   2.3154   4.2432   4.5217   -1.018   -0.119   0.532   0.692   0.772   0.874   1.106   1.177   1.233   3.30331469   1
   0.000134   8.2000   3.00000000   3.0000   2.3297   4.2442   4.5144   -1.054   -0.151   0.501   0.662   0.743   0.845   1.078   1.149   1.205   3.30372047   1
   0.000134   8.2000   3.05446458   3.0545   2.3683   4.2469   4.4941   -1.151   -0.239   0.419   0.582   0.663   0.766   1.000   1.072   1.128   3.30479956   1
   0.000134   8.2000   3.11828995   3.1183   2.4142   4.2493   4.4671   -1.265   -0.346   0.317   0.482   0.563   0.668   0.903   0.976   1.032   3.30600214   1
   0.000134   8.2000   3.17477059   3.1748   2.4556   4.2508   4.4395   -1.369   -0.446   0.222   0.387   0.469   0.574   0.810   0.884   0.940   3.30701399   1
   0.000134   8.2000   3.20000005   3.2000   2.4741   4.2514   4.4265   -1.415   -0.491   0.178   0.344   0.426   0.531   0.768   0.841   0.898   3.30745077   1
   0.000134   8.2000   3.22887421   3.2289   2.4951   4.2519   4.4115   -1.468   -0.542   0.128   0.295   0.377   0.482   0.719   0.792   0.849   3.30793905   1
   0.000134   8.2000   3.30303907   3.3030   2.5496   4.2523   4.3684   -1.604   -0.679   -0.007   0.161   0.243   0.348   0.585   0.659   0.716   3.30914092   1
   0.000134   8.2000   3.36212063   3.3621   2.5946   4.2512   4.3270   -1.717   -0.797   -0.126   0.042   0.124   0.228   0.465   0.538   0.595   3.31004715   1
   0.000134   8.2000   3.40000010   3.4000   2.6240   4.2500   4.2974   -1.790   -0.877   -0.208   -0.039   0.042   0.146   0.382   0.455   0.512   3.31060600   1
   0.000134   8.2000   3.42750931   3.4275   2.6453   4.2489   4.2754   -1.843   -0.935   -0.267   -0.099   -0.018   0.086   0.322   0.394   0.451   3.31100130   1
   0.000134   8.2000   3.48909569   3.4891   2.6944   4.2450   4.2184   -1.966   -1.075   -0.412   -0.245   -0.165   -0.063   0.171   0.242   0.298   3.31185579   1
   0.000134   8.2000   3.53904152   3.5390   2.7362   4.2400   4.1629   -2.070   -1.200   -0.545   -0.379   -0.301   -0.200   0.030   0.100   0.155   3.31251931   1
   0.000134   8.2000   3.59613585   3.5961   2.7861   4.2331   4.0921   -2.195   -1.354   -0.710   -0.545   -0.469   -0.371   -0.145   -0.077   -0.023   3.31324720   1
   0.000134   8.2000   3.59999990   3.6000   2.7895   4.2326   4.0872   -2.204   -1.364   -0.721   -0.557   -0.480   -0.382   -0.157   -0.089   -0.035   3.31329536   1
   0.000134   8.2000   3.60119486   3.6012   2.7905   4.2324   4.0857   -2.206   -1.367   -0.725   -0.560   -0.484   -0.386   -0.161   -0.093   -0.039   3.31331015   1
   0.000134   8.2000   3.64131999   3.6413   2.8292   4.2284   4.0356   -2.303   -1.481   -0.845   -0.681   -0.606   -0.509   -0.287   -0.220   -0.167   3.31380153   1
   0.000134   8.2000   3.65415335   3.6542   2.8448   4.2332   4.0408   -2.342   -1.503   -0.857   -0.691   -0.615   -0.517   -0.291   -0.223   -0.169   3.31395555   1
   0.000134   8.2000   3.66488099   3.6649   2.8608   4.2420   4.0614   -2.382   -1.510   -0.848   -0.678   -0.600   -0.499   -0.268   -0.197   -0.142   3.31408334   1
   0.000134   8.2000   3.66808367   3.6681   2.8724   4.2524   4.0916   -2.411   -1.500   -0.820   -0.646   -0.564   -0.460   -0.222   -0.149   -0.092   3.31412125   1
   0.000134   8.2000   3.66945577   3.6695   2.8853   4.2622   4.1181   -2.443   -1.495   -0.798   -0.619   -0.536   -0.428   -0.183   -0.109   -0.049   3.31413746   1
   0.000134   8.2000   3.67018247   3.6702   2.9006   4.2713   4.1392   -2.481   -1.499   -0.786   -0.603   -0.517   -0.407   -0.156   -0.080   -0.019   3.31414604   1
   0.000134   8.2000   3.67049122   3.6705   2.9071   4.2749   4.1474   -2.498   -1.502   -0.782   -0.598   -0.511   -0.400   -0.147   -0.069   -0.008   3.31414962   2
   0.000134   8.2000   3.67073774   3.6707   2.8926   4.2694   4.1399   -2.462   -1.486   -0.776   -0.594   -0.509   -0.400   -0.150   -0.074   -0.013   3.31415248   2
   0.000134   8.2000   3.67098141   3.6710   2.8808   4.2594   4.1116   -2.432   -1.494   -0.802   -0.624   -0.542   -0.435   -0.192   -0.118   -0.059   3.31415534   2
   0.000134   8.2000   3.67126536   3.6713   2.8900   4.2480   4.0568   -2.455   -1.561   -0.889   -0.716   -0.636   -0.533   -0.298   -0.226   -0.169   3.31415868   2
   0.000134   8.2000   3.67162251   3.6716   2.9139   4.2363   3.9861   -2.515   -1.667   -1.014   -0.845   -0.769   -0.670   -0.442   -0.373   -0.319   3.31416297   2
   0.000134   8.2000   3.67203879   3.6720   2.9352   4.2244   3.9173   -2.568   -1.768   -1.134   -0.970   -0.897   -0.802   -0.582   -0.516   -0.463   3.31416774   2
   0.000134   8.2000   3.67249608   3.6725   2.9508   4.2124   3.8538   -2.607   -1.853   -1.240   -1.081   -1.011   -0.920   -0.708   -0.645   -0.594   3.31417322   2
   0.000134   8.2000   3.67298293   3.6730   2.9627   4.2003   3.7935   -2.637   -1.929   -1.337   -1.183   -1.116   -1.030   -0.826   -0.766   -0.717   3.31417894   2
   0.000134   8.2000   3.67348456   3.6735   2.9723   4.1881   3.7352   -2.661   -1.998   -1.428   -1.279   -1.216   -1.134   -0.939   -0.882   -0.835   3.31418490   2
   0.000134   8.2000   3.67398596   3.6740   2.9801   4.1758   3.6784   -2.680   -2.063   -1.515   -1.372   -1.312   -1.234   -1.048   -0.994   -0.949   3.31419086   2
   0.000134   8.2000   3.67447352   3.6745   2.9866   4.1635   3.6226   -2.697   -2.123   -1.599   -1.461   -1.404   -1.331   -1.154   -1.103   -1.060   3.31419659   2
   0.000134   8.2000   3.67493844   3.6749   2.9922   4.1512   3.5677   -2.710   -2.181   -1.680   -1.547   -1.494   -1.426   -1.258   -1.210   -1.169   3.31420207   2
   0.000134   8.2000   3.67537427   3.6754   2.9968   4.1388   3.5137   -2.722   -2.235   -1.759   -1.631   -1.581   -1.517   -1.359   -1.314   -1.275   3.31420708   2
   0.000134   8.2000   3.67577958   3.6758   3.0008   4.1265   3.4603   -2.732   -2.285   -1.835   -1.713   -1.667   -1.607   -1.459   -1.417   -1.381   3.31421185   2
   0.000134   8.2000   3.67615366   3.6762   3.0043   4.1141   3.4076   -2.741   -2.335   -1.908   -1.792   -1.750   -1.696   -1.557   -1.518   -1.484   3.31421638   2
   0.000134   8.2000   3.67649770   3.6765   3.0072   4.1018   3.3554   -2.748   -2.381   -1.980   -1.870   -1.831   -1.782   -1.653   -1.618   -1.586   3.31422043   2
   0.000134   8.2000   3.67681289   3.6768   3.0096   4.0895   3.3037   -2.754   -2.423   -2.050   -1.945   -1.910   -1.866   -1.748   -1.716   -1.686   3.31422400   2
   0.000134   8.2000   3.67710114   3.6771   3.0116   4.0772   3.2526   -2.759   -2.463   -2.118   -2.019   -1.987   -1.948   -1.841   -1.812   -1.784   3.31422734   2
   0.000134   8.2000   3.67736483   3.6774   3.0132   4.0649   3.2019   -2.763   -2.499   -2.183   -2.090   -2.063   -2.029   -1.932   -1.907   -1.882   3.31423044   2
   0.000134   8.2000   3.67760587   3.6776   3.0144   4.0526   3.1516   -2.766   -2.533   -2.247   -2.160   -2.136   -2.107   -2.022   -2.001   -1.978   3.31423330   2
   0.000134   8.2000   3.67782664   3.6778   3.0154   4.0404   3.1017   -2.768   -2.563   -2.309   -2.228   -2.207   -2.184   -2.110   -2.093   -2.072   3.31423593   2
   0.000134   8.2000   3.67802954   3.6780   3.0160   4.0282   3.0522   -2.770   -2.590   -2.368   -2.294   -2.276   -2.258   -2.197   -2.184   -2.165   3.31423831   2
   0.000134   8.2000   3.67821598   3.6782   3.0165   4.0160   3.0030   -2.771   -2.614   -2.426   -2.357   -2.343   -2.331   -2.283   -2.274   -2.258   3.31424046   2
   0.000134   8.2000   3.67838812   3.6784   3.0166   4.0038   2.9541   -2.772   -2.633   -2.480   -2.418   -2.409   -2.402   -2.368   -2.363   -2.350   3.31424260   2
   0.000134   8.2000   3.67854714   3.6785   3.0166   3.9916   2.9056   -2.772   -2.649   -2.531   -2.478   -2.472   -2.472   -2.451   -2.451   -2.441   3.31424427   2
   0.000134   8.2000   3.67869449   3.6787   3.0164   3.9795   2.8573   -2.771   -2.660   -2.578   -2.534   -2.533   -2.539   -2.534   -2.538   -2.531   3.31424618   2
   0.000134   8.2000   3.67883182   3.6788   3.0160   3.9674   2.8092   -2.770   -2.664   -2.621   -2.587   -2.591   -2.604   -2.615   -2.624   -2.621   3.31424761   2
   0.000134   8.2000   3.67895937   3.6790   3.0154   3.9553   2.7614   -2.768   -2.663   -2.658   -2.634   -2.644   -2.666   -2.694   -2.709   -2.709   3.31424928   2
   0.000134   8.2000   3.67907858   3.6791   3.0146   3.9432   2.7138   -2.767   -2.656   -2.687   -2.676   -2.694   -2.725   -2.771   -2.793   -2.796   3.31425071   2
   0.000134   8.2000   3.67918992   3.6792   3.0137   3.9310   2.6663   -2.764   -2.642   -2.708   -2.712   -2.739   -2.780   -2.846   -2.877   -2.883   3.31425190   2
   0.000134   8.2000   3.67929363   3.6793   3.0126   3.9190   2.6190   -2.761   -2.625   -2.718   -2.739   -2.777   -2.833   -2.919   -2.961   -2.970   3.31425309   2
   0.000134   8.2000   3.67939067   3.6794   3.0113   3.9069   2.5720   -2.758   -2.604   -2.717   -2.758   -2.811   -2.881   -2.990   -3.045   -3.057   3.31425428   2
   0.000134   8.2000   3.67948151   3.6795   3.0099   3.8948   2.5251   -2.755   -2.580   -2.705   -2.770   -2.840   -2.928   -3.060   -3.129   -3.144   3.31425524   2
   0.000134   8.2000   3.67956638   3.6796   3.0083   3.8827   2.4784   -2.751   -2.553   -2.680   -2.773   -2.864   -2.972   -3.127   -3.214   -3.231   3.31425643   2
   0.000134   8.2000   3.67964578   3.6796   3.0066   3.8707   2.4320   -2.747   -2.524   -2.642   -2.771   -2.884   -3.013   -3.193   -3.300   -3.318   3.31425738   2
   0.000134   8.2000   3.67972040   3.6797   3.0047   3.8586   2.3856   -2.742   -2.493   -2.596   -2.763   -2.901   -3.052   -3.258   -3.386   -3.405   3.31425810   2
   0.000134   8.2000   3.67979002   3.6798   3.0027   3.8466   2.3396   -2.737   -2.461   -2.544   -2.747   -2.911   -3.086   -3.318   -3.470   -3.491   3.31425905   2
   0.000134   8.2000   3.67985582   3.6799   3.0005   3.8346   2.2937   -2.731   -2.427   -2.490   -2.729   -2.919   -3.117   -3.376   -3.554   -3.577   3.31425977   2
   0.000134   8.2000   3.67991757   3.6799   2.9982   3.8226   2.2481   -2.726   -2.390   -2.433   -2.708   -2.923   -3.144   -3.432   -3.637   -3.661   3.31426048   2
   0.000134   8.2000   3.67997599   3.6800   2.9957   3.8106   2.2027   -2.719   -2.350   -2.374   -2.684   -2.925   -3.169   -3.486   -3.718   -3.745   3.31426120   2
   0.000134   8.2000   3.68003106   3.6800   2.9930   3.7987   2.1577   -2.713   -2.304   -2.310   -2.657   -2.924   -3.191   -3.537   -3.798   -3.827   3.31426167   2
   0.000134   8.2000   3.68008351   3.6801   2.9901   3.7868   2.1131   -2.705   -2.257   -2.229   -2.619   -2.916   -3.206   -3.585   -3.873   -3.909   3.31426239   2
   0.000134   8.2000   3.68013406   3.6801   2.9869   3.7751   2.0693   -2.697   -2.197   -2.146   -2.581   -2.907   -3.221   -3.632   -3.951   -3.991   3.31426311   2
   0.000134   8.2000   3.68018460   3.6802   2.9833   3.7639   2.0282   -2.688   -2.129   -2.075   -2.549   -2.899   -3.235   -3.675   -4.023   -4.067   3.31426358   2
   0.000134   8.2000   3.68024516   3.6802   2.9782   3.7528   1.9890   -2.675   -2.058   -2.004   -2.513   -2.886   -3.241   -3.710   -4.085   -4.133   3.31426430   2
   0.000134   8.2000   3.68032932   3.6803   2.9696   3.7422   1.9550   -2.654   -1.969   -1.922   -2.468   -2.863   -3.236   -3.733   -4.134   -4.187   3.31426525   2
   0.000134   8.2000   3.68048024   3.6805   2.9510   3.7312   1.9298   -2.607   -1.840   -1.808   -2.394   -2.813   -3.207   -3.733   -4.160   -4.218   3.31426716   2
   0.000134   8.2000   3.68057537   3.6806   2.9398   3.7256   1.9187   -2.580   -1.765   -1.743   -2.352   -2.783   -3.187   -3.728   -4.167   -4.229   3.31426811   3
   0.000134   8.2000   3.68070912   3.6807   2.9501   3.7199   1.8852   -2.605   -1.736   -1.730   -2.364   -2.806   -3.221   -3.778   -4.230   -4.295   3.31426978   3
   0.000134   8.2000   3.68087268   3.6809   2.9867   3.7136   1.8235   -2.697   -1.756   -1.775   -2.438   -2.895   -3.322   -3.896   -4.361   -4.431   3.31427169   3
   0.000134   8.2000   3.68095112   3.6810   3.0111   3.7115   1.7907   -2.758   -1.791   -1.821   -2.493   -2.955   -3.386   -3.966   -4.436   -4.507   3.31427264   3
   0.000134   8.2000   3.68103957   3.6810   3.0266   3.7103   1.7705   -2.797   -1.816   -1.851   -2.529   -2.993   -3.426   -4.010   -4.482   -4.554   3.31427360   3
   0.000134   8.2000   3.68154788   3.6815   3.0700   3.7071   1.7145   -2.905   -1.881   -1.934   -2.629   -3.100   -3.539   -4.132   -4.612   -4.685   3.31427956   4
   0.000134   8.2000   3.68572378   3.6857   3.0571   3.7094   1.7372   -2.873   -1.878   -1.921   -2.603   -3.069   -3.504   -4.090   -4.565   -4.636   3.31432843   4
   0.000134   8.2000   3.69178319   3.6918   3.0474   3.7126   1.7601   -2.849   -1.889   -1.920   -2.588   -3.047   -3.475   -4.053   -4.521   -4.590   3.31439900   5
   0.000134   8.2000   3.69739342   3.6974   3.0656   3.7209   1.7757   -2.894   -2.020   -2.028   -2.658   -3.098   -3.511   -4.065   -4.514   -4.578   3.31446409   5
   0.000134   8.2000   3.69950819   3.6995   3.0788   3.7297   1.7981   -2.927   -2.132   -2.121   -2.714   -3.135   -3.531   -4.062   -4.491   -4.549   3.31448841   5
   0.000134   8.2000   3.70062685   3.7006   3.0855   3.7399   1.8324   -2.944   -2.230   -2.203   -2.756   -3.155   -3.532   -4.035   -4.440   -4.493   3.31450129   5
   0.000134   8.2000   3.70151639   3.7015   3.0902   3.7498   1.8674   -2.956   -2.308   -2.273   -2.791   -3.169   -3.529   -4.005   -4.386   -4.435   3.31451154   5
   0.000134   8.2000   3.70221448   3.7022   3.0938   3.7579   1.8961   -2.964   -2.363   -2.326   -2.818   -3.179   -3.524   -3.980   -4.341   -4.387   3.31451964   5
   0.000134   8.2000   3.70289469   3.7029   3.0970   3.7656   1.9238   -2.973   -2.411   -2.375   -2.842   -3.188   -3.519   -3.954   -4.297   -4.340   3.31452751   5
   0.000134   8.2000   3.70362687   3.7036   3.1001   3.7739   1.9540   -2.980   -2.465   -2.429   -2.867   -3.194   -3.510   -3.923   -4.243   -4.284   3.31453586   5
   0.000134   8.2000   3.70442510   3.7044   3.1034   3.7824   1.9851   -2.988   -2.519   -2.491   -2.895   -3.201   -3.498   -3.889   -4.185   -4.224   3.31454515   5
   0.000134   8.2000   3.70529222   3.7053   3.1065   3.7922   2.0211   -2.996   -2.561   -2.564   -2.930   -3.211   -3.490   -3.853   -4.126   -4.159   3.31455517   5
   0.000134   8.2000   3.70624280   3.7062   3.1096   3.8030   2.0615   -3.004   -2.605   -2.633   -2.962   -3.217   -3.475   -3.809   -4.057   -4.085   3.31456614   5
   0.000134   8.2000   3.70727992   3.7073   3.1127   3.8150   2.1063   -3.012   -2.651   -2.697   -2.989   -3.218   -3.452   -3.758   -3.977   -4.003   3.31457806   5
   0.000134   8.2000   3.70840406   3.7084   3.1159   3.8276   2.1535   -3.020   -2.696   -2.761   -3.015   -3.217   -3.426   -3.702   -3.892   -3.916   3.31459093   5
   0.000134   8.2000   3.70961976   3.7096   3.1192   3.8402   2.2010   -3.028   -2.737   -2.822   -3.038   -3.212   -3.397   -3.643   -3.806   -3.829   3.31460476   5
   0.000134   8.2000   3.71092916   3.7109   3.1225   3.8528   2.2483   -3.036   -2.777   -2.881   -3.057   -3.204   -3.365   -3.583   -3.721   -3.741   3.31461978   5
   0.000134   8.2000   3.71234941   3.7123   3.1259   3.8654   2.2953   -3.045   -2.816   -2.936   -3.072   -3.193   -3.330   -3.520   -3.635   -3.654   3.31463599   5
   0.000134   8.2000   3.71390009   3.7139   3.1294   3.8779   2.3422   -3.053   -2.854   -2.983   -3.081   -3.177   -3.292   -3.456   -3.550   -3.567   3.31465387   5
   0.000134   8.2000   3.71559477   3.7156   3.1330   3.8905   2.3892   -3.063   -2.889   -3.019   -3.085   -3.159   -3.252   -3.391   -3.465   -3.480   3.31467319   5
   0.000134   8.2000   3.71743894   3.7174   3.1368   3.9031   2.4359   -3.072   -2.921   -3.038   -3.080   -3.136   -3.210   -3.325   -3.383   -3.396   3.31469417   5
   0.000134   8.2000   3.71942997   3.7194   3.1407   3.9157   2.4824   -3.082   -2.951   -3.048   -3.068   -3.108   -3.166   -3.258   -3.303   -3.312   3.31471705   5
   0.000134   8.2000   3.72159052   3.7216   3.1447   3.9282   2.5287   -3.092   -2.978   -3.047   -3.048   -3.076   -3.120   -3.191   -3.223   -3.230   3.31474161   5
   0.000134   8.2000   3.72394443   3.7239   3.1490   3.9407   2.5750   -3.102   -3.004   -3.035   -3.021   -3.039   -3.072   -3.121   -3.145   -3.148   3.31476831   5
   0.000134   8.2000   3.72649097   3.7265   3.1533   3.9533   2.6210   -3.113   -3.021   -3.012   -2.986   -2.997   -3.020   -3.050   -3.067   -3.067   3.31479716   5
   0.000134   8.2000   3.72921538   3.7292   3.1578   3.9656   2.6662   -3.125   -3.032   -2.983   -2.947   -2.952   -2.968   -2.980   -2.990   -2.987   3.31482792   5
   0.000134   8.2000   3.73205495   3.7321   3.1623   3.9774   2.7093   -3.136   -3.038   -2.951   -2.906   -2.907   -2.915   -2.911   -2.917   -2.910   3.31486011   5
   0.000134   8.2000   3.73497200   3.7350   3.1668   3.9886   2.7500   -3.147   -3.040   -2.918   -2.865   -2.862   -2.865   -2.846   -2.848   -2.838   3.31489301   5
   0.000134   8.2000   3.73827219   3.7383   3.1717   4.0003   2.7920   -3.159   -3.038   -2.881   -2.821   -2.814   -2.811   -2.779   -2.776   -2.763   3.31492996   5
   0.000134   8.2000   3.74158883   3.7416   3.1764   4.0110   2.8308   -3.171   -3.034   -2.845   -2.779   -2.769   -2.761   -2.716   -2.710   -2.695   3.31496716   5
   0.000134   8.2000   3.74533486   3.7453   3.1816   4.0222   2.8709   -3.184   -3.027   -2.808   -2.735   -2.721   -2.708   -2.652   -2.642   -2.624   3.31500912   5
   0.000134   8.2000   3.74944115   3.7494   3.1871   4.0335   2.9109   -3.198   -3.019   -2.769   -2.691   -2.674   -2.655   -2.587   -2.573   -2.553   3.31505489   5
   0.000134   8.2000   3.75435972   3.7544   3.1934   4.0457   2.9541   -3.214   -3.009   -2.727   -2.642   -2.622   -2.597   -2.517   -2.499   -2.477   3.31510973   5
   0.000134   8.2000   3.75958562   3.7596   3.1999   4.0575   2.9950   -3.230   -2.998   -2.687   -2.596   -2.572   -2.542   -2.451   -2.430   -2.405   3.31516767   5
   0.000134   8.2000   3.76492834   3.7649   3.2064   4.0682   3.0321   -3.246   -2.987   -2.650   -2.554   -2.526   -2.493   -2.391   -2.367   -2.341   3.31522655   5
   0.000134   8.2000   3.77156973   3.7716   3.2143   4.0800   3.0721   -3.266   -2.976   -2.611   -2.508   -2.478   -2.439   -2.328   -2.299   -2.271   3.31529951   5
   0.000134   8.2000   3.77887106   3.7789   3.2226   4.0912   3.1094   -3.287   -2.966   -2.574   -2.467   -2.433   -2.390   -2.269   -2.237   -2.207   3.31537938   5
   0.000134   8.2000   3.78813171   3.7881   3.2330   4.1027   3.1464   -3.312   -2.958   -2.541   -2.428   -2.390   -2.342   -2.212   -2.177   -2.144   3.31547999   5
   0.000134   8.2000   3.79999995   3.8000   3.2462   4.1132   3.1764   -3.346   -2.959   -2.519   -2.401   -2.361   -2.309   -2.169   -2.132   -2.098   3.31560802   5
   0.000134   8.2000   3.81660795   3.8166   3.2651   4.1205   3.1885   -3.393   -2.984   -2.528   -2.406   -2.364   -2.309   -2.164   -2.125   -2.089   3.31578541   6
   0.000134   8.2000   3.82799149   3.8280   3.2792   4.1180   3.1657   -3.428   -3.029   -2.576   -2.456   -2.415   -2.361   -2.218   -2.179   -2.144   3.31590581   6
   0.000134   8.2000   3.83940101   3.8394   3.2959   4.1052   3.0990   -3.470   -3.112   -2.685   -2.571   -2.534   -2.485   -2.352   -2.317   -2.284   3.31602550   6
   0.000134   8.2000   3.84388018   3.8439   3.3036   4.0943   3.0482   -3.489   -3.165   -2.761   -2.651   -2.617   -2.573   -2.449   -2.417   -2.386   3.31607223   6
   0.000134   8.2000   3.84628081   3.8463   3.3085   4.0830   2.9985   -3.501   -3.210   -2.831   -2.726   -2.696   -2.657   -2.542   -2.513   -2.484   3.31609726   6
   0.000134   8.2000   3.84777498   3.8478   3.3124   4.0716   2.9491   -3.511   -3.251   -2.897   -2.799   -2.772   -2.738   -2.632   -2.608   -2.580   3.31611276   6
   0.000134   8.2000   3.84886718   3.8489   3.3154   4.0598   2.8992   -3.518   -3.289   -2.963   -2.870   -2.847   -2.818   -2.723   -2.702   -2.676   3.31612420   6
   0.000134   8.2000   3.84962583   3.8496   3.3174   4.0479   2.8496   -3.524   -3.323   -3.025   -2.939   -2.919   -2.896   -2.812   -2.794   -2.771   3.31613207   6
   0.000134   8.2000   3.85015845   3.8502   3.3188   4.0357   2.7994   -3.527   -3.353   -3.086   -3.007   -2.991   -2.972   -2.901   -2.887   -2.866   3.31613755   6
   0.000134   8.2000   3.85055780   3.8506   3.3194   4.0228   2.7472   -3.528   -3.380   -3.148   -3.075   -3.063   -3.050   -2.992   -2.983   -2.965   3.31614161   6
   0.000134   8.2000   3.85082603   3.8508   3.3189   4.0106   2.6993   -3.527   -3.401   -3.201   -3.135   -3.126   -3.120   -3.075   -3.069   -3.054   3.31614447   6
   0.000134   8.2000   3.85100818   3.8510   3.3176   3.9995   2.6559   -3.524   -3.415   -3.248   -3.187   -3.182   -3.181   -3.148   -3.147   -3.134   3.31614637   6
   0.000134   8.2000   3.85115767   3.8512   3.3152   3.9873   2.6095   -3.518   -3.424   -3.293   -3.240   -3.238   -3.244   -3.225   -3.228   -3.218   3.31614780   6
   0.000134   8.2000   3.85127163   3.8513   3.3115   3.9747   2.5628   -3.509   -3.425   -3.335   -3.289   -3.292   -3.303   -3.302   -3.309   -3.302   3.31614900   6
   0.000134   8.2000   3.85135865   3.8514   3.3067   3.9620   2.5168   -3.497   -3.419   -3.370   -3.333   -3.340   -3.359   -3.375   -3.388   -3.384   3.31614995   6
   0.000134   8.2000   3.85141778   3.8514   3.3018   3.9511   2.4781   -3.485   -3.406   -3.393   -3.365   -3.377   -3.402   -3.434   -3.453   -3.452   3.31615067   6
   0.000134   8.2000   3.85147190   3.8515   3.2954   3.9387   2.4349   -3.469   -3.381   -3.409   -3.393   -3.413   -3.448   -3.499   -3.524   -3.527   3.31615114   6
   0.000134   8.2000   3.85147882   3.8515   3.2945   3.9370   2.4291   -3.466   -3.377   -3.410   -3.396   -3.417   -3.453   -3.507   -3.534   -3.537   3.31615114   7
   0.000134   8.2000   3.85151267   3.8515   3.2890   3.9272   2.3952   -3.453   -3.351   -3.414   -3.412   -3.440   -3.485   -3.556   -3.589   -3.596   3.31615162   7
   0.000134   8.2000   3.85155153   3.8516   3.2820   3.9139   2.3494   -3.435   -3.314   -3.408   -3.425   -3.466   -3.526   -3.620   -3.666   -3.676   3.31615186   7
   0.000134   8.2000   3.85158539   3.8516   3.2757   3.9001   2.3005   -3.419   -3.274   -3.393   -3.434   -3.491   -3.569   -3.689   -3.749   -3.762   3.31615233   7
   0.000134   8.2000   3.85161543   3.8516   3.2707   3.8863   2.2501   -3.407   -3.233   -3.366   -3.434   -3.513   -3.612   -3.759   -3.838   -3.854   3.31615257   7
   0.000134   8.2000   3.85164189   3.8516   3.2668   3.8726   2.1991   -3.397   -3.193   -3.325   -3.429   -3.532   -3.655   -3.829   -3.930   -3.948   3.31615281   7
   0.000134   8.2000   3.85166669   3.8517   3.2641   3.8587   2.1465   -3.390   -3.150   -3.274   -3.420   -3.551   -3.698   -3.902   -4.027   -4.047   3.31615305   7
   0.000134   8.2000   3.85168958   3.8517   3.2625   3.8451   2.0935   -3.386   -3.110   -3.215   -3.407   -3.567   -3.740   -3.974   -4.125   -4.147   3.31615329   7
   0.000134   8.2000   3.85171151   3.8517   3.2622   3.8314   2.0392   -3.386   -3.071   -3.157   -3.393   -3.583   -3.782   -4.048   -4.227   -4.251   3.31615353   7
   0.000134   8.2000   3.85173249   3.8517   3.2637   3.8185   1.9860   -3.389   -3.036   -3.103   -3.379   -3.597   -3.822   -4.118   -4.326   -4.352   3.31615376   7
   0.000134   8.2000   3.85175347   3.8518   3.2674   3.8069   1.9360   -3.398   -3.008   -3.059   -3.371   -3.614   -3.862   -4.186   -4.421   -4.449   3.31615400   7
   0.000134   8.2000   3.85177493   3.8518   3.2741   3.7966   1.8881   -3.415   -2.989   -3.022   -3.368   -3.635   -3.903   -4.252   -4.512   -4.543   3.31615424   7
   0.000134   8.2000   3.85179806   3.8518   3.2851   3.7875   1.8406   -3.443   -2.982   -2.992   -3.373   -3.663   -3.948   -4.323   -4.603   -4.639   3.31615448   7
   0.000134   8.2000   3.85182548   3.8518   3.3009   3.7791   1.7913   -3.482   -2.985   -2.974   -3.389   -3.701   -4.004   -4.401   -4.702   -4.742   3.31615472   7
   0.000134   8.2000   3.85186982   3.8519   3.3224   3.7723   1.7423   -3.536   -2.992   -2.989   -3.429   -3.758   -4.075   -4.491   -4.811   -4.852   3.31615520   7
   0.000134   8.2000   3.85196114   3.8520   3.3435   3.7762   1.7371   -3.589   -3.069   -3.066   -3.491   -3.810   -4.118   -4.523   -4.832   -4.873   3.31615615   7
   0.000134   8.2000   3.85203218   3.8520   3.3448   3.7827   1.7616   -3.592   -3.108   -3.111   -3.510   -3.813   -4.108   -4.495   -4.786   -4.824   3.31615686   7
   0.000134   8.2000   3.85211372   3.8521   3.3398   3.7895   1.7937   -3.580   -3.123   -3.147   -3.518   -3.802   -4.083   -4.451   -4.726   -4.761   3.31615782   7
   0.000134   8.2000   3.85223198   3.8522   3.3304   3.7953   1.8265   -3.556   -3.122   -3.159   -3.508   -3.777   -4.047   -4.400   -4.661   -4.693   3.31615901   7
   0.000134   8.2000   3.85245705   3.8525   3.3076   3.7910   1.8323   -3.499   -3.050   -3.074   -3.440   -3.720   -3.999   -4.363   -4.635   -4.669   3.31616139   7
   0.000134   8.2000   3.85253286   3.8525   3.2963   3.7840   1.8157   -3.471   -2.995   -2.996   -3.391   -3.690   -3.982   -4.366   -4.655   -4.693   3.31616211   7
   0.000134   8.2000   3.85259795   3.8526   3.2866   3.7757   1.7918   -3.447   -2.928   -2.917   -3.345   -3.666   -3.976   -4.383   -4.694   -4.735   3.31616282   7
   0.000134   8.2000   3.85264730   3.8526   3.2799   3.7677   1.7667   -3.430   -2.863   -2.854   -3.311   -3.651   -3.977   -4.406   -4.739   -4.781   3.31616330   7
   0.000134   8.2000   3.85268760   3.8527   3.2739   3.7600   1.7418   -3.415   -2.809   -2.797   -3.280   -3.635   -3.975   -4.425   -4.778   -4.823   3.31616378   7
   0.000134   8.2000   3.85272264   3.8527   3.2685   3.7525   1.7171   -3.401   -2.751   -2.742   -3.249   -3.620   -3.974   -4.443   -4.816   -4.863   3.31616402   7
   0.000134   8.2000   3.85275412   3.8528   3.2676   3.7449   1.6879   -3.399   -2.700   -2.695   -3.229   -3.616   -3.984   -4.473   -4.864   -4.914   3.31616449   7
   0.000134   8.2000   3.85278392   3.8528   3.2688   3.7374   1.6567   -3.402   -2.649   -2.652   -3.214   -3.617   -3.998   -4.508   -4.917   -4.971   3.31616473   7
   0.000134   8.2000   3.85281801   3.8528   3.2697   3.7297   1.6249   -3.404   -2.589   -2.604   -3.196   -3.616   -4.012   -4.542   -4.970   -5.028   3.31616497   7
   0.000134   8.2000   3.85286617   3.8529   3.2729   3.7209   1.5865   -3.412   -2.514   -2.550   -3.180   -3.620   -4.032   -4.587   -5.035   -5.099   3.31616569   7
   0.000134   8.2000   3.85295057   3.8530   3.2772   3.7106   1.5411   -3.423   -2.416   -2.482   -3.161   -3.624   -4.056   -4.639   -5.112   -5.181   3.31616640   7
   0.000134   8.2000   3.85306907   3.8531   3.2909   3.7023   1.4940   -3.457   -2.348   -2.447   -3.168   -3.651   -4.099   -4.707   -5.199   -5.274   3.31616759   7
   0.000134   8.2000   3.85310841   3.8531   3.3120   3.6996   1.4620   -3.510   -2.364   -2.477   -3.212   -3.701   -4.155   -4.771   -5.270   -5.346   3.31616807   7
   0.000134   8.2000   3.85314083   3.8531   3.3350   3.6975   1.4309   -3.568   -2.390   -2.515   -3.262   -3.757   -4.214   -4.836   -5.340   -5.417   3.31616831   7
   0.000134   8.2000   3.85318136   3.8532   3.3631   3.6955   1.3947   -3.638   -2.428   -2.567   -3.325   -3.825   -4.286   -4.915   -5.423   -5.502   3.31616879   7
   0.000134   8.2000   3.85323787   3.8532   3.3943   3.6935   1.3554   -3.716   -2.473   -2.625   -3.396   -3.901   -4.366   -5.001   -5.515   -5.594   3.31616950   7
   0.000134   8.2000   3.85343671   3.8534   3.4353   3.6909   1.3041   -3.818   -2.533   -2.703   -3.489   -4.001   -4.472   -5.114   -5.634   -5.715   3.31617141   7
   0.000134   8.2000   3.85388470   3.8539   3.4806   3.6880   1.2475   -3.931   -2.595   -2.787   -3.590   -4.110   -4.587   -5.239   -5.766   -5.848   3.31617618   7
   0.000134   8.2000   3.85444331   3.8544   3.5274   3.6855   1.1904   -4.049   -2.663   -2.877   -3.697   -4.223   -4.707   -5.367   -5.900   -5.984   3.31618190   7
   0.000134   8.2000   3.85498738   3.8550   3.5701   3.6829   1.1375   -4.155   -2.721   -2.955   -3.793   -4.326   -4.815   -5.484   -6.024   -6.109   3.31618762   7
   0.000134   8.2000   3.85553360   3.8555   3.6152   3.6805   1.0828   -4.268   -2.787   -3.041   -3.895   -4.435   -4.930   -5.606   -6.152   -6.239   3.31619310   7
   0.000134   8.2000   3.85596442   3.8560   3.6543   3.6781   1.0344   -4.366   -2.836   -3.112   -3.982   -4.529   -5.029   -5.713   -6.265   -6.353   3.31619763   7
   0.000134   8.2000   3.85639524   3.8564   3.6984   3.6758   0.9808   -4.476   -2.888   -3.191   -4.080   -4.635   -5.141   -5.833   -6.391   -6.480   3.31620216   7
   0.000134   8.2000   3.85679889   3.8568   3.7446   3.6730   0.9238   -4.592   -2.920   -3.267   -4.182   -4.748   -5.261   -5.961   -6.523   -6.613   3.31620622   7
   0.000134   8.2000   3.85717249   3.8572   3.7911   3.6705   0.8669   -4.708   -2.954   -3.344   -4.284   -4.861   -5.381   -6.089   -6.656   -6.747   3.31621003   7
   0.000134   8.2000   3.85747075   3.8575   3.8308   3.6680   0.8177   -4.807   -2.974   -3.405   -4.369   -4.956   -5.483   -6.199   -6.770   -6.862   3.31621313   7
   0.000134   8.2000   3.85775208   3.8578   3.8708   3.6657   0.7685   -4.907   -2.994   -3.466   -4.455   -5.052   -5.586   -6.309   -6.884   -6.977   3.31621599   7
   0.000134   8.2000   3.85801363   3.8580   3.9107   3.6634   0.7192   -5.007   -3.012   -3.526   -4.540   -5.148   -5.689   -6.419   -6.998   -7.092   3.31621885   7
   0.000134   8.2000   3.85825658   3.8583   3.9506   3.6609   0.6695   -5.106   -3.025   -3.583   -4.624   -5.243   -5.791   -6.529   -7.113   -7.208   3.31622124   7
   0.000134   8.2000   3.85848260   3.8585   3.9903   3.6586   0.6204   -5.206   -3.035   -3.638   -4.707   -5.338   -5.893   -6.639   -7.227   -7.322   3.31622362   7
   0.000134   8.2000   3.85869527   3.8587   4.0301   3.6560   0.5705   -5.305   -3.038   -3.690   -4.788   -5.431   -5.994   -6.749   -7.342   -7.437   3.31622577   7
   0.000134   8.2000   3.85889316   3.8589   4.0701   3.6537   0.5210   -5.405   -3.043   -3.743   -4.870   -5.525   -6.097   -6.859   -7.456   -7.552   3.31622791   7
   0.000134   8.2000   3.85907316   3.8591   4.1103   3.6512   0.4711   -5.506   -3.052   -3.796   -4.951   -5.619   -6.198   -6.970   -7.572   -7.668   3.31622958   7
   0.000134   8.2000   3.85919809   3.8592   4.1388   3.6499   0.4373   -5.577   -3.070   -3.839   -5.010   -5.685   -6.270   -7.046   -7.651   -7.748   3.31623101   7
   0.000134   8.2000   3.86015677   3.8602   4.1817   3.6495   0.3930   -5.684   -3.143   -3.930   -5.111   -5.791   -6.378   -7.157   -7.762   -7.858   3.31624079   8
