#   Isochrone  Z = 0.00134   Y = 0.25084   [M/H] = -1.063   eta_R = 0.200   Age =    2.8184e+08 yr
#      Z   log(age/yr)   M_ini      M_act   logL/Lo   logTe   logG   mbol    U       B       V       R       I       J       H       K   int_IMF   stage
   0.001340   8.4500   0.09000000   0.0900   -2.9763   3.4753   5.2218   12.211   19.211   16.892   14.962   13.337   11.681   10.269   9.808   9.622   1.46765435   0
   0.001340   8.4500   0.09036623   0.0904   -2.9726   3.4759   5.2220   12.201   19.179   16.868   14.939   13.321   11.670   10.262   9.799   9.613   1.47160351   0
   0.001340   8.4500   0.09617949   0.0962   -2.9073   3.4854   5.2222   12.038   18.622   16.440   14.541   13.024   11.479   10.129   9.645   9.454   1.53234422   0
   0.001340   8.4500   0.09743248   0.0974   -2.8930   3.4876   5.2223   12.002   18.495   16.344   14.452   12.957   11.437   10.101   9.612   9.420   1.54498088   0
   0.001340   8.4500   0.10000000   0.1000   -2.8610   3.4925   5.2208   11.922   18.223   16.138   14.264   12.814   11.346   10.036   9.538   9.343   1.57040203   0
   0.001340   8.4500   0.10363247   0.1036   -2.8264   3.4966   5.2184   11.836   17.976   15.947   14.089   12.675   11.250   9.962   9.457   9.261   1.60526466   0
   0.001340   8.4500   0.11246134   0.1125   -2.7405   3.5072   5.2104   11.621   17.365   15.474   13.663   12.333   11.014   9.781   9.259   9.058   1.68489075   0
   0.001340   8.4500   0.12000000   0.1200   -2.6599   3.5170   5.1972   11.420   16.810   15.046   13.283   12.020   10.797   9.610   9.074   8.870   1.74782515   0
   0.001340   8.4500   0.14000000   0.1400   -2.4923   3.5328   5.1597   11.001   15.872   14.291   12.620   11.445   10.356   9.239   8.687   8.478   1.89584959   0
   0.001340   8.4500   0.16000000   0.1600   -2.3724   3.5432   5.1392   10.701   15.271   13.794   12.185   11.058   10.045   8.970   8.410   8.200   2.02115250   0
   0.001340   8.4500   0.17391156   0.1739   -2.3035   3.5485   5.1278   10.529   14.951   13.525   11.948   10.844   9.867   8.813   8.249   8.039   2.09756422   0
   0.001340   8.4500   0.20000000   0.2000   -2.1782   3.5576   5.0994   10.215   14.396   13.054   11.531   10.464   9.547   8.527   7.958   7.746   2.22178221   0
   0.001340   8.4500   0.22659881   0.2266   -2.0763   3.5642   5.0782   9.961   13.974   12.690   11.205   10.165   9.288   8.292   7.719   7.508   2.32801104   0
   0.001340   8.4500   0.25000000   0.2500   -1.9932   3.5694   5.0586   9.753   13.637   12.398   10.944   9.924   9.078   8.100   7.524   7.313   2.40809011   0
   0.001340   8.4500   0.30000001   0.3000   -1.8459   3.5783   5.0263   9.385   13.066   11.896   10.492   9.506   8.705   7.757   7.178   6.968   2.54750419   0
   0.001340   8.4500   0.34999999   0.3500   -1.7072   3.5867   4.9879   9.038   12.532   11.428   10.072   9.119   8.356   7.434   6.852   6.645   2.65552020   0
   0.001340   8.4500   0.40000001   0.4000   -1.5535   3.5977   4.9363   8.654   11.921   10.893   9.598   8.688   7.968   7.079   6.492   6.295   2.74133730   0
   0.001340   8.4500   0.44999999   0.4500   -1.3833   3.6128   4.8776   8.228   11.207   10.272   9.062   8.209   7.538   6.693   6.097   5.920   2.81098008   0
   0.001340   8.4500   0.50000000   0.5000   -1.2000   3.6352   4.8296   7.770   10.349   9.540   8.449   7.683   7.080   6.292   5.689   5.548   2.86847806   0
   0.001340   8.4500   0.52357507   0.5236   -1.1094   3.6483   4.8116   7.544   9.885   9.156   8.134   7.419   6.855   6.100   5.506   5.382   2.89223170   1
   0.001340   8.4500   0.55000001   0.5500   -1.0141   3.6632   4.7971   7.305   9.364   8.745   7.799   7.141   6.618   5.905   5.334   5.226   2.91663504   1
   0.001340   8.4500   0.60000002   0.6000   -0.8429   3.6892   4.7679   6.877   8.436   8.052   7.219   6.660   6.196   5.565   5.057   4.968   2.95739889   1
   0.001340   8.4500   0.64999998   0.6500   -0.6814   3.7137   4.7392   6.474   7.635   7.460   6.716   6.228   5.807   5.254   4.810   4.734   2.99236870   1
   0.001340   8.4500   0.69999999   0.7000   -0.5300   3.7381   4.7176   6.095   6.940   6.930   6.272   5.839   5.457   4.973   4.588   4.523   3.02253795   1
   0.001340   8.4500   0.75000000   0.7500   -0.3887   3.7609   4.6975   5.742   6.354   6.458   5.882   5.493   5.146   4.722   4.381   4.328   3.04879928   1
   0.001340   8.4500   0.80000001   0.8000   -0.2571   3.7781   4.6626   5.413   5.885   6.054   5.536   5.181   4.859   4.476   4.165   4.123   3.07187057   1
   0.001340   8.4500   0.85000002   0.8500   -0.1344   3.7932   4.6266   5.106   5.481   5.682   5.220   4.900   4.604   4.250   3.955   3.929   3.09222293   1
   0.001340   8.4500   0.89999998   0.9000   -0.0157   3.8066   4.5865   4.809   5.122   5.335   4.916   4.623   4.348   4.022   3.749   3.731   3.11026096   1
   0.001340   8.4500   0.94999999   0.9500   0.0952   3.8195   4.5506   4.532   4.804   5.013   4.631   4.361   4.107   3.810   3.563   3.548   3.12635612   1
   0.001340   8.4500   1.00000000   1.0000   0.1990   3.8324   4.5205   4.272   4.515   4.711   4.363   4.117   3.883   3.615   3.394   3.382   3.14080405   1
   0.001340   8.4500   1.04999995   1.0500   0.2974   3.8456   4.4963   4.027   4.250   4.423   4.108   3.885   3.674   3.437   3.243   3.233   3.15380883   1
   0.001340   8.4500   1.10000002   1.1000   0.3896   3.8598   4.4810   3.796   4.005   4.150   3.867   3.671   3.485   3.279   3.114   3.106   3.16554141   1
   0.001340   8.4500   1.14999998   1.1500   0.4770   3.8759   4.4775   3.578   3.779   3.886   3.638   3.473   3.315   3.146   3.013   3.006   3.17617631   1
   0.001340   8.4500   1.20000005   1.2000   0.5596   3.8935   4.4837   3.371   3.567   3.635   3.423   3.292   3.167   3.035   2.936   2.929   3.18585706   1
   0.001340   8.4500   1.25000000   1.2500   0.6379   3.9111   4.4932   3.175   3.369   3.401   3.225   3.128   3.035   2.939   2.870   2.864   3.19470429   1
   0.001340   8.4500   1.27271509   1.2727   0.6724   3.9188   4.4975   3.089   3.284   3.301   3.142   3.060   2.981   2.898   2.841   2.835   3.19847488   1
   0.001340   8.4500   1.29999995   1.3000   0.7131   3.9279   4.5024   2.987   3.184   3.187   3.048   2.982   2.918   2.852   2.808   2.803   3.20280719   1
   0.001340   8.4500   1.32631493   1.3263   0.7516   3.9365   4.5070   2.891   3.091   3.085   2.967   2.915   2.863   2.812   2.777   2.771   3.20679450   1
   0.001340   8.4500   1.35000002   1.3500   0.7857   3.9441   4.5108   2.806   3.010   3.000   2.899   2.859   2.817   2.776   2.749   2.744   3.21023273   1
   0.001340   8.4500   1.39999998   1.4000   0.8561   3.9595   4.5182   2.630   2.842   2.837   2.766   2.745   2.722   2.703   2.690   2.687   3.21705914   1
   0.001340   8.4500   1.40855527   1.4085   0.8678   3.9621   4.5193   2.601   2.814   2.812   2.745   2.727   2.706   2.691   2.680   2.678   3.21817231   1
   0.001340   8.4500   1.45000005   1.4500   0.9238   3.9742   4.5244   2.461   2.679   2.694   2.648   2.640   2.632   2.633   2.631   2.631   3.22335362   1
   0.001340   8.4500   1.50000000   1.5000   0.9888   3.9880   4.5293   2.298   2.524   2.565   2.540   2.543   2.547   2.565   2.571   2.573   3.22917390   1
   0.001340   8.4500   1.54999995   1.5500   1.0509   4.0009   4.5328   2.143   2.376   2.448   2.440   2.452   2.465   2.499   2.510   2.516   3.23456979   1
   0.001340   8.4500   1.56634963   1.5663   1.0708   4.0048   4.5335   2.093   2.328   2.412   2.410   2.423   2.439   2.477   2.490   2.497   3.23624969   1
   0.001340   8.4500   1.60000002   1.6000   1.1110   4.0128   4.5345   1.992   2.233   2.339   2.348   2.365   2.385   2.432   2.448   2.457   3.23958373   1
   0.001340   8.4500   1.64999998   1.6500   1.1691   4.0240   4.5344   1.847   2.099   2.237   2.259   2.281   2.307   2.366   2.386   2.397   3.24424219   1
   0.001340   8.4500   1.68772805   1.6877   1.2116   4.0320   4.5335   1.741   2.002   2.163   2.193   2.219   2.248   2.315   2.338   2.352   3.24754071   1
   0.001340   8.4500   1.70000005   1.7000   1.2254   4.0345   4.5330   1.707   1.971   2.140   2.172   2.199   2.230   2.299   2.322   2.337   3.24857616   1
   0.001340   8.4500   1.75000000   1.7500   1.2800   4.0444   4.5305   1.570   1.848   2.046   2.088   2.118   2.153   2.233   2.259   2.275   3.25261688   1
   0.001340   8.4500   1.79999995   1.8000   1.3335   4.0537   4.5266   1.436   1.730   1.954   2.005   2.038   2.077   2.165   2.194   2.213   3.25639176   1
   0.001340   8.4500   1.85000002   1.8500   1.3855   4.0625   4.5218   1.306   1.615   1.865   1.924   1.959   2.001   2.098   2.129   2.150   3.25992513   1
   0.001340   8.4500   1.86793351   1.8679   1.4037   4.0656   4.5199   1.261   1.575   1.834   1.895   1.931   1.975   2.074   2.106   2.128   3.26113772   1
   0.001340   8.4500   1.89999998   1.9000   1.4363   4.0709   4.5159   1.179   1.504   1.778   1.843   1.880   1.926   2.030   2.064   2.087   3.26323819   1
   0.001340   8.4500   1.95000005   1.9500   1.4861   4.0788   4.5091   1.055   1.395   1.691   1.762   1.802   1.851   1.963   1.998   2.023   3.26635003   1
   0.001340   8.4500   2.00000000   2.0000   1.5352   4.0863   4.5011   0.932   1.289   1.606   1.682   1.724   1.775   1.894   1.931   1.958   3.26927757   1
   0.001340   8.4500   2.00037909   2.0004   1.5355   4.0864   4.5011   0.931   1.288   1.605   1.681   1.723   1.775   1.893   1.930   1.957   3.26929903   1
   0.001340   8.4500   2.04999995   2.0500   1.5839   4.0933   4.4911   0.810   1.182   1.519   1.600   1.643   1.697   1.821   1.860   1.889   3.27203131   1
   0.001340   8.4500   2.09999990   2.1000   1.6320   4.1000   4.4804   0.690   1.078   1.432   1.518   1.563   1.619   1.749   1.789   1.819   3.27462268   1
   0.001340   8.4500   2.15000010   2.1500   1.6791   4.1062   4.4680   0.572   0.974   1.345   1.435   1.481   1.540   1.675   1.717   1.748   3.27706480   1
   0.001340   8.4500   2.20000005   2.2000   1.7259   4.1119   4.4540   0.455   0.871   1.257   1.350   1.398   1.459   1.598   1.642   1.674   3.27936959   1
   0.001340   8.4500   2.23565722   2.2357   1.7587   4.1157   4.4434   0.373   0.798   1.194   1.290   1.339   1.401   1.544   1.588   1.620   3.28093505   1
   0.001340   8.4500   2.25000000   2.2500   1.7719   4.1171   4.4389   0.340   0.769   1.169   1.266   1.314   1.377   1.521   1.565   1.598   3.28154731   1
   0.001340   8.4500   2.29999995   2.3000   1.8176   4.1220   4.4221   0.226   0.667   1.080   1.179   1.229   1.293   1.441   1.487   1.521   3.28360772   1
   0.001340   8.4500   2.34999990   2.3500   1.8629   4.1267   4.4048   0.113   0.566   0.990   1.093   1.144   1.209   1.361   1.407   1.443   3.28555942   1
   0.001340   8.4500   2.35492253   2.3549   1.8674   4.1271   4.4030   0.102   0.556   0.981   1.084   1.135   1.201   1.353   1.400   1.435   3.28574610   1
   0.001340   8.4500   2.40000010   2.4000   1.9086   4.1307   4.3846   -0.001   0.462   0.897   1.003   1.054   1.121   1.276   1.323   1.359   3.28741050   1
   0.001340   8.4500   2.45650506   2.4565   1.9599   4.1344   4.3582   -0.130   0.342   0.787   0.896   0.948   1.016   1.174   1.222   1.259   3.28939009   1
   0.001340   8.4500   2.51002145   2.5100   2.0085   4.1374   4.3307   -0.251   0.227   0.681   0.791   0.845   0.913   1.073   1.122   1.160   3.29116297   1
   0.001340   8.4500   2.55899143   2.5590   2.0531   4.1394   4.3025   -0.363   0.119   0.579   0.691   0.745   0.814   0.976   1.025   1.063   3.29270315   1
   0.001340   8.4500   2.59999990   2.6000   2.0914   4.1402   4.2744   -0.459   0.024   0.487   0.600   0.654   0.723   0.886   0.935   0.973   3.29393530   1
   0.001340   8.4500   2.61794519   2.6179   2.1080   4.1405   4.2620   -0.500   -0.017   0.446   0.561   0.614   0.684   0.846   0.895   0.934   3.29445887   1
   0.001340   8.4500   2.67012763   2.6701   2.1566   4.1405   4.2220   -0.622   -0.141   0.324   0.439   0.493   0.562   0.725   0.774   0.812   3.29592896   1
   0.001340   8.4500   2.72038078   2.7204   2.2043   4.1394   4.1780   -0.741   -0.266   0.198   0.314   0.367   0.435   0.597   0.646   0.685   3.29727602   1
   0.001340   8.4500   2.77125716   2.7713   2.2544   4.1362   4.1232   -0.866   -0.404   0.055   0.171   0.223   0.290   0.449   0.497   0.535   3.29857516   1
   0.001340   8.4500   2.79999995   2.8000   2.2830   4.1337   4.0892   -0.937   -0.485   -0.030   0.085   0.136   0.202   0.360   0.407   0.444   3.29928207   1
   0.001340   8.4500   2.83691168   2.8369   2.3196   4.1295   4.0411   -1.029   -0.592   -0.146   -0.031   0.019   0.083   0.238   0.284   0.320   3.30016279   1
   0.001340   8.4500   2.87925434   2.8793   2.3638   4.1216   3.9721   -1.139   -0.730   -0.298   -0.187   -0.139   -0.077   0.071   0.115   0.150   3.30113697   1
   0.001340   8.4500   2.91622949   2.9162   2.4036   4.1133   3.9044   -1.239   -0.857   -0.443   -0.334   -0.289   -0.230   -0.089   -0.047   -0.013   3.30195785   1
   0.001340   8.4500   2.94730234   2.9473   2.4404   4.1061   3.8432   -1.331   -0.973   -0.573   -0.467   -0.424   -0.368   -0.233   -0.193   -0.160   3.30262685   1
   0.001340   8.4500   2.96107054   2.9611   2.4581   4.1038   3.8184   -1.375   -1.025   -0.629   -0.524   -0.482   -0.427   -0.293   -0.254   -0.222   3.30291748   1
   0.001340   8.4500   2.97365236   2.9737   2.4830   4.1141   3.8367   -1.437   -1.058   -0.638   -0.528   -0.483   -0.424   -0.282   -0.240   -0.206   3.30317998   1
   0.001340   8.4500   2.97766972   2.9777   2.4978   4.1252   3.8668   -1.475   -1.062   -0.617   -0.501   -0.453   -0.391   -0.240   -0.195   -0.159   3.30326319   1
   0.001340   8.4500   2.97908282   2.9791   2.5113   4.1360   3.8968   -1.508   -1.062   -0.593   -0.473   -0.422   -0.356   -0.196   -0.149   -0.111   3.30329251   1
   0.001340   8.4500   2.97978091   2.9798   2.5284   4.1473   3.9250   -1.551   -1.070   -0.576   -0.450   -0.397   -0.327   -0.158   -0.108   -0.068   3.30330682   1
   0.001340   8.4500   2.98019433   2.9802   2.5461   4.1574   3.9476   -1.595   -1.080   -0.566   -0.436   -0.380   -0.306   -0.130   -0.078   -0.036   3.30331540   1
   0.001340   8.4500   2.98024487   2.9802   2.5476   4.1584   3.9501   -1.599   -1.081   -0.565   -0.434   -0.377   -0.303   -0.127   -0.074   -0.032   3.30331659   2
   0.001340   8.4500   2.98042297   2.9804   2.5225   4.1495   3.9399   -1.536   -1.047   -0.549   -0.422   -0.368   -0.297   -0.127   -0.077   -0.037   3.30332017   2
   0.001340   8.4500   2.98056340   2.9806   2.5087   4.1382   3.9086   -1.502   -1.049   -0.575   -0.453   -0.402   -0.335   -0.174   -0.126   -0.087   3.30332303   2
   0.001340   8.4500   2.98072553   2.9807   2.5181   4.1267   3.8528   -1.525   -1.109   -0.660   -0.544   -0.495   -0.433   -0.280   -0.235   -0.199   3.30332637   2
   0.001340   8.4500   2.98093176   2.9809   2.5397   4.1147   3.7835   -1.579   -1.202   -0.778   -0.666   -0.621   -0.563   -0.420   -0.378   -0.343   3.30333066   2
   0.001340   8.4500   2.98117161   2.9812   2.5576   4.1026   3.7173   -1.624   -1.284   -0.886   -0.779   -0.738   -0.684   -0.551   -0.512   -0.480   3.30333567   2
   0.001340   8.4500   2.98143911   2.9814   2.5699   4.0904   3.6559   -1.655   -1.350   -0.980   -0.879   -0.840   -0.791   -0.668   -0.633   -0.603   3.30334115   2
   0.001340   8.4500   2.98173022   2.9817   2.5788   4.0779   3.5974   -1.677   -1.405   -1.065   -0.969   -0.935   -0.890   -0.778   -0.746   -0.718   3.30334711   2
   0.001340   8.4500   2.98203707   2.9820   2.5853   4.0654   3.5408   -1.693   -1.453   -1.144   -1.053   -1.022   -0.983   -0.882   -0.854   -0.828   3.30335331   2
   0.001340   8.4500   2.98235011   2.9824   2.5899   4.0527   3.4856   -1.705   -1.494   -1.217   -1.133   -1.105   -1.071   -0.982   -0.958   -0.934   3.30335999   2
   0.001340   8.4500   2.98266029   2.9827   2.5933   4.0401   3.4316   -1.713   -1.528   -1.286   -1.208   -1.184   -1.155   -1.079   -1.058   -1.038   3.30336618   2
   0.001340   8.4500   2.98296022   2.9830   2.5954   4.0273   3.3786   -1.719   -1.557   -1.350   -1.279   -1.258   -1.235   -1.172   -1.155   -1.138   3.30337238   2
   0.001340   8.4500   2.98324561   2.9832   2.5967   4.0146   3.3265   -1.722   -1.579   -1.409   -1.346   -1.329   -1.312   -1.263   -1.250   -1.236   3.30337834   2
   0.001340   8.4500   2.98351336   2.9835   2.5972   4.0019   3.2752   -1.723   -1.596   -1.464   -1.409   -1.397   -1.386   -1.350   -1.342   -1.331   3.30338383   2
   0.001340   8.4500   2.98376298   2.9838   2.5971   3.9893   3.2247   -1.723   -1.606   -1.514   -1.468   -1.460   -1.456   -1.436   -1.432   -1.424   3.30338907   2
   0.001340   8.4500   2.98399425   2.9840   2.5963   3.9766   3.1748   -1.721   -1.608   -1.557   -1.522   -1.520   -1.522   -1.519   -1.521   -1.516   3.30339360   2
   0.001340   8.4500   2.98420739   2.9842   2.5949   3.9639   3.1256   -1.717   -1.603   -1.593   -1.571   -1.575   -1.585   -1.600   -1.607   -1.606   3.30339813   2
   0.001340   8.4500   2.98440385   2.9844   2.5931   3.9513   3.0769   -1.713   -1.594   -1.622   -1.614   -1.626   -1.646   -1.678   -1.693   -1.695   3.30340219   2
   0.001340   8.4500   2.98458385   2.9846   2.5907   3.9387   3.0290   -1.707   -1.579   -1.641   -1.650   -1.671   -1.703   -1.754   -1.777   -1.783   3.30340576   2
   0.001340   8.4500   2.98474908   2.9847   2.5880   3.9261   2.9815   -1.700   -1.558   -1.648   -1.677   -1.712   -1.756   -1.828   -1.862   -1.870   3.30340934   2
   0.001340   8.4500   2.98490047   2.9849   2.5848   3.9136   2.9345   -1.692   -1.533   -1.643   -1.695   -1.745   -1.805   -1.899   -1.945   -1.956   3.30341244   2
   0.001340   8.4500   2.98503947   2.9850   2.5813   3.9011   2.8882   -1.683   -1.505   -1.626   -1.704   -1.772   -1.850   -1.966   -2.028   -2.041   3.30341530   2
   0.001340   8.4500   2.98516726   2.9852   2.5774   3.8887   2.8422   -1.674   -1.471   -1.594   -1.705   -1.794   -1.892   -2.031   -2.110   -2.125   3.30341792   2
   0.001340   8.4500   2.98528481   2.9853   2.5733   3.8763   2.7967   -1.663   -1.435   -1.548   -1.696   -1.810   -1.930   -2.094   -2.192   -2.209   3.30342031   2
   0.001340   8.4500   2.98539329   2.9854   2.5687   3.8638   2.7516   -1.652   -1.397   -1.496   -1.683   -1.823   -1.964   -2.154   -2.274   -2.292   3.30342245   2
   0.001340   8.4500   2.98549342   2.9855   2.5640   3.8515   2.7069   -1.640   -1.357   -1.440   -1.663   -1.829   -1.994   -2.211   -2.354   -2.374   3.30342460   2
   0.001340   8.4500   2.98558617   2.9856   2.5589   3.8392   2.6628   -1.627   -1.314   -1.379   -1.640   -1.832   -2.020   -2.264   -2.433   -2.454   3.30342650   2
   0.001340   8.4500   2.98567247   2.9857   2.5536   3.8269   2.6191   -1.614   -1.266   -1.316   -1.613   -1.831   -2.043   -2.315   -2.509   -2.533   3.30342817   2
   0.001340   8.4500   2.98575258   2.9858   2.5480   3.8148   2.5761   -1.600   -1.213   -1.249   -1.583   -1.827   -2.062   -2.363   -2.584   -2.610   3.30342984   2
   0.001340   8.4500   2.98582768   2.9858   2.5420   3.8028   2.5343   -1.585   -1.155   -1.180   -1.551   -1.820   -2.077   -2.408   -2.657   -2.683   3.30343127   2
   0.001340   8.4500   2.98589897   2.9859   2.5357   3.7913   2.4947   -1.569   -1.095   -1.102   -1.512   -1.808   -2.087   -2.445   -2.720   -2.752   3.30343294   2
   0.001340   8.4500   2.98596787   2.9860   2.5288   3.7806   2.4586   -1.552   -1.037   -1.017   -1.466   -1.789   -2.088   -2.475   -2.774   -2.811   3.30343437   2
   0.001340   8.4500   2.98604608   2.9860   2.5199   3.7695   2.4233   -1.530   -0.948   -0.931   -1.421   -1.769   -2.090   -2.507   -2.836   -2.877   3.30343580   2
   0.001340   8.4500   2.98614717   2.9861   2.5066   3.7586   2.3929   -1.497   -0.849   -0.838   -1.367   -1.736   -2.076   -2.522   -2.877   -2.922   3.30343795   2
   0.001340   8.4500   2.98629951   2.9863   2.4828   3.7475   2.3723   -1.437   -0.713   -0.712   -1.284   -1.675   -2.035   -2.511   -2.892   -2.941   3.30344105   2
   0.001340   8.4500   2.98645902   2.9865   2.4560   3.7386   2.3636   -1.370   -0.576   -0.590   -1.196   -1.605   -1.981   -2.482   -2.885   -2.938   3.30344439   2
   0.001340   8.4500   2.98664045   2.9866   2.4385   3.7296   2.3452   -1.326   -0.450   -0.487   -1.130   -1.558   -1.948   -2.475   -2.901   -2.958   3.30344796   3
   0.001340   8.4500   2.98684764   2.9868   2.4710   3.7209   2.2779   -1.408   -0.438   -0.508   -1.189   -1.635   -2.040   -2.592   -3.040   -3.100   3.30345225   3
   0.001340   8.4500   2.98700643   2.9870   2.5097   3.7153   2.2167   -1.504   -0.466   -0.563   -1.270   -1.727   -2.143   -2.711   -3.174   -3.236   3.30345559   3
   0.001340   8.4500   2.98718429   2.9872   2.5493   3.7111   2.1603   -1.603   -0.512   -0.630   -1.356   -1.823   -2.247   -2.828   -3.301   -3.365   3.30345917   3
   0.001340   8.4500   2.98736238   2.9874   2.5827   3.7078   2.1138   -1.687   -0.551   -0.687   -1.430   -1.904   -2.333   -2.924   -3.407   -3.471   3.30346298   3
   0.001340   8.4500   2.98743081   2.9874   2.5921   3.7070   2.1010   -1.710   -0.563   -0.704   -1.450   -1.926   -2.358   -2.951   -3.436   -3.501   3.30346417   3
   0.001340   8.4500   2.98753333   2.9875   2.6062   3.7057   2.0818   -1.745   -0.581   -0.728   -1.481   -1.960   -2.394   -2.991   -3.479   -3.545   3.30346632   3
   0.001340   8.4500   2.98775339   2.9878   2.6334   3.7034   2.0456   -1.813   -0.617   -0.778   -1.542   -2.026   -2.464   -3.068   -3.562   -3.628   3.30347085   3
   0.001340   8.4500   2.98815680   2.9882   2.6812   3.6995   1.9820   -1.933   -0.679   -0.864   -1.649   -2.141   -2.586   -3.203   -3.707   -3.775   3.30347919   3
   0.001340   8.4500   2.98852324   2.9885   2.7242   3.6961   1.9257   -2.041   -0.730   -0.941   -1.744   -2.244   -2.696   -3.324   -3.838   -3.907   3.30348659   3
   0.001340   8.4500   2.98892593   2.9889   2.7712   3.6927   1.8650   -2.158   -0.787   -1.025   -1.848   -2.357   -2.815   -3.455   -3.979   -4.049   3.30349493   3
   0.001340   8.4500   2.98932815   2.9893   2.8172   3.6893   1.8057   -2.273   -0.843   -1.108   -1.950   -2.467   -2.932   -3.583   -4.118   -4.188   3.30350304   3
   0.001340   8.4500   2.98981261   2.9898   2.8582   3.6866   1.7537   -2.376   -0.892   -1.182   -2.040   -2.564   -3.035   -3.696   -4.240   -4.311   3.30351305   4
   0.001340   8.4500   2.99228215   2.9923   2.8339   3.6886   1.7865   -2.315   -0.870   -1.142   -1.988   -2.508   -2.974   -3.628   -4.165   -4.235   3.30356359   4
   0.001340   8.4500   2.99925065   2.9993   2.7898   3.6928   1.8483   -2.204   -0.832   -1.072   -1.895   -2.404   -2.862   -3.501   -4.025   -4.095   3.30370545   4
   0.001340   8.4500   3.00000000   3.0000   2.7860   3.6931   1.8537   -2.195   -0.828   -1.066   -1.887   -2.395   -2.853   -3.491   -4.013   -4.083   3.30372047   4
   0.001340   8.4500   3.00722194   3.0072   2.7503   3.6966   1.9041   -2.106   -0.796   -1.008   -1.811   -2.310   -2.761   -3.388   -3.901   -3.969   3.30386662   4
   0.001340   8.4500   3.01965070   3.0197   2.6963   3.7025   1.9837   -1.971   -0.756   -0.927   -1.697   -2.183   -2.623   -3.230   -3.726   -3.792   3.30411577   4
   0.001340   8.4500   3.03687239   3.0369   2.6597   3.7116   2.0590   -1.879   -0.782   -0.908   -1.635   -2.102   -2.524   -3.103   -3.575   -3.638   3.30445671   5
   0.001340   8.4500   3.04580879   3.0458   2.6823   3.7189   2.0672   -1.936   -0.923   -1.022   -1.716   -2.166   -2.574   -3.131   -3.582   -3.642   3.30463147   5
   0.001340   8.4500   3.05004358   3.0500   2.7032   3.7245   2.0692   -1.988   -1.032   -1.115   -1.784   -2.222   -2.621   -3.161   -3.597   -3.655   3.30471396   5
   0.001340   8.4500   3.05402017   3.0540   2.7277   3.7324   2.0766   -2.049   -1.170   -1.232   -1.866   -2.289   -2.673   -3.190   -3.606   -3.661   3.30479097   5
   0.001340   8.4500   3.05702305   3.0570   2.7447   3.7403   2.0917   -2.092   -1.284   -1.328   -1.929   -2.335   -2.706   -3.200   -3.595   -3.648   3.30484915   5
   0.001340   8.4500   3.05902338   3.0590   2.7555   3.7483   2.1133   -2.119   -1.375   -1.406   -1.975   -2.364   -2.720   -3.193   -3.568   -3.617   3.30488777   5
   0.001340   8.4500   3.06039810   3.0604   2.7626   3.7551   2.1337   -2.137   -1.442   -1.466   -2.007   -2.382   -2.727   -3.181   -3.540   -3.587   3.30491424   5
   0.001340   8.4500   3.06189632   3.0619   2.7701   3.7632   2.1588   -2.155   -1.514   -1.532   -2.043   -2.401   -2.731   -3.165   -3.504   -3.547   3.30494308   5
   0.001340   8.4500   3.06324959   3.0632   2.7763   3.7709   2.1835   -2.171   -1.577   -1.592   -2.074   -2.417   -2.733   -3.145   -3.466   -3.506   3.30496907   5
   0.001340   8.4500   3.06474161   3.0647   2.7830   3.7790   2.2095   -2.187   -1.646   -1.657   -2.108   -2.432   -2.731   -3.121   -3.419   -3.457   3.30499768   5
   0.001340   8.4500   3.06622005   3.0662   2.7893   3.7869   2.2350   -2.203   -1.697   -1.724   -2.145   -2.448   -2.732   -3.101   -3.381   -3.415   3.30502605   5
   0.001340   8.4500   3.06782269   3.0678   2.7958   3.7958   2.2642   -2.219   -1.749   -1.794   -2.183   -2.464   -2.731   -3.077   -3.337   -3.367   3.30505681   5
   0.001340   8.4500   3.06983948   3.0698   2.8035   3.8067   2.3004   -2.239   -1.812   -1.871   -2.222   -2.478   -2.724   -3.044   -3.278   -3.306   3.30509520   5
   0.001340   8.4500   3.07201290   3.0720   2.8112   3.8185   2.3404   -2.258   -1.876   -1.946   -2.259   -2.488   -2.712   -3.003   -3.211   -3.236   3.30513668   5
   0.001340   8.4500   3.07449174   3.0745   2.8195   3.8316   2.3845   -2.279   -1.939   -2.024   -2.296   -2.497   -2.696   -2.956   -3.135   -3.159   3.30518389   5
   0.001340   8.4500   3.07755876   3.0776   2.8291   3.8468   2.4361   -2.303   -2.006   -2.111   -2.335   -2.503   -2.673   -2.898   -3.046   -3.068   3.30524230   5
   0.001340   8.4500   3.08082986   3.0808   2.8387   3.8610   2.4841   -2.327   -2.067   -2.191   -2.369   -2.506   -2.648   -2.843   -2.964   -2.983   3.30530429   5
   0.001340   8.4500   3.08499360   3.0850   2.8498   3.8759   2.5331   -2.354   -2.134   -2.270   -2.397   -2.504   -2.620   -2.784   -2.880   -2.897   3.30538297   5
   0.001340   8.4500   3.08930016   3.0893   2.8603   3.8878   2.5706   -2.381   -2.189   -2.327   -2.420   -2.504   -2.600   -2.740   -2.817   -2.833   3.30546403   5
   0.001340   8.4500   3.09774017   3.0977   2.8777   3.8981   2.5959   -2.424   -2.258   -2.388   -2.455   -2.522   -2.601   -2.721   -2.785   -2.798   3.30562186   6
   0.001340   8.4500   3.10651946   3.1065   2.8927   3.8927   2.5602   -2.462   -2.284   -2.420   -2.499   -2.574   -2.661   -2.792   -2.862   -2.876   3.30578518   6
   0.001340   8.4500   3.11649919   3.1165   2.9091   3.8809   2.4983   -2.503   -2.297   -2.439   -2.546   -2.642   -2.748   -2.902   -2.989   -3.006   3.30596924   6
   0.001340   8.4500   3.12013149   3.1201   2.9145   3.8714   2.4554   -2.516   -2.287   -2.425   -2.561   -2.675   -2.798   -2.971   -3.073   -3.091   3.30603576   6
   0.001340   8.4500   3.12334061   3.1233   2.9185   3.8589   2.4018   -2.526   -2.264   -2.391   -2.570   -2.710   -2.855   -3.053   -3.177   -3.197   3.30609465   6
   0.001340   8.4500   3.12507939   3.1251   2.9198   3.8479   2.3568   -2.530   -2.237   -2.351   -2.566   -2.729   -2.895   -3.118   -3.262   -3.284   3.30612636   6
   0.001340   8.4500   3.12617087   3.1262   2.9203   3.8383   2.3177   -2.531   -2.210   -2.313   -2.559   -2.744   -2.928   -3.172   -3.336   -3.358   3.30614614   6
   0.001340   8.4500   3.12728834   3.1273   2.9205   3.8258   2.2677   -2.531   -2.171   -2.260   -2.546   -2.757   -2.966   -3.239   -3.428   -3.453   3.30616641   6
   0.001340   8.4500   3.12807965   3.1281   2.9200   3.8147   2.2242   -2.530   -2.130   -2.209   -2.530   -2.766   -2.996   -3.295   -3.509   -3.535   3.30618095   6
   0.001340   8.4500   3.12875915   3.1288   2.9190   3.8028   2.1776   -2.527   -2.080   -2.149   -2.510   -2.772   -3.024   -3.353   -3.594   -3.623   3.30619335   6
   0.001340   8.4500   3.12934017   3.1293   2.9174   3.7902   2.1289   -2.524   -2.023   -2.074   -2.480   -2.772   -3.049   -3.408   -3.678   -3.711   3.30620384   6
   0.001340   8.4500   3.12974215   3.1297   2.9157   3.7802   2.0907   -2.519   -1.976   -2.003   -2.447   -2.767   -3.063   -3.449   -3.741   -3.779   3.30621123   6
   0.001340   8.4500   3.13009477   3.1301   2.9136   3.7707   2.0546   -2.514   -1.908   -1.940   -2.421   -2.764   -3.079   -3.491   -3.810   -3.851   3.30621743   6
   0.001340   8.4500   3.13040328   3.1304   2.9110   3.7616   2.0211   -2.508   -1.844   -1.881   -2.396   -2.757   -3.089   -3.526   -3.868   -3.912   3.30622315   6
   0.001340   8.4500   3.13071799   3.1307   2.9073   3.7521   1.9868   -2.498   -1.769   -1.814   -2.367   -2.748   -3.097   -3.558   -3.922   -3.969   3.30622888   6
   0.001340   8.4500   3.13102698   3.1310   2.9025   3.7429   1.9547   -2.486   -1.683   -1.742   -2.334   -2.734   -3.099   -3.586   -3.973   -4.024   3.30623436   6
   0.001340   8.4500   3.13137126   3.1314   2.8939   3.7336   1.9264   -2.465   -1.577   -1.657   -2.289   -2.709   -3.090   -3.603   -4.014   -4.069   3.30624080   6
   0.001340   8.4500   3.13184047   3.1318   2.8738   3.7227   1.9029   -2.415   -1.416   -1.527   -2.209   -2.652   -3.053   -3.598   -4.037   -4.096   3.30624914   6
   0.001340   8.4500   3.13220167   3.1322   2.8470   3.7133   1.8922   -2.348   -1.244   -1.387   -2.112   -2.575   -2.995   -3.568   -4.034   -4.095   3.30625582   6
   0.001340   8.4500   3.13240957   3.1324   2.8284   3.7067   1.8843   -2.301   -1.117   -1.287   -2.043   -2.521   -2.953   -3.547   -4.031   -4.095   3.30625963   7
   0.001340   8.4500   3.13251686   3.1325   2.8546   3.6987   1.8261   -2.367   -1.070   -1.284   -2.081   -2.577   -3.024   -3.643   -4.149   -4.217   3.30626154   7
   0.001340   8.4500   3.13256741   3.1326   2.8928   3.6941   1.7694   -2.462   -1.090   -1.336   -2.158   -2.665   -3.121   -3.756   -4.276   -4.345   3.30626249   7
   0.001340   8.4500   3.13260889   3.1326   2.9236   3.6911   1.7267   -2.539   -1.117   -1.385   -2.224   -2.738   -3.200   -3.845   -4.374   -4.443   3.30626321   7
   0.001340   8.4500   3.13271952   3.1327   2.9420   3.6899   1.7037   -2.585   -1.141   -1.419   -2.265   -2.782   -3.247   -3.895   -4.428   -4.497   3.30626512   7
   0.001340   8.4500   3.13311434   3.1331   2.9449   3.6891   1.6976   -2.592   -1.135   -1.418   -2.269   -2.788   -3.254   -3.906   -4.441   -4.511   3.30627227   7
   0.001340   8.4500   3.13328910   3.1333   2.9664   3.6867   1.6663   -2.646   -1.145   -1.447   -2.311   -2.837   -3.308   -3.968   -4.511   -4.582   3.30627537   7
   0.001340   8.4500   3.13345480   3.1335   3.0024   3.6833   1.6169   -2.736   -1.173   -1.503   -2.387   -2.920   -3.398   -4.071   -4.625   -4.696   3.30627847   7
   0.001340   8.4500   3.13373160   3.1337   3.0482   3.6794   1.5554   -2.850   -1.212   -1.576   -2.483   -3.027   -3.513   -4.200   -4.767   -4.839   3.30628347   7
   0.001340   8.4500   3.13412285   3.1341   3.0958   3.6753   1.4915   -2.970   -1.247   -1.649   -2.581   -3.137   -3.631   -4.333   -4.912   -4.986   3.30629063   7
   0.001340   8.4500   3.13450646   3.1345   3.1346   3.6720   1.4396   -3.067   -1.278   -1.710   -2.662   -3.226   -3.728   -4.441   -5.031   -5.105   3.30629754   7
   0.001340   8.4500   3.13491774   3.1349   3.1741   3.6688   1.3873   -3.165   -1.309   -1.773   -2.743   -3.316   -3.826   -4.551   -5.150   -5.226   3.30630493   7
   0.001340   8.4500   3.13532519   3.1353   3.2141   3.6655   1.3342   -3.265   -1.336   -1.834   -2.823   -3.407   -3.924   -4.661   -5.271   -5.348   3.30631232   7
   0.001340   8.4500   3.13571358   3.1357   3.2544   3.6621   1.2805   -3.366   -1.362   -1.895   -2.905   -3.499   -4.024   -4.773   -5.393   -5.471   3.30631924   7
   0.001340   8.4500   3.13607335   3.1361   3.2948   3.6588   1.2268   -3.467   -1.386   -1.956   -2.985   -3.590   -4.123   -4.884   -5.515   -5.595   3.30632591   7
   0.001340   8.4500   3.13640308   3.1364   3.3352   3.6554   1.1729   -3.568   -1.407   -2.015   -3.065   -3.680   -4.221   -4.995   -5.638   -5.719   3.30633187   7
   0.001340   8.4500   3.13670492   3.1367   3.3759   3.6520   1.1185   -3.670   -1.426   -2.073   -3.144   -3.770   -4.319   -5.107   -5.762   -5.844   3.30633736   7
   0.001340   8.4500   3.13697910   3.1370   3.4166   3.6486   1.0643   -3.771   -1.443   -2.130   -3.222   -3.859   -4.417   -5.218   -5.885   -5.969   3.30634212   7
   0.001340   8.4500   3.13722873   3.1372   3.4569   3.6452   1.0104   -3.872   -1.457   -2.186   -3.299   -3.947   -4.513   -5.328   -6.007   -6.093   3.30634665   7
   0.001340   8.4500   3.13745975   3.1375   3.4969   3.6417   0.9565   -3.972   -1.435   -2.228   -3.372   -4.035   -4.611   -5.439   -6.128   -6.215   3.30635095   7
   0.001340   8.4500   3.13767433   3.1377   3.5369   3.6383   0.9031   -4.072   -1.402   -2.267   -3.445   -4.123   -4.709   -5.550   -6.248   -6.336   3.30635476   7
   0.001340   8.4500   3.13787484   3.1379   3.5770   3.6349   0.8493   -4.172   -1.363   -2.303   -3.515   -4.211   -4.807   -5.661   -6.367   -6.458   3.30635834   7
   0.001340   8.4500   3.13806105   3.1381   3.6170   3.6314   0.7952   -4.273   -1.318   -2.337   -3.585   -4.297   -4.904   -5.772   -6.487   -6.579   3.30636168   7
   0.001340   8.4500   3.13823342   3.1382   3.6569   3.6279   0.7416   -4.372   -1.271   -2.370   -3.653   -4.382   -5.000   -5.882   -6.606   -6.700   3.30636477   7
   0.001340   8.4500   3.13839316   3.1384   3.6966   3.6245   0.6881   -4.471   -1.220   -2.400   -3.720   -4.466   -5.094   -5.990   -6.724   -6.820   3.30636764   7
   0.001340   8.4500   3.13854289   3.1385   3.7361   3.6210   0.6346   -4.570   -1.164   -2.429   -3.785   -4.549   -5.188   -6.099   -6.842   -6.941   3.30637050   7
   0.001340   8.4500   3.13868332   3.1387   3.7757   3.6175   0.5810   -4.669   -1.104   -2.455   -3.848   -4.630   -5.281   -6.207   -6.960   -7.061   3.30637288   7
   0.001340   8.4500   3.13881516   3.1388   3.8151   3.6140   0.5279   -4.768   -1.043   -2.481   -3.911   -4.710   -5.373   -6.314   -7.077   -7.180   3.30637527   7
   0.001340   8.4500   3.13893938   3.1389   3.8542   3.6106   0.4748   -4.866   -0.991   -2.507   -3.971   -4.789   -5.463   -6.419   -7.193   -7.298   3.30637765   7
   0.001340   8.4500   3.13905764   3.1391   3.8930   3.6070   0.4219   -4.963   -0.949   -2.533   -4.028   -4.865   -5.551   -6.524   -7.308   -7.417   3.30637980   7
   0.001340   8.4500   3.13917184   3.1392   3.9321   3.6037   0.3695   -5.060   -0.914   -2.562   -4.087   -4.942   -5.639   -6.628   -7.422   -7.534   3.30638170   7
   0.001340   8.4500   3.13919997   3.1392   3.9415   3.6029   0.3569   -5.084   -0.906   -2.570   -4.101   -4.960   -5.661   -6.653   -7.450   -7.563   3.30638218   7
   0.001340   8.4500   3.14008260   3.1401   4.0900   3.5907   0.1599   -5.455   -0.768   -2.676   -4.319   -5.249   -5.995   -7.045   -7.880   -8.007   3.30639815   8
