#   Isochrone  Z = 0.02124   Y = 0.28667   [M/H] = 0.171   eta_R = 0.200   Age =    2.2388e+09 yr
#      Z   log(age/yr)   M_ini      M_act   logL/Lo   logTe   logG   mbol    U       B       V       R       I       J       H       K   int_IMF   stage
   0.021238   9.3500   0.09148076   0.0915   -3.4140   3.3564   5.1908   13.305   25.848   22.295   20.252   17.404   14.699   11.104   10.516   10.162   1.48352957   0
   0.021238   9.3500   0.09195796   0.0920   -3.4060   3.3574   5.1893   13.285   25.764   22.232   20.194   17.359   14.663   11.086   10.499   10.145   1.48859394   1
   0.021238   9.3500   0.10296151   0.1030   -3.2334   3.3804   5.1576   12.853   23.946   20.865   18.932   16.393   13.893   10.707   10.120   9.769   1.59892321   1
   0.021238   9.3500   0.12296151   0.1230   -2.9939   3.4099   5.1132   12.255   21.585   19.072   17.271   15.106   12.858   10.176   9.588   9.243   1.77141464   1
   0.021238   9.3500   0.14296152   0.1430   -2.8138   3.4305   5.0810   11.805   19.923   17.795   16.080   14.176   12.102   9.774   9.185   8.846   1.91567707   1
   0.021238   9.3500   0.16592301   0.1659   -2.6574   3.4463   5.0527   11.414   18.758   16.851   15.208   13.469   11.514   9.417   8.827   8.496   2.05468392   1
   0.021238   9.3500   0.20740378   0.2074   -2.4453   3.4647   5.0110   10.883   17.415   15.734   14.151   12.589   10.786   8.930   8.336   8.019   2.25323844   1
   0.021238   9.3500   0.25740379   0.2574   -2.2493   3.4805   4.9720   10.393   16.335   14.805   13.270   11.837   10.160   8.475   7.878   7.576   2.43126392   1
   0.021238   9.3500   0.30740377   0.3074   -2.0880   3.4926   4.9359   9.990   15.547   14.106   12.594   11.245   9.671   8.102   7.499   7.209   2.56520677   1
   0.021238   9.3500   0.34331796   0.3433   -1.9725   3.4993   4.8955   9.701   15.057   13.666   12.177   10.872   9.344   7.828   7.221   6.939   2.64254665   1
   0.021238   9.3500   0.35740378   0.3574   -1.9316   3.5019   4.8825   9.599   14.886   13.509   12.028   10.739   9.228   7.731   7.123   6.844   2.66943765   0
   0.021238   9.3500   0.37369540   0.3737   -1.8798   3.5062   4.8671   9.470   14.649   13.294   11.824   10.559   9.076   7.612   7.000   6.726   2.69849086   0
   0.021238   9.3500   0.44999999   0.4500   -1.6653   3.5240   4.8045   8.933   13.729   12.433   11.002   9.827   8.460   7.119   6.489   6.236   2.81098008   0
   0.021238   9.3500   0.45673737   0.4567   -1.6443   3.5259   4.7976   8.881   13.642   12.349   10.923   9.756   8.401   7.071   6.439   6.188   2.81935596   1
   0.021238   9.3500   0.48152092   0.4815   -1.5698   3.5327   4.7732   8.694   13.339   12.056   10.645   9.508   8.190   6.901   6.262   6.018   2.84842443   1
   0.021238   9.3500   0.50000000   0.5000   -1.5167   3.5376   4.7559   8.562   13.131   11.850   10.450   9.333   8.041   6.781   6.135   5.897   2.86847806   1
   0.021238   9.3500   0.55000001   0.5500   -1.3610   3.5544   4.7090   8.173   12.519   11.225   9.847   8.792   7.601   6.435   5.772   5.552   2.91663504   1
   0.021238   9.3500   0.59586829   0.5959   -1.2149   3.5743   4.6773   7.807   11.939   10.599   9.227   8.234   7.186   6.126   5.445   5.249   2.95426798   1
   0.021238   9.3500   0.60000002   0.6000   -1.2024   3.5760   4.6746   7.776   11.891   10.547   9.176   8.187   7.151   6.099   5.417   5.223   2.95739889   1
   0.021238   9.3500   0.64784640   0.6478   -1.0487   3.6012   4.6551   7.392   11.268   9.860   8.521   7.592   6.726   5.780   5.086   4.929   2.99096799   1
   0.021238   9.3500   0.64999998   0.6500   -1.0420   3.6023   4.6542   7.375   11.241   9.830   8.494   7.568   6.708   5.766   5.072   4.917   2.99236870   1
   0.021238   9.3500   0.69999999   0.7000   -0.8867   3.6303   4.6429   6.987   10.541   9.100   7.840   6.981   6.292   5.446   4.767   4.652   3.02253795   1
   0.021238   9.3500   0.70509291   0.7051   -0.8706   3.6336   4.6433   6.946   10.446   9.016   7.769   6.919   6.250   5.414   4.740   4.630   3.02537799   1
   0.021238   9.3500   0.75000000   0.7500   -0.7326   3.6622   4.6465   6.601   9.523   8.292   7.168   6.415   5.885   5.150   4.545   4.460   3.04879928   1
   0.021238   9.3500   0.77606589   0.7760   -0.6627   3.6726   4.6328   6.427   9.107   7.985   6.911   6.200   5.705   5.007   4.436   4.356   3.06118703   1
   0.021238   9.3500   0.80000001   0.8000   -0.6002   3.6819   4.6207   6.271   8.737   7.717   6.687   6.015   5.545   4.880   4.340   4.264   3.07187057   1
   0.021238   9.3500   0.81943828   0.8194   -0.5497   3.6895   4.6111   6.144   8.451   7.506   6.511   5.869   5.417   4.778   4.260   4.188   3.08008528   1
   0.021238   9.3500   0.85000002   0.8500   -0.4722   3.7012   4.5962   5.950   8.013   7.192   6.248   5.651   5.223   4.624   4.142   4.075   3.09222293   1
   0.021238   9.3500   0.89999998   0.8999   -0.3490   3.7190   4.5693   5.643   7.365   6.723   5.853   5.316   4.921   4.381   3.949   3.889   3.11026096   1
   0.021238   9.3500   0.91678685   0.9167   -0.3086   3.7246   4.5592   5.541   7.166   6.577   5.729   5.209   4.824   4.301   3.883   3.826   3.11586547   1
   0.021238   9.3500   0.94999999   0.9499   -0.2301   3.7353   4.5389   5.345   6.786   6.297   5.492   5.003   4.636   4.146   3.757   3.703   3.12635612   1
   0.021238   9.3500   0.99036688   0.9903   -0.1363   3.7472   4.5108   5.111   6.361   5.975   5.219   4.763   4.415   3.961   3.600   3.552   3.13813663   1
   0.021238   9.3500   1.00000000   0.9999   -0.1143   3.7499   4.5040   5.056   6.264   5.901   5.156   4.707   4.364   3.917   3.564   3.516   3.14080405   1
   0.021238   9.3500   1.02904379   1.0289   -0.0483   3.7576   4.4811   4.891   5.992   5.686   4.971   4.541   4.209   3.784   3.449   3.404   3.14852428   1
   0.021238   9.3500   1.04999995   1.0499   -0.0014   3.7629   4.4643   4.773   5.805   5.535   4.841   4.424   4.100   3.690   3.367   3.324   3.15380883   1
   0.021238   9.3500   1.06811357   1.0680   0.0390   3.7673   4.4486   4.672   5.650   5.407   4.730   4.324   4.007   3.608   3.294   3.253   3.15819621   1
   0.021238   9.3500   1.09955466   1.0994   0.1081   3.7745   4.4210   4.500   5.386   5.189   4.543   4.154   3.849   3.470   3.172   3.134   3.16544199   1
   0.021238   9.3500   1.10000002   1.0998   0.1091   3.7746   4.4206   4.497   5.383   5.186   4.540   4.152   3.847   3.468   3.170   3.132   3.16554141   1
   0.021238   9.3500   1.12044871   1.1203   0.1533   3.7789   4.4015   4.387   5.218   5.048   4.421   4.043   3.746   3.379   3.091   3.054   3.17001462   1
   0.021238   9.3500   1.14999998   1.1498   0.2164   3.7848   4.3733   4.229   4.975   4.851   4.255   3.897   3.609   3.256   2.978   2.945   3.17617631   1
   0.021238   9.3500   1.18494749   1.1847   0.2893   3.7911   4.3387   4.047   4.702   4.627   4.065   3.728   3.451   3.112   2.844   2.817   3.18303561   1
   0.021238   9.3500   1.20000005   1.1998   0.3201   3.7937   4.3237   3.970   4.595   4.534   3.984   3.655   3.382   3.049   2.786   2.760   3.18585706   1
   0.021238   9.3500   1.24456739   1.2443   0.4067   3.8001   4.2786   3.753   4.305   4.278   3.760   3.448   3.186   2.869   2.618   2.595   3.19378018   1
   0.021238   9.3500   1.25000000   1.2498   0.4169   3.8008   4.2729   3.728   4.275   4.249   3.734   3.423   3.163   2.846   2.597   2.574   3.19470429   1
   0.021238   9.3500   1.29515100   1.2949   0.4982   3.8055   4.2259   3.525   4.040   4.021   3.525   3.224   2.972   2.667   2.427   2.405   3.20205259   1
   0.021238   9.3500   1.29999995   1.2997   0.5066   3.8059   4.2208   3.503   4.016   3.998   3.503   3.203   2.952   2.648   2.409   2.387   3.20280719   1
   0.021238   9.3500   1.35000002   1.3497   0.5905   3.8083   4.1631   3.294   3.791   3.773   3.290   2.996   2.748   2.450   2.218   2.196   3.21023273   1
   0.021238   9.3500   1.39049888   1.3902   0.6577   3.8098   4.1145   3.126   3.615   3.596   3.119   2.829   2.584   2.289   2.060   2.039   3.21580482   1
   0.021238   9.3500   1.39999998   1.3997   0.6732   3.8100   4.1028   3.087   3.575   3.555   3.080   2.790   2.545   2.251   2.023   2.001   3.21705914   1
   0.021238   9.3500   1.41550851   1.4152   0.6986   3.8104   4.0838   3.023   3.510   3.489   3.016   2.727   2.483   2.190   1.963   1.941   3.21906567   1
   0.021238   9.3500   1.45000005   1.4497   0.7546   3.8107   4.0394   2.884   3.370   3.346   2.875   2.587   2.344   2.051   1.825   1.804   3.22335362   1
   0.021238   9.3500   1.48244643   1.4821   0.8071   3.8098   3.9928   2.752   3.246   3.217   2.743   2.454   2.210   1.915   1.688   1.666   3.22718143   1
   0.021238   9.3500   1.50000000   1.4997   0.8354   3.8088   3.9659   2.682   3.184   3.150   2.673   2.382   2.137   1.840   1.611   1.589   3.22917390   1
   0.021238   9.3500   1.51462507   1.5143   0.8571   3.8072   3.9419   2.627   3.142   3.102   2.620   2.326   2.078   1.777   1.546   1.522   3.23079419   1
   0.021238   9.3500   1.53371799   1.5334   0.8849   3.8046   3.9093   2.558   3.092   3.044   2.552   2.254   2.003   1.695   1.458   1.434   3.23285651   1
   0.021238   9.3500   1.54999995   1.5497   0.9079   3.8020   3.8803   2.500   3.055   2.999   2.497   2.194   1.938   1.624   1.382   1.358   3.23456979   1
   0.021238   9.3500   1.56117213   1.5609   0.9231   3.7998   3.8595   2.462   3.033   2.971   2.461   2.153   1.895   1.575   1.329   1.304   3.23572206   1
   0.021238   9.3500   1.57847917   1.5782   0.9454   3.7956   3.8250   2.406   3.025   2.941   2.410   2.091   1.825   1.496   1.242   1.215   3.23747039   1
   0.021238   9.3500   1.59531140   1.5951   0.9662   3.7911   3.7911   2.355   3.022   2.915   2.364   2.033   1.760   1.420   1.158   1.128   3.23912907   1
   0.021238   9.3500   1.60000002   1.5998   0.9718   3.7898   3.7815   2.340   3.022   2.909   2.351   2.017   1.741   1.399   1.134   1.104   3.23958373   1
   0.021238   9.3500   1.60913062   1.6089   0.9829   3.7873   3.7630   2.313   3.028   2.898   2.327   1.985   1.705   1.356   1.088   1.055   3.24046016   1
   0.021238   9.3500   1.62433589   1.6241   1.0022   3.7827   3.7293   2.264   3.040   2.881   2.285   1.930   1.641   1.281   1.004   0.969   3.24189377   1
   0.021238   9.3500   1.63623452   1.6361   1.0254   3.7807   3.7013   2.207   3.009   2.837   2.230   1.869   1.576   1.212   0.931   0.894   3.24299335   1
   0.021238   9.3500   1.63962126   1.6395   1.0417   3.7821   3.6912   2.166   2.951   2.786   2.187   1.830   1.540   1.179   0.901   0.865   3.24330306   1
   0.021238   9.3500   1.64405179   1.6439   1.0841   3.7880   3.6736   2.060   2.769   2.638   2.071   1.733   1.454   1.107   0.841   0.808   3.24370551   1
   0.021238   9.3500   1.64509130   1.6449   1.1181   3.7938   3.6633   1.975   2.618   2.514   1.978   1.656   1.388   1.055   0.800   0.771   3.24379969   1
   0.021238   9.3500   1.64550257   1.6454   1.1551   3.7999   3.6506   1.882   2.463   2.382   1.877   1.571   1.314   0.995   0.752   0.726   3.24383688   1
   0.021238   9.3500   1.64571130   1.6456   1.1896   3.8051   3.6371   1.796   2.341   2.267   1.783   1.489   1.241   0.935   0.704   0.678   3.24385571   1
   0.021238   9.3500   1.64578331   1.6456   1.2013   3.8070   3.6330   1.767   2.299   2.228   1.752   1.462   1.217   0.915   0.688   0.662   3.24386215   2
   0.021238   9.3500   1.64585447   1.6457   1.1699   3.8041   3.6527   1.845   2.397   2.323   1.834   1.538   1.288   0.979   0.745   0.719   3.24386859   2
   0.021238   9.3500   1.64592874   1.6458   1.1435   3.7987   3.6575   1.911   2.505   2.419   1.908   1.599   1.339   1.018   0.772   0.745   3.24387550   2
   0.021238   9.3500   1.64607739   1.6459   1.1394   3.7891   3.6233   1.922   2.617   2.490   1.931   1.596   1.320   0.975   0.711   0.680   3.24388885   2
   0.021238   9.3500   1.64635527   1.6462   1.1439   3.7782   3.5752   1.910   2.741   2.554   1.937   1.571   1.275   0.903   0.617   0.579   3.24391389   2
   0.021238   9.3500   1.64683855   1.6467   1.1333   3.7667   3.5400   1.937   2.884   2.654   1.990   1.596   1.280   0.874   0.561   0.519   3.24395752   2
   0.021238   9.3500   1.64740860   1.6473   1.1105   3.7568   3.5236   1.994   3.047   2.773   2.070   1.655   1.322   0.890   0.553   0.509   3.24400902   2
   0.021238   9.3500   1.64789522   1.6478   1.0857   3.7494   3.5188   2.056   3.195   2.882   2.150   1.720   1.375   0.921   0.566   0.519   3.24405289   2
   0.021238   9.3500   1.64837992   1.6482   1.0575   3.7422   3.5184   2.126   3.360   3.001   2.242   1.795   1.438   0.962   0.587   0.540   3.24409652   2
   0.021238   9.3500   1.64886272   1.6487   1.0281   3.7350   3.5192   2.200   3.534   3.126   2.338   1.874   1.505   1.007   0.613   0.564   3.24413991   2
   0.021238   9.3500   1.64942360   1.6493   0.9979   3.7268   3.5165   2.275   3.731   3.262   2.441   1.957   1.574   1.050   0.635   0.582   3.24419045   2
   0.021238   9.3500   1.64999998   1.6499   0.9832   3.7187   3.4993   2.312   3.893   3.360   2.508   2.003   1.607   1.057   0.619   0.564   3.24424219   2
   0.021238   9.3500   1.65037072   1.6502   0.9783   3.7139   3.4847   2.324   3.987   3.411   2.540   2.022   1.618   1.051   0.600   0.543   3.24427533   2
   0.021238   9.3500   1.65080833   1.6507   0.9905   3.7090   3.4531   2.294   4.040   3.421   2.530   1.999   1.586   1.002   0.538   0.479   3.24431467   3
   0.021238   9.3500   1.65113091   1.6510   1.0086   3.7059   3.4228   2.249   4.050   3.403   2.499   1.959   1.540   0.946   0.473   0.413   3.24434352   3
   0.021238   9.3500   1.65166807   1.6515   1.0490   3.7014   3.3646   2.147   4.029   3.342   2.418   1.866   1.438   0.829   0.344   0.281   3.24439168   3
   0.021238   9.3500   1.65209723   1.6520   1.0881   3.6983   3.3132   2.050   3.989   3.274   2.335   1.774   1.341   0.720   0.226   0.163   3.24443030   3
   0.021238   9.3500   1.65250921   1.6524   1.1290   3.6957   3.2619   1.947   3.936   3.197   2.245   1.677   1.239   0.609   0.107   0.043   3.24446702   3
   0.021238   9.3500   1.65299439   1.6529   1.1801   3.6927   3.1989   1.820   3.865   3.098   2.132   1.556   1.112   0.471   -0.039   -0.105   3.24451041   3
   0.021238   9.3500   1.65336668   1.6532   1.2208   3.6905   3.1495   1.718   3.805   3.018   2.041   1.459   1.010   0.362   -0.155   -0.222   3.24454379   3
   0.021238   9.3500   1.65373302   1.6536   1.2615   3.6882   3.0997   1.616   3.747   2.939   1.951   1.363   0.909   0.252   -0.271   -0.339   3.24457645   3
   0.021238   9.3500   1.65409303   1.6540   1.3021   3.6860   3.0505   1.515   3.688   2.861   1.861   1.267   0.809   0.144   -0.386   -0.455   3.24460864   3
   0.021238   9.3500   1.65453672   1.6544   1.3510   3.6833   2.9910   1.393   3.619   2.766   1.753   1.152   0.688   0.013   -0.525   -0.595   3.24464822   3
   0.021238   9.3500   1.65498006   1.6549   1.3990   3.6808   2.9329   1.272   3.549   2.672   1.647   1.039   0.569   -0.116   -0.660   -0.732   3.24468780   3
   0.021238   9.3500   1.65542769   1.6553   1.4470   3.6781   2.8744   1.152   3.484   2.579   1.542   0.927   0.451   -0.244   -0.796   -0.870   3.24472761   3
   0.021238   9.3500   1.65585399   1.6557   1.4935   3.6755   2.8176   1.036   3.423   2.491   1.442   0.819   0.337   -0.368   -0.928   -1.003   3.24476576   3
   0.021238   9.3500   1.65622950   1.6561   1.5351   3.6731   2.7665   0.932   3.370   2.413   1.352   0.722   0.235   -0.479   -1.047   -1.123   3.24479914   3
   0.021238   9.3500   1.65661657   1.6565   1.5788   3.6706   2.7126   0.823   3.315   2.331   1.258   0.620   0.128   -0.596   -1.172   -1.250   3.24483347   3
   0.021238   9.3500   1.65699768   1.6569   1.6224   3.6678   2.6583   0.714   3.266   2.252   1.167   0.520   0.021   -0.713   -1.297   -1.376   3.24486756   3
   0.021238   9.3500   1.65734184   1.6572   1.6631   3.6654   2.6077   0.612   3.219   2.179   1.081   0.427   -0.078   -0.822   -1.413   -1.494   3.24489808   3
   0.021238   9.3500   1.65767741   1.6575   1.7033   3.6628   2.5574   0.512   3.175   2.107   0.997   0.336   -0.176   -0.930   -1.529   -1.611   3.24492788   3
   0.021238   9.3500   1.65804088   1.6579   1.7463   3.6601   2.5036   0.404   3.128   2.030   0.907   0.237   -0.280   -1.045   -1.652   -1.737   3.24496007   3
   0.021238   9.3500   1.65839279   1.6583   1.7887   3.6573   2.4501   0.298   3.102   1.964   0.822   0.142   -0.384   -1.159   -1.774   -1.861   3.24499130   3
   0.021238   9.3500   1.65873158   1.6586   1.8288   3.6547   2.3997   0.198   3.077   1.901   0.742   0.051   -0.481   -1.267   -1.890   -1.978   3.24502134   3
   0.021238   9.3500   1.65912068   1.6590   1.8701   3.6519   2.3475   0.095   3.053   1.837   0.658   -0.042   -0.582   -1.379   -2.009   -2.099   3.24505591   3
   0.021238   9.3500   1.65961564   1.6595   1.9116   3.6492   2.2950   -0.009   3.031   1.773   0.576   -0.135   -0.683   -1.490   -2.129   -2.221   3.24509978   3
   0.021238   9.3500   1.65983415   1.6597   1.9202   3.6486   2.2842   -0.031   3.027   1.760   0.559   -0.154   -0.704   -1.514   -2.154   -2.246   3.24511909   3
   0.021238   9.3500   1.66023839   1.6601   1.8889   3.6509   2.3249   0.048   3.037   1.804   0.619   -0.085   -0.628   -1.429   -2.062   -2.153   3.24515486   3
   0.021238   9.3500   1.66043055   1.6603   1.8490   3.6536   2.3758   0.148   3.058   1.866   0.698   0.005   -0.531   -1.321   -1.946   -2.035   3.24517202   3
   0.021238   9.3500   1.66057694   1.6604   1.8080   3.6565   2.4282   0.250   3.078   1.928   0.780   0.096   -0.431   -1.210   -1.827   -1.914   3.24518490   3
   0.021238   9.3500   1.66073549   1.6606   1.7583   3.6599   2.4916   0.374   3.105   2.004   0.879   0.208   -0.310   -1.076   -1.683   -1.768   3.24519897   3
   0.021238   9.3500   1.66086495   1.6607   1.7168   3.6627   2.5442   0.478   3.144   2.075   0.964   0.302   -0.209   -0.964   -1.563   -1.646   3.24521041   3
   0.021238   9.3500   1.66100502   1.6609   1.6754   3.6655   2.5969   0.582   3.185   2.147   1.050   0.396   -0.108   -0.852   -1.443   -1.524   3.24522281   3
   0.021238   9.3500   1.66115522   1.6610   1.6373   3.6680   2.6449   0.677   3.225   2.214   1.128   0.483   -0.016   -0.750   -1.333   -1.413   3.24523592   3
   0.021238   9.3500   1.66126215   1.6611   1.6171   3.6693   2.6704   0.727   3.246   2.249   1.170   0.529   0.033   -0.696   -1.275   -1.354   3.24524546   3
   0.021238   9.3500   1.66144133   1.6613   1.6378   3.6680   2.6446   0.676   3.224   2.212   1.127   0.482   -0.017   -0.751   -1.334   -1.414   3.24526119   3
   0.021238   9.3500   1.66179883   1.6616   1.6816   3.6653   2.5900   0.566   3.174   2.134   1.035   0.381   -0.124   -0.869   -1.460   -1.541   3.24529290   3
   0.021238   9.3500   1.66224062   1.6621   1.7228   3.6626   2.5382   0.463   3.131   2.061   0.950   0.288   -0.224   -0.979   -1.579   -1.661   3.24533176   3
   0.021238   9.3500   1.66272092   1.6626   1.7660   3.6598   2.4839   0.355   3.089   1.986   0.860   0.189   -0.329   -1.095   -1.703   -1.788   3.24537420   3
   0.021238   9.3500   1.66318119   1.6630   1.8068   3.6571   2.4325   0.253   3.065   1.923   0.778   0.097   -0.429   -1.206   -1.821   -1.907   3.24541473   3
   0.021238   9.3500   1.66365445   1.6635   1.8488   3.6544   2.3797   0.148   3.040   1.857   0.694   0.002   -0.531   -1.319   -1.942   -2.030   3.24545646   3
   0.021238   9.3500   1.66412973   1.6640   1.8910   3.6515   2.3263   0.042   3.016   1.791   0.609   -0.093   -0.634   -1.432   -2.064   -2.154   3.24549842   3
   0.021238   9.3500   1.66458011   1.6644   1.9322   3.6488   2.2742   -0.060   2.995   1.729   0.528   -0.184   -0.734   -1.543   -2.182   -2.275   3.24553800   3
   0.021238   9.3500   1.66501784   1.6649   1.9734   3.6459   2.2217   -0.164   2.977   1.668   0.448   -0.275   -0.834   -1.654   -2.301   -2.396   3.24557638   3
   0.021238   9.3500   1.66544199   1.6653   2.0149   3.6430   2.1687   -0.267   2.961   1.608   0.368   -0.367   -0.934   -1.766   -2.421   -2.519   3.24561381   3
   0.021238   9.3500   1.66584563   1.6657   2.0562   3.6402   2.1162   -0.370   2.945   1.548   0.288   -0.458   -1.034   -1.876   -2.540   -2.640   3.24564910   3
   0.021238   9.3500   1.66622269   1.6660   2.0965   3.6373   2.0643   -0.471   2.934   1.492   0.214   -0.544   -1.131   -1.985   -2.657   -2.759   3.24568224   3
   0.021238   9.3500   1.66658330   1.6664   2.1371   3.6344   2.0124   -0.573   2.921   1.436   0.138   -0.630   -1.228   -2.094   -2.774   -2.879   3.24571395   3
   0.021238   9.3500   1.66692054   1.6667   2.1770   3.6315   1.9610   -0.672   2.919   1.384   0.065   -0.715   -1.323   -2.201   -2.890   -2.996   3.24574351   3
   0.021238   9.3500   1.66724694   1.6670   2.2177   3.6286   1.9087   -0.774   2.918   1.332   -0.009   -0.801   -1.421   -2.311   -3.007   -3.116   3.24577212   3
   0.021238   9.3500   1.66755009   1.6673   2.2576   3.6257   1.8571   -0.874   2.918   1.282   -0.079   -0.882   -1.516   -2.418   -3.121   -3.234   3.24579859   3
   0.021238   9.3500   1.66783333   1.6676   2.2972   3.6227   1.8057   -0.973   2.922   1.234   -0.148   -0.963   -1.610   -2.524   -3.235   -3.351   3.24582338   3
   0.021238   9.3500   1.66810453   1.6679   2.3374   3.6197   1.7538   -1.073   2.923   1.185   -0.219   -1.045   -1.705   -2.632   -3.351   -3.470   3.24584723   3
   0.021238   9.3500   1.66835380   1.6681   2.3766   3.6167   1.7025   -1.171   2.927   1.140   -0.283   -1.120   -1.798   -2.738   -3.464   -3.586   3.24586892   3
   0.021238   9.3500   1.66858995   1.6683   2.4160   3.6137   1.6512   -1.270   2.930   1.095   -0.348   -1.195   -1.891   -2.843   -3.577   -3.703   3.24588966   3
   0.021238   9.3500   1.66881192   1.6685   2.4552   3.6107   1.5999   -1.368   2.935   1.051   -0.413   -1.272   -1.984   -2.948   -3.690   -3.820   3.24590898   3
   0.021238   9.3500   1.66901863   1.6687   2.4940   3.6076   1.5489   -1.465   2.937   1.009   -0.471   -1.341   -2.075   -3.053   -3.802   -3.935   3.24592710   3
   0.021238   9.3500   1.66921437   1.6689   2.5330   3.6046   1.4978   -1.563   2.937   0.966   -0.531   -1.409   -2.166   -3.158   -3.915   -4.051   3.24594426   3
   0.021238   9.3500   1.66939378   1.6691   2.5710   3.6015   1.4475   -1.657   2.933   0.922   -0.587   -1.474   -2.254   -3.260   -4.025   -4.165   3.24596000   3
   0.021238   9.3500   1.66956353   1.6692   2.6091   3.5984   1.3969   -1.753   2.927   0.880   -0.639   -1.534   -2.342   -3.362   -4.136   -4.280   3.24597478   3
   0.021238   9.3500   1.66972542   1.6694   2.6478   3.5953   1.3460   -1.849   2.916   0.836   -0.692   -1.592   -2.432   -3.466   -4.247   -4.396   3.24598885   3
   0.021238   9.3500   1.66990745   1.6695   2.6941   3.5913   1.2838   -1.965   2.914   0.789   -0.750   -1.658   -2.539   -3.592   -4.383   -4.537   3.24600482   3
   0.021238   9.3500   1.67004514   1.6696   2.7314   3.5881   1.2337   -2.058   2.908   0.753   -0.790   -1.705   -2.623   -3.693   -4.491   -4.650   3.24601674   3
   0.021238   9.3500   1.67017519   1.6697   2.7687   3.5848   1.1831   -2.152   2.904   0.719   -0.826   -1.745   -2.708   -3.794   -4.601   -4.764   3.24602818   3
   0.021238   9.3500   1.67032349   1.6698   2.8138   3.5809   1.1223   -2.265   2.899   0.677   -0.871   -1.796   -2.810   -3.916   -4.733   -4.902   3.24604106   3
   0.021238   9.3500   1.67045963   1.6699   2.8583   3.5768   1.0615   -2.376   2.892   0.648   -0.896   -1.832   -2.907   -4.038   -4.864   -5.039   3.24605298   3
   0.021238   9.3500   1.67058706   1.6700   2.9028   3.5726   1.0001   -2.487   2.887   0.624   -0.915   -1.862   -3.003   -4.159   -4.995   -5.177   3.24606395   3
   0.021238   9.3500   1.67070520   1.6701   2.9468   3.5684   0.9394   -2.597   2.919   0.621   -0.931   -1.900   -3.096   -4.280   -5.119   -5.310   3.24607444   3
   0.021238   9.3500   1.67081451   1.6701   2.9901   3.5641   0.8791   -2.705   2.959   0.628   -0.933   -1.927   -3.183   -4.399   -5.241   -5.441   3.24608397   3
   0.021238   9.3500   1.67091501   1.6702   3.0322   3.5598   0.8198   -2.811   3.005   0.637   -0.934   -1.951   -3.269   -4.516   -5.360   -5.570   3.24609256   3
   0.021238   9.3500   1.67101085   1.6702   3.0750   3.5555   0.7598   -2.918   3.050   0.663   -0.912   -1.966   -3.347   -4.633   -5.481   -5.700   3.24610090   3
   0.021238   9.3500   1.67109776   1.6702   3.1162   3.5512   0.7015   -3.021   3.099   0.686   -0.892   -1.977   -3.426   -4.746   -5.597   -5.826   3.24610853   3
   0.021238   9.3500   1.67118037   1.6702   3.1576   3.5469   0.6426   -3.124   3.151   0.730   -0.848   -1.977   -3.494   -4.860   -5.714   -5.953   3.24611568   3
   0.021238   9.3500   1.67125607   1.6702   3.1975   3.5426   0.5855   -3.224   3.204   0.779   -0.797   -1.972   -3.558   -4.970   -5.826   -6.076   3.24612236   3
   0.021238   9.3500   1.67132771   1.6701   3.2366   3.5382   0.5289   -3.322   3.264   0.845   -0.730   -1.957   -3.613   -5.077   -5.937   -6.197   3.24612856   3
   0.021238   9.3500   1.67140377   1.6701   3.2785   3.5334   0.4678   -3.426   3.304   0.937   -0.634   -1.930   -3.656   -5.193   -6.057   -6.328   3.24613523   4
   0.021238   9.3500   1.67140377   1.6696   1.6967   3.6752   2.6167   0.528   2.916   1.985   0.932   0.313   -0.169   -0.877   -1.437   -1.513   3.24613523   4
   0.021238   9.3500   1.67236817   1.6706   1.7166   3.6736   2.5909   0.478   2.899   1.952   0.892   0.268   -0.218   -0.932   -1.496   -1.573   3.24621916   4
   0.021238   9.3500   1.67334628   1.6717   1.7198   3.6736   2.5878   0.471   2.892   1.945   0.884   0.260   -0.226   -0.940   -1.505   -1.581   3.24630427   4
   0.021238   9.3500   1.67434871   1.6727   1.7186   3.6739   2.5905   0.473   2.887   1.944   0.885   0.262   -0.223   -0.936   -1.500   -1.576   3.24639106   4
   0.021238   9.3500   1.67534196   1.6737   1.7177   3.6743   2.5930   0.476   2.883   1.943   0.885   0.263   -0.221   -0.933   -1.495   -1.572   3.24647737   4
   0.021238   9.3500   1.67635322   1.6748   1.7170   3.6746   2.5953   0.478   2.878   1.941   0.885   0.264   -0.220   -0.930   -1.492   -1.568   3.24656487   4
   0.021238   9.3500   1.67733645   1.6758   1.7163   3.6749   2.5973   0.479   2.874   1.940   0.885   0.265   -0.218   -0.928   -1.488   -1.564   3.24664974   4
   0.021238   9.3500   1.67832696   1.6768   1.7157   3.6751   2.5994   0.481   2.869   1.938   0.884   0.265   -0.217   -0.925   -1.485   -1.561   3.24673533   4
   0.021238   9.3500   1.67929959   1.6778   1.7152   3.6754   2.6012   0.482   2.864   1.936   0.884   0.266   -0.216   -0.923   -1.482   -1.558   3.24681902   4
   0.021238   9.3500   1.68026459   1.6789   1.7151   3.6757   2.6026   0.482   2.859   1.934   0.883   0.265   -0.216   -0.922   -1.480   -1.556   3.24690223   4
   0.021238   9.3500   1.68126380   1.6799   1.7154   3.6759   2.6033   0.481   2.854   1.931   0.881   0.264   -0.217   -0.922   -1.480   -1.555   3.24698806   4
   0.021238   9.3500   1.68229961   1.6810   1.7158   3.6761   2.6040   0.480   2.848   1.928   0.878   0.262   -0.218   -0.923   -1.480   -1.555   3.24707699   4
   0.021238   9.3500   1.68323147   1.6819   1.7161   3.6763   2.6048   0.480   2.843   1.925   0.876   0.261   -0.219   -0.923   -1.479   -1.554   3.24715686   4
   0.021238   9.3500   1.68416786   1.6829   1.7165   3.6765   2.6055   0.479   2.838   1.922   0.874   0.260   -0.220   -0.923   -1.479   -1.554   3.24723697   4
   0.021238   9.3500   1.68511808   1.6839   1.7171   3.6766   2.6058   0.477   2.833   1.919   0.872   0.258   -0.221   -0.924   -1.479   -1.554   3.24731803   4
   0.021238   9.3500   1.68534935   1.6841   1.7172   3.6767   2.6059   0.477   2.832   1.918   0.871   0.257   -0.222   -0.924   -1.479   -1.554   3.24733782   4
   0.021238   9.3500   1.68614030   1.6850   1.7179   3.6768   2.6058   0.475   2.828   1.915   0.869   0.255   -0.224   -0.926   -1.480   -1.555   3.24740529   4
   0.021238   9.3500   1.68715703   1.6860   1.7190   3.6769   2.6056   0.473   2.822   1.911   0.865   0.252   -0.226   -0.928   -1.482   -1.557   3.24749207   4
   0.021238   9.3500   1.68816030   1.6871   1.7201   3.6770   2.6052   0.470   2.817   1.907   0.861   0.249   -0.229   -0.931   -1.484   -1.559   3.24757743   4
   0.021238   9.3500   1.68922043   1.6882   1.7216   3.6771   2.6044   0.466   2.811   1.902   0.857   0.245   -0.233   -0.934   -1.487   -1.562   3.24766755   4
   0.021238   9.3500   1.69023955   1.6893   1.7231   3.6772   2.6034   0.462   2.806   1.898   0.853   0.241   -0.237   -0.937   -1.491   -1.565   3.24775410   4
   0.021238   9.3500   1.69125724   1.6903   1.7249   3.6772   2.6021   0.458   2.801   1.893   0.848   0.236   -0.241   -0.942   -1.495   -1.570   3.24784017   4
   0.021238   9.3500   1.69229269   1.6914   1.7270   3.6772   2.6002   0.453   2.795   1.888   0.843   0.231   -0.247   -0.947   -1.500   -1.575   3.24792790   4
   0.021238   9.3500   1.69267917   1.6918   1.7278   3.6772   2.5994   0.450   2.793   1.886   0.841   0.229   -0.249   -0.949   -1.503   -1.577   3.24796057   4
   0.021238   9.3500   1.69327223   1.6924   1.7293   3.6772   2.5980   0.447   2.791   1.882   0.838   0.226   -0.252   -0.953   -1.506   -1.581   3.24801064   4
   0.021238   9.3500   1.69422746   1.6934   1.7318   3.6771   2.5954   0.440   2.786   1.877   0.832   0.219   -0.258   -0.960   -1.513   -1.588   3.24809122   4
   0.021238   9.3500   1.69518709   1.6944   1.7348   3.6770   2.5922   0.433   2.781   1.871   0.825   0.212   -0.266   -0.967   -1.521   -1.596   3.24817204   4
   0.021238   9.3500   1.69614756   1.6954   1.7382   3.6768   2.5883   0.424   2.776   1.864   0.817   0.204   -0.274   -0.977   -1.531   -1.606   3.24825311   4
   0.021238   9.3500   1.69711578   1.6964   1.7422   3.6766   2.5837   0.415   2.771   1.857   0.809   0.195   -0.284   -0.987   -1.542   -1.617   3.24833441   4
   0.021238   9.3500   1.69809639   1.6975   1.7469   3.6763   2.5780   0.403   2.766   1.848   0.799   0.184   -0.295   -1.000   -1.556   -1.631   3.24841666   4
   0.021238   9.3500   1.69906867   1.6985   1.7525   3.6759   2.5710   0.389   2.760   1.838   0.787   0.171   -0.309   -1.015   -1.572   -1.648   3.24849820   4
   0.021238   9.3500   1.70005155   1.6995   1.7596   3.6753   2.5621   0.371   2.754   1.826   0.773   0.155   -0.326   -1.034   -1.593   -1.669   3.24858046   4
   0.021238   9.3500   1.70103204   1.7005   1.7659   3.6749   2.5541   0.355   2.748   1.815   0.760   0.141   -0.342   -1.052   -1.612   -1.688   3.24866247   4
   0.021238   9.3500   1.70204771   1.7016   1.7742   3.6742   2.5436   0.335   2.741   1.801   0.743   0.122   -0.362   -1.074   -1.637   -1.713   3.24874711   4
   0.021238   9.3500   1.70307636   1.7027   1.7992   3.6720   2.5101   0.272   2.725   1.762   0.694   0.066   -0.423   -1.143   -1.713   -1.790   3.24883294   4
   0.021238   9.3500   1.70390594   1.7035   1.8353   3.6688   2.4614   0.182   2.714   1.711   0.624   -0.015   -0.511   -1.244   -1.822   -1.901   3.24890184   4
   0.021238   9.3500   1.70433855   1.7040   1.8756   3.6654   2.4074   0.081   2.705   1.656   0.546   -0.104   -0.610   -1.356   -1.943   -2.025   3.24893785   4
   0.021238   9.3500   1.70456016   1.7042   1.9175   3.6619   2.3515   -0.024   2.694   1.597   0.465   -0.198   -0.712   -1.471   -2.069   -2.153   3.24895644   4
   0.021238   9.3500   1.70467174   1.7044   1.9588   3.6584   2.2963   -0.127   2.686   1.541   0.386   -0.289   -0.812   -1.585   -2.192   -2.279   3.24896574   4
   0.021238   9.3500   1.70472693   1.7044   1.9983   3.6551   2.2437   -0.226   2.680   1.488   0.312   -0.376   -0.908   -1.693   -2.310   -2.399   3.24897027   4
   0.021238   9.3500   1.70475900   1.7044   2.0386   3.6518   2.1903   -0.326   2.673   1.433   0.235   -0.464   -1.005   -1.803   -2.430   -2.521   3.24897289   4
   0.021238   9.3500   1.70477903   1.7045   2.0766   3.6487   2.1400   -0.421   2.667   1.381   0.164   -0.547   -1.097   -1.907   -2.542   -2.636   3.24897456   4
   0.021238   9.3500   1.70478296   1.7045   2.0856   3.6480   2.1280   -0.444   2.666   1.370   0.148   -0.566   -1.118   -1.932   -2.569   -2.663   3.24897480   7
   0.021238   9.3500   1.70478320   1.7045   2.0862   3.6480   2.1272   -0.446   2.666   1.369   0.146   -0.568   -1.120   -1.933   -2.571   -2.665   3.24897480   7
   0.021238   9.3500   1.70479655   1.7045   2.1219   3.6451   2.0800   -0.535   2.663   1.322   0.081   -0.644   -1.205   -2.030   -2.676   -2.772   3.24897599   7
   0.021238   9.3500   1.70481122   1.7045   2.1619   3.6419   2.0272   -0.635   2.659   1.270   0.008   -0.731   -1.301   -2.139   -2.794   -2.893   3.24897718   7
   0.021238   9.3500   1.70482612   1.7045   2.1988   3.6389   1.9785   -0.727   2.661   1.224   -0.059   -0.810   -1.390   -2.239   -2.902   -3.004   3.24897838   7
   0.021238   9.3500   1.70484865   1.7045   2.2282   3.6365   1.9396   -0.801   2.667   1.189   -0.111   -0.871   -1.460   -2.319   -2.988   -3.092   3.24898028   7
   0.021238   9.3500   1.70488441   1.7046   2.2057   3.6384   1.9696   -0.744   2.660   1.215   -0.072   -0.824   -1.406   -2.257   -2.922   -3.024   3.24898338   7
   0.021238   9.3500   1.70492947   1.7046   2.1652   3.6417   2.0232   -0.643   2.656   1.265   0.001   -0.738   -1.309   -2.147   -2.803   -2.902   3.24898696   7
   0.021238   9.3500   1.70504570   1.7047   2.1278   3.6447   2.0728   -0.549   2.659   1.313   0.069   -0.658   -1.220   -2.046   -2.693   -2.789   3.24899673   7
   0.021238   9.3500   1.70594358   1.7057   2.1229   3.6451   2.0795   -0.537   2.660   1.320   0.078   -0.647   -1.208   -2.032   -2.678   -2.775   3.24907136   7
   0.021238   9.3500   1.70645320   1.7062   2.1609   3.6421   2.0294   -0.632   2.656   1.270   0.009   -0.729   -1.299   -2.136   -2.790   -2.889   3.24911356   7
   0.021238   9.3500   1.70684183   1.7066   2.2001   3.6389   1.9776   -0.730   2.658   1.221   -0.062   -0.813   -1.393   -2.242   -2.906   -3.007   3.24914575   7
   0.021238   9.3500   1.70715761   1.7070   2.2401   3.6357   1.9247   -0.830   2.668   1.174   -0.132   -0.896   -1.488   -2.351   -3.023   -3.128   3.24917197   7
   0.021238   9.3500   1.70741737   1.7072   2.2803   3.6324   1.8715   -0.931   2.678   1.127   -0.203   -0.981   -1.584   -2.460   -3.141   -3.248   3.24919343   7
   0.021238   9.3500   1.70763731   1.7075   2.3208   3.6291   1.8179   -1.032   2.688   1.081   -0.273   -1.064   -1.680   -2.570   -3.259   -3.370   3.24921155   7
   0.021238   9.3500   1.70782769   1.7077   2.3613   3.6258   1.7642   -1.133   2.699   1.036   -0.341   -1.145   -1.776   -2.679   -3.378   -3.491   3.24922729   7
   0.021238   9.3500   1.70799506   1.7078   2.4018   3.6225   1.7105   -1.234   2.710   0.991   -0.409   -1.226   -1.872   -2.788   -3.496   -3.613   3.24924111   7
   0.021238   9.3500   1.70814633   1.7080   2.4423   3.6191   1.6567   -1.336   2.721   0.947   -0.477   -1.307   -1.967   -2.898   -3.614   -3.734   3.24925375   7
   0.021238   9.3500   1.70828605   1.7081   2.4834   3.6158   1.6021   -1.439   2.732   0.904   -0.541   -1.384   -2.064   -3.008   -3.733   -3.858   3.24926519   7
   0.021238   9.3500   1.70841539   1.7083   2.5253   3.6122   1.5461   -1.543   2.746   0.861   -0.607   -1.463   -2.162   -3.121   -3.855   -3.984   3.24927592   7
   0.021238   9.3500   1.70853114   1.7084   2.5655   3.6088   1.4924   -1.644   2.756   0.821   -0.668   -1.536   -2.256   -3.230   -3.973   -4.105   3.24928546   7
   0.021238   9.3500   1.70864260   1.7085   2.6053   3.6054   1.4390   -1.743   2.755   0.777   -0.724   -1.602   -2.348   -3.337   -4.089   -4.226   3.24929476   7
   0.021238   9.3500   1.70875108   1.7086   2.6461   3.6019   1.3841   -1.845   2.757   0.733   -0.782   -1.669   -2.442   -3.447   -4.209   -4.350   3.24930358   7
   0.021238   9.3500   1.70885706   1.7087   2.6889   3.5981   1.3263   -1.952   2.757   0.689   -0.838   -1.734   -2.540   -3.563   -4.334   -4.480   3.24931240   7
   0.021238   9.3500   1.70895493   1.7088   2.7372   3.5938   1.2608   -2.073   2.757   0.642   -0.897   -1.802   -2.651   -3.694   -4.476   -4.628   3.24932051   7
   0.021238   9.3500   1.70903099   1.7089   2.7927   3.5888   1.1852   -2.212   2.759   0.591   -0.960   -1.874   -2.778   -3.844   -4.639   -4.798   3.24932671   7
   0.021238   9.3500   1.70908082   1.7090   2.8444   3.5840   1.1144   -2.341   2.758   0.548   -1.006   -1.928   -2.895   -3.985   -4.792   -4.958   3.24933100   7
   0.021238   9.3500   1.70911837   1.7090   2.8904   3.5796   1.0509   -2.456   2.761   0.512   -1.044   -1.973   -2.998   -4.111   -4.928   -5.100   3.24933410   7
   0.021238   9.3500   1.70915174   1.7090   2.9351   3.5753   0.9888   -2.568   2.765   0.493   -1.061   -2.003   -3.094   -4.233   -5.060   -5.239   3.24933672   7
   0.021238   9.3500   1.70918238   1.7091   2.9772   3.5710   0.9296   -2.673   2.800   0.490   -1.079   -2.040   -3.185   -4.350   -5.180   -5.368   3.24933934   7
   0.021238   9.3500   1.70921159   1.7091   3.0186   3.5668   0.8714   -2.777   2.840   0.497   -1.082   -2.066   -3.269   -4.464   -5.297   -5.495   3.24934173   7
   0.021238   9.3500   1.70924199   1.7091   3.0603   3.5625   0.8125   -2.881   2.887   0.506   -1.081   -2.088   -3.354   -4.579   -5.415   -5.622   3.24934435   7
   0.021238   9.3500   1.70926964   1.7092   3.0963   3.5587   0.7615   -2.971   2.930   0.519   -1.074   -2.104   -3.425   -4.678   -5.518   -5.733   3.24934649   7
   0.021238   9.3500   1.70930207   1.7092   3.1348   3.5545   0.7061   -3.067   2.981   0.550   -1.046   -2.109   -3.495   -4.785   -5.627   -5.852   3.24934912   7
   0.021238   9.3500   1.70933568   1.7092   3.1720   3.5504   0.6524   -3.160   3.035   0.576   -1.020   -2.112   -3.565   -4.888   -5.733   -5.968   3.24935198   7
   0.021238   9.3500   1.70937216   1.7093   3.2086   3.5463   0.5993   -3.252   3.086   0.626   -0.969   -2.104   -3.622   -4.989   -5.837   -6.081   3.24935508   7
   0.021238   9.3500   1.70940804   1.7093   3.2384   3.5429   0.5560   -3.326   3.132   0.668   -0.924   -2.094   -3.669   -5.071   -5.922   -6.174   3.24935794   7
   0.021238   9.3500   1.70942104   1.7093   3.2948   3.5362   0.4730   -3.467   3.204   0.778   -0.806   -2.059   -3.739   -5.227   -6.084   -6.351   3.24935913   7
   0.021238   9.3500   1.70943248   1.7093   3.3867   3.5248   0.3354   -3.697   3.266   1.055   -0.514   -1.954   -3.779   -5.484   -6.357   -6.644   3.24936008   7
   0.021238   9.3500   1.70943248   1.7093   3.3866   3.5248   0.3354   -3.697   3.266   1.055   -0.514   -1.954   -3.779   -5.484   -6.357   -6.644   3.24936008   8
