#   Isochrone  Z = 0.02124   Y = 0.28667   [M/H] = 0.171   eta_R = 0.200   Age =    5.0119e+07 yr
#      Z   log(age/yr)   M_ini      M_act   logL/Lo   logTe   logG   mbol    U       B       V       R       I       J       H       K   int_IMF   stage
   0.021238   7.7000   0.09148076   0.0915   -2.5563   3.3881   4.4599   11.161   20.318   18.276   16.662   14.439   12.098   9.056   8.500   8.071   1.48352957   0
   0.021238   7.7000   0.09962438   0.0996   -2.4960   3.3954   4.4662   11.010   19.845   17.876   16.273   14.125   11.839   8.920   8.362   7.941   1.56672180   0
   0.021238   7.7000   0.10296151   0.1030   -2.4722   3.3985   4.4687   10.951   19.654   17.714   16.116   13.998   11.735   8.866   8.307   7.890   1.59892321   0
   0.021238   7.7000   0.10739346   0.1074   -2.4431   3.4021   4.4723   10.878   19.424   17.520   15.927   13.845   11.610   8.801   8.241   7.828   1.64002752   0
   0.021238   7.7000   0.12280361   0.1228   -2.3464   3.4141   4.4819   10.636   18.651   16.868   15.294   13.335   11.191   8.583   8.019   7.620   1.77017212   0
   0.021238   7.7000   0.12296151   0.1230   -2.3454   3.4142   4.4820   10.634   18.643   16.861   15.288   13.330   11.187   8.580   8.017   7.618   1.77141464   0
   0.021238   7.7000   0.14241895   0.1424   -2.2412   3.4270   4.4929   10.373   17.812   16.162   14.608   12.784   10.738   8.345   7.779   7.393   1.91208065   0
   0.021238   7.7000   0.14296152   0.1430   -2.2385   3.4274   4.4932   10.366   17.790   16.143   14.590   12.769   10.726   8.339   7.773   7.387   1.91567707   0
   0.021238   7.7000   0.16592301   0.1659   -2.1397   3.4387   4.5046   10.119   17.090   15.540   14.015   12.297   10.331   8.114   7.543   7.172   2.05468392   0
   0.021238   7.7000   0.21860622   0.2186   -1.9582   3.4590   4.5240   9.666   15.918   14.506   13.017   11.466   9.647   7.700   7.122   6.778   2.29798460   0
   0.021238   7.7000   0.25621426   0.2562   -1.8543   3.4704   4.5345   9.406   15.311   13.957   12.489   11.022   9.282   7.463   6.879   6.552   2.42760825   0
   0.021238   7.7000   0.27592424   0.2759   -1.8069   3.4755   4.5395   9.287   15.049   13.717   12.257   10.824   9.121   7.356   6.767   6.448   2.48510170   0
   0.021238   7.7000   0.30286399   0.3029   -1.7465   3.4818   4.5450   9.136   14.724   13.417   11.965   10.574   8.918   7.219   6.626   6.316   2.55442882   0
   0.021238   7.7000   0.30668333   0.3067   -1.7387   3.4827   4.5461   9.117   14.683   13.378   11.926   10.541   8.892   7.202   6.608   6.299   2.56351233   0
   0.021238   7.7000   0.30740377   0.3074   -1.7372   3.4828   4.5462   9.113   14.675   13.370   11.919   10.534   8.887   7.199   6.605   6.296   2.56520677   0
   0.021238   7.7000   0.31443202   0.3144   -1.7221   3.4844   4.5472   9.075   14.598   13.298   11.846   10.472   8.838   7.165   6.570   6.263   2.58143091   0
   0.021238   7.7000   0.35740378   0.3574   -1.6385   3.4932   4.5544   8.866   14.178   12.901   11.458   10.135   8.567   6.977   6.373   6.080   2.66943765   0
   0.021238   7.7000   0.39407873   0.3941   -1.5663   3.5007   4.5546   8.686   13.834   12.577   11.151   9.869   8.343   6.813   6.200   5.918   2.73209476   0
   0.021238   7.7000   0.44999999   0.4500   -1.4738   3.5102   4.5580   8.455   13.420   12.176   10.765   9.532   8.063   6.603   5.979   5.710   2.81098008   0
   0.021238   7.7000   0.46745366   0.4675   -1.4411   3.5140   4.5568   8.373   13.274   12.032   10.625   9.408   7.963   6.531   5.902   5.638   2.83224988   0
   0.021238   7.7000   0.50000000   0.5000   -1.3865   3.5201   4.5558   8.236   13.036   11.795   10.394   9.204   7.799   6.410   5.773   5.517   2.86847806   0
   0.021238   7.7000   0.53043562   0.5304   -1.3367   3.5263   4.5564   8.112   12.818   11.575   10.183   9.021   7.649   6.301   5.656   5.407   2.89878082   0
   0.021238   7.7000   0.55000001   0.5500   -1.2993   3.5305   4.5516   8.018   12.660   11.417   10.032   8.889   7.539   6.218   5.568   5.323   2.91663504   0
   0.021238   7.7000   0.57672656   0.5767   -1.2517   3.5369   4.5504   7.899   12.456   11.205   9.829   8.711   7.396   6.114   5.457   5.220   2.93922853   0
   0.021238   7.7000   0.60000002   0.6000   -1.2013   3.5435   4.5433   7.773   12.248   10.987   9.619   8.526   7.248   6.005   5.340   5.110   2.95739889   0
   0.021238   7.7000   0.61852360   0.6185   -1.1620   3.5495   4.5416   7.675   12.078   10.805   9.441   8.371   7.130   5.923   5.251   5.027   2.97096467   0
   0.021238   7.7000   0.63931590   0.6393   -1.1069   3.5582   4.5354   7.537   11.848   10.551   9.189   8.148   6.966   5.809   5.128   4.915   2.98532939   0
   0.021238   7.7000   0.64999998   0.6500   -1.0777   3.5630   4.5327   7.464   11.726   10.414   9.051   8.026   6.880   5.750   5.063   4.857   2.99236870   0
   0.021238   7.7000   0.66071796   0.6607   -1.0474   3.5687   4.5321   7.388   11.595   10.264   8.898   7.891   6.789   5.690   4.999   4.799   2.99920845   0
   0.021238   7.7000   0.68989068   0.6899   -0.9502   3.5877   4.5296   7.145   11.178   9.786   8.432   7.474   6.508   5.499   4.792   4.620   3.01678038   0
   0.021238   7.7000   0.69999999   0.7000   -0.9138   3.5951   4.5294   7.054   11.020   9.605   8.260   7.320   6.405   5.427   4.717   4.557   3.02253795   0
   0.021238   7.7000   0.71053720   0.7105   -0.8625   3.6108   4.5474   6.926   10.738   9.285   7.970   7.067   6.254   5.336   4.633   4.495   3.02837038   0
   0.021238   7.7000   0.72238952   0.7224   -0.8053   3.6279   4.5655   6.783   10.385   8.926   7.661   6.798   6.094   5.235   4.548   4.433   3.03473330   0
   0.021238   7.7000   0.73197931   0.7320   -0.7598   3.6410   4.5782   6.670   10.052   8.640   7.423   6.598   5.972   5.158   4.490   4.390   3.03973532   0
   0.021238   7.7000   0.74026316   0.7403   -0.7227   3.6513   4.5874   6.577   9.742   8.407   7.235   6.443   5.870   5.094   4.454   4.363   3.04395509   0
   0.021238   7.7000   0.75000000   0.7500   -0.6810   3.6623   4.5954   6.472   9.382   8.157   7.036   6.286   5.758   5.022   4.417   4.332   3.04879928   0
   0.021238   7.7000   0.75915778   0.7592   -0.6494   3.6679   4.5912   6.394   9.175   8.007   6.912   6.185   5.676   4.960   4.373   4.291   3.05324531   0
   0.021238   7.7000   0.77214473   0.7721   -0.6104   3.6748   4.5871   6.296   8.917   7.824   6.762   6.063   5.574   4.884   4.320   4.241   3.05937529   0
   0.021238   7.7000   0.80000001   0.8000   -0.5437   3.6868   4.5839   6.129   8.487   7.519   6.512   5.862   5.403   4.755   4.229   4.156   3.07187057   0
   0.021238   7.7000   0.82954443   0.8295   -0.4730   3.7004   4.5836   5.952   8.027   7.200   6.253   5.655   5.226   4.624   4.139   4.072   3.08420038   0
   0.021238   7.7000   0.85000002   0.8500   -0.4385   3.7077   4.5885   5.866   7.802   7.046   6.130   5.555   5.141   4.563   4.099   4.035   3.09222293   0
   0.021238   7.7000   0.85196424   0.8520   -0.4352   3.7083   4.5890   5.858   7.781   7.032   6.118   5.546   5.133   4.557   4.096   4.032   3.09297252   0
   0.021238   7.7000   0.88378781   0.8838   -0.3924   3.7159   4.5925   5.751   7.535   6.859   5.976   5.428   5.028   4.478   4.037   3.976   3.10464144   0
   0.021238   7.7000   0.89999998   0.9000   -0.3706   3.7197   4.5938   5.696   7.410   6.771   5.904   5.368   4.975   4.437   4.007   3.948   3.11026096   0
   0.021238   7.7000   0.90427232   0.9043   -0.3651   3.7207   4.5940   5.683   7.381   6.750   5.886   5.354   4.962   4.427   3.999   3.940   3.11170769   0
   0.021238   7.7000   0.94999999   0.9500   -0.2878   3.7315   4.5814   5.489   7.000   6.472   5.650   5.149   4.776   4.275   3.876   3.821   3.12635612   0
   0.021238   7.7000   0.96561384   0.9656   -0.2594   3.7351   4.5745   5.418   6.868   6.373   5.566   5.076   4.709   4.218   3.828   3.775   3.13103247   0
   0.021238   7.7000   1.00000000   1.0000   -0.1927   3.7436   4.5570   5.252   6.564   6.143   5.371   4.904   4.551   4.086   3.717   3.668   3.14080405   0
   0.021238   7.7000   1.04999995   1.0500   -0.0934   3.7556   4.5268   5.003   6.138   5.813   5.089   4.653   4.318   3.888   3.548   3.502   3.15380883   0
   0.021238   7.7000   1.06332612   1.0633   -0.0674   3.7586   4.5185   4.938   6.030   5.728   5.016   4.588   4.257   3.836   3.503   3.458   3.15705228   0
   0.021238   7.7000   1.10000002   1.1000   0.0035   3.7671   4.4963   4.761   5.743   5.498   4.820   4.412   4.094   3.696   3.382   3.340   3.16554141   0
   0.021238   7.7000   1.14999998   1.1500   0.0946   3.7768   4.4634   4.533   5.392   5.209   4.572   4.189   3.887   3.516   3.222   3.185   3.17617631   0
   0.021238   7.7000   1.17006969   1.1701   0.1321   3.7809   4.4498   4.440   5.244   5.089   4.471   4.099   3.805   3.444   3.158   3.123   3.18016958   0
   0.021238   7.7000   1.20000005   1.2000   0.1888   3.7874   4.4298   4.298   5.004   4.905   4.321   3.971   3.688   3.341   3.066   3.036   3.18585706   0
   0.021238   7.7000   1.24080002   1.2408   0.2569   3.7941   4.4032   4.128   4.746   4.692   4.143   3.814   3.541   3.209   2.947   2.921   3.19313431   0
   0.021238   7.7000   1.24817741   1.2482   0.2843   3.7990   4.3979   4.059   4.620   4.595   4.069   3.753   3.489   3.169   2.914   2.891   3.19439530   0
   0.021238   7.7000   1.24991429   1.2499   0.2892   3.8002   4.3983   4.047   4.594   4.576   4.056   3.743   3.480   3.163   2.911   2.888   3.19468999   1
   0.021238   7.7000   1.25000000   1.2500   0.2893   3.8002   4.3983   4.047   4.594   4.576   4.056   3.742   3.480   3.163   2.911   2.888   3.19470429   1
   0.021238   7.7000   1.29999995   1.3000   0.3721   3.8093   4.3691   3.840   4.322   4.324   3.839   3.544   3.296   3.001   2.768   2.747   3.20280719   1
   0.021238   7.7000   1.35000002   1.3500   0.4512   3.8184   4.3426   3.642   4.070   4.084   3.634   3.357   3.123   2.850   2.634   2.616   3.21023273   1
   0.021238   7.7000   1.39999998   1.4000   0.5243   3.8278   4.3228   3.459   3.838   3.860   3.444   3.185   2.967   2.715   2.518   2.502   3.21705914   1
   0.021238   7.7000   1.45000005   1.4500   0.5937   3.8369   4.3054   3.286   3.626   3.650   3.264   3.023   2.821   2.590   2.411   2.396   3.22335362   1
   0.021238   7.7000   1.50000000   1.5000   0.6597   3.8466   4.2929   3.121   3.428   3.449   3.093   2.872   2.686   2.477   2.317   2.303   3.22917390   1
   0.021238   7.7000   1.54999995   1.5500   0.7229   3.8574   4.2872   2.963   3.238   3.253   2.930   2.730   2.563   2.378   2.238   2.225   3.23456979   1
   0.021238   7.7000   1.60000002   1.6000   0.7834   3.8693   4.2879   2.811   3.060   3.065   2.775   2.599   2.453   2.293   2.174   2.162   3.23958373   1
   0.021238   7.7000   1.64999998   1.6500   0.8424   3.8815   4.2913   2.664   2.891   2.883   2.626   2.475   2.350   2.215   2.117   2.107   3.24424219   1
   0.021238   7.7000   1.67499995   1.6750   0.8702   3.8875   4.2937   2.594   2.812   2.798   2.556   2.417   2.303   2.180   2.092   2.082   3.24644756   1
   0.021238   7.7000   1.70000005   1.7000   0.8981   3.8932   4.2953   2.525   2.735   2.714   2.487   2.360   2.256   2.144   2.065   2.056   3.24857616   1
   0.021238   7.7000   1.72500002   1.7250   0.9251   3.8990   4.2976   2.457   2.661   2.633   2.422   2.306   2.212   2.111   2.041   2.032   3.25063133   1
   0.021238   7.7000   1.75000000   1.7500   0.9518   3.9045   4.2990   2.390   2.588   2.554   2.358   2.253   2.169   2.077   2.015   2.006   3.25261688   1
   0.021238   7.7000   1.77499998   1.7750   0.9786   3.9099   4.3004   2.324   2.515   2.476   2.295   2.201   2.126   2.044   1.989   1.981   3.25453615   1
   0.021238   7.7000   1.79999995   1.8000   1.0046   3.9152   4.3014   2.258   2.444   2.401   2.235   2.151   2.085   2.012   1.964   1.956   3.25639176   1
   0.021238   7.7000   1.82500005   1.8250   1.0291   3.9203   4.3032   2.197   2.378   2.332   2.179   2.105   2.047   1.983   1.941   1.933   3.25818729   1
   0.021238   7.7000   1.85000002   1.8500   1.0541   3.9254   4.3045   2.135   2.310   2.262   2.124   2.059   2.008   1.953   1.916   1.910   3.25992513   1
   0.021238   7.7000   1.87500000   1.8750   1.0783   3.9301   4.3049   2.074   2.245   2.195   2.070   2.014   1.970   1.922   1.891   1.885   3.26160812   1
   0.021238   7.7000   1.89999998   1.9000   1.1022   3.9351   4.3069   2.015   2.180   2.133   2.021   1.972   1.935   1.895   1.869   1.863   3.26323819   1
   0.021238   7.7000   1.92499995   1.9250   1.1261   3.9395   4.3064   1.955   2.116   2.071   1.970   1.928   1.897   1.864   1.842   1.837   3.26481819   1
   0.021238   7.7000   1.95000005   1.9500   1.1495   3.9443   4.3077   1.896   2.052   2.013   1.924   1.889   1.863   1.837   1.819   1.814   3.26635003   1
   0.021238   7.7000   2.00000000   2.0000   1.1952   3.9529   4.3073   1.782   1.929   1.903   1.833   1.809   1.793   1.779   1.768   1.765   3.26927757   1
   0.021238   7.7000   2.04999995   2.0500   1.2391   3.9613   4.3080   1.672   1.812   1.803   1.750   1.736   1.729   1.726   1.721   1.720   3.27203131   1
   0.021238   7.7000   2.09999990   2.1000   1.2818   3.9693   4.3078   1.565   1.701   1.709   1.672   1.666   1.666   1.673   1.674   1.674   3.27462268   1
   0.021238   7.7000   2.15000010   2.1500   1.3237   3.9770   4.3067   1.461   1.595   1.621   1.599   1.599   1.605   1.622   1.626   1.628   3.27706480   1
   0.021238   7.7000   2.20000005   2.2000   1.3643   3.9845   4.3061   1.359   1.494   1.539   1.529   1.535   1.546   1.572   1.580   1.584   3.27936959   1
   0.021238   7.7000   2.25740385   2.2574   1.4098   3.9926   4.3044   1.245   1.383   1.449   1.452   1.463   1.480   1.515   1.527   1.534   3.28185964   1
   0.021238   7.7000   2.31480742   2.3148   1.4539   4.0005   4.3025   1.135   1.276   1.364   1.378   1.394   1.416   1.460   1.475   1.484   3.28419662   1
   0.021238   7.7000   2.42961526   2.4296   1.5383   4.0151   4.2978   0.924   1.074   1.204   1.239   1.262   1.292   1.352   1.372   1.385   3.28846240   1
   0.021238   7.7000   2.62961507   2.6296   1.6769   4.0384   4.2866   0.578   0.746   0.948   1.008   1.040   1.081   1.166   1.195   1.214   3.29479408   1
   0.021238   7.7000   2.65939951   2.6594   1.6966   4.0416   4.2847   0.529   0.699   0.912   0.975   1.008   1.051   1.139   1.169   1.189   3.29563284   1
   0.021238   7.7000   2.82961512   2.8296   1.8058   4.0595   4.2739   0.256   0.445   0.716   0.793   0.831   0.882   0.989   1.023   1.049   3.29999113   1
   0.021238   7.7000   2.94814754   2.9481   1.8778   4.0710   4.2659   0.076   0.280   0.588   0.674   0.714   0.769   0.887   0.925   0.953   3.30264473   1
   0.021238   7.7000   3.02961516   3.0296   1.9259   4.0787   4.2603   -0.045   0.171   0.502   0.594   0.636   0.693   0.819   0.859   0.889   3.30431366   1
   0.021238   7.7000   3.22961521   3.2296   2.0388   4.0963   4.2456   -0.327   -0.083   0.303   0.406   0.452   0.515   0.656   0.701   0.735   3.30795145   1
   0.021238   7.7000   3.42961526   3.4296   2.1458   4.1127   4.2303   -0.594   -0.318   0.115   0.228   0.278   0.346   0.502   0.550   0.587   3.31103110   1
   0.021238   7.7000   3.62961507   3.6296   2.2470   4.1279   4.2145   -0.848   -0.533   -0.060   0.061   0.115   0.187   0.356   0.407   0.447   3.31365967   1
   0.021238   7.7000   3.64601684   3.6460   2.2551   4.1291   4.2132   -0.868   -0.550   -0.074   0.048   0.102   0.175   0.344   0.396   0.436   3.31385803   1
   0.021238   7.7000   3.82961512   3.8296   2.3436   4.1420   4.1977   -1.089   -0.738   -0.228   -0.099   -0.042   0.035   0.215   0.269   0.312   3.31592298   1
   0.021238   7.7000   3.88959551   3.8896   2.3717   4.1461   4.1924   -1.159   -0.798   -0.278   -0.146   -0.088   -0.010   0.173   0.228   0.272   3.31654072   1
   0.021238   7.7000   4.02961493   4.0296   2.4365   4.1551   4.1791   -1.321   -0.934   -0.393   -0.256   -0.196   -0.115   0.074   0.132   0.177   3.31788683   1
   0.021238   7.7000   4.22961521   4.2296   2.5263   4.1672   4.1587   -1.546   -1.123   -0.554   -0.410   -0.348   -0.263   -0.064   -0.004   0.043   3.31959629   1
   0.021238   7.7000   4.33902073   4.3390   2.5740   4.1734   4.1471   -1.665   -1.223   -0.640   -0.493   -0.429   -0.342   -0.139   -0.078   -0.029   3.32043862   1
   0.021238   7.7000   4.42961502   4.4296   2.6129   4.1784   4.1371   -1.762   -1.306   -0.711   -0.561   -0.496   -0.408   -0.201   -0.138   -0.089   3.32109213   1
   0.021238   7.7000   4.62961483   4.6296   2.6969   4.1887   4.1136   -1.972   -1.482   -0.866   -0.710   -0.642   -0.551   -0.337   -0.273   -0.221   3.32240891   1
   0.021238   7.7000   4.76114464   4.7611   2.7504   4.1951   4.0977   -2.106   -1.596   -0.966   -0.807   -0.737   -0.644   -0.426   -0.360   -0.308   3.32319093   1
   0.021238   7.7000   4.85923052   4.8592   2.7901   4.1996   4.0848   -2.205   -1.681   -1.042   -0.880   -0.809   -0.714   -0.493   -0.426   -0.373   3.32373548   1
   0.021238   7.7000   4.95931721   4.9593   2.8303   4.2040   4.0709   -2.306   -1.767   -1.119   -0.955   -0.883   -0.786   -0.562   -0.495   -0.441   3.32426023   1
   0.021238   7.7000   5.05923033   5.0592   2.8705   4.2081   4.0559   -2.406   -1.854   -1.198   -1.031   -0.958   -0.861   -0.633   -0.565   -0.510   3.32475471   1
   0.021238   7.7000   5.06268883   5.0627   2.8718   4.2082   4.0554   -2.410   -1.857   -1.200   -1.034   -0.961   -0.863   -0.636   -0.567   -0.512   3.32477140   1
   0.021238   7.7000   5.22725439   5.2273   2.9374   4.2142   4.0279   -2.573   -2.001   -1.332   -1.162   -1.087   -0.988   -0.757   -0.687   -0.631   3.32552505   1
   0.021238   7.7000   5.25923014   5.2592   2.9500   4.2154   4.0224   -2.605   -2.029   -1.358   -1.187   -1.112   -1.012   -0.780   -0.710   -0.654   3.32566357   1
   0.021238   7.7000   5.27260542   5.2726   2.9552   4.2158   4.0201   -2.618   -2.041   -1.369   -1.198   -1.122   -1.022   -0.790   -0.720   -0.663   3.32572079   1
   0.021238   7.7000   5.42003536   5.4200   3.0130   4.2204   3.9928   -2.762   -2.170   -1.489   -1.315   -1.238   -1.137   -0.902   -0.830   -0.773   3.32632399   1
   0.021238   7.7000   5.45923042   5.4592   3.0283   4.2216   3.9851   -2.801   -2.205   -1.521   -1.347   -1.270   -1.168   -0.932   -0.861   -0.803   3.32647634   1
   0.021238   7.7000   5.52387285   5.5239   3.0534   4.2234   3.9723   -2.864   -2.262   -1.575   -1.399   -1.322   -1.219   -0.982   -0.910   -0.852   3.32672095   1
   0.021238   7.7000   5.65124321   5.6512   3.1031   4.2264   3.9444   -2.988   -2.378   -1.683   -1.506   -1.428   -1.325   -1.085   -1.013   -0.955   3.32717872   1
   0.021238   7.7000   5.65923023   5.6592   3.1063   4.2265   3.9426   -2.996   -2.385   -1.690   -1.513   -1.435   -1.331   -1.092   -1.020   -0.961   3.32720637   1
   0.021238   7.7000   5.68064880   5.6806   3.1146   4.2270   3.9377   -3.016   -2.405   -1.709   -1.531   -1.453   -1.349   -1.109   -1.037   -0.979   3.32728004   1
   0.021238   7.7000   5.78430033   5.7843   3.1555   4.2285   3.9108   -3.119   -2.503   -1.803   -1.624   -1.546   -1.442   -1.201   -1.129   -1.070   3.32762575   1
   0.021238   7.7000   5.85923052   5.8592   3.1851   4.2294   3.8903   -3.193   -2.576   -1.873   -1.693   -1.615   -1.511   -1.269   -1.197   -1.137   3.32786441   1
   0.021238   7.7000   5.87701464   5.8770   3.1921   4.2296   3.8855   -3.210   -2.593   -1.889   -1.710   -1.631   -1.527   -1.285   -1.213   -1.153   3.32791972   1
   0.021238   7.7000   6.01184654   6.0118   3.2452   4.2304   3.8455   -3.343   -2.725   -2.018   -1.838   -1.759   -1.655   -1.412   -1.340   -1.280   3.32832408   1
   0.021238   7.7000   6.05923033   6.0592   3.2640   4.2304   3.8298   -3.390   -2.774   -2.066   -1.885   -1.807   -1.703   -1.460   -1.388   -1.328   3.32845974   1
   0.021238   7.7000   6.12780952   6.1278   3.2902   4.2302   3.8079   -3.455   -2.841   -2.133   -1.952   -1.874   -1.770   -1.527   -1.455   -1.395   3.32865095   1
   0.021238   7.7000   6.23570538   6.2357   3.3325   4.2286   3.7669   -3.561   -2.955   -2.248   -2.067   -1.990   -1.886   -1.645   -1.572   -1.513   3.32893920   1
   0.021238   7.7000   6.31846046   6.3185   3.3652   4.2268   3.7328   -3.643   -3.046   -2.340   -2.160   -2.083   -1.980   -1.740   -1.668   -1.609   3.32915068   1
   0.021238   7.7000   6.41432476   6.4143   3.4005   4.2247   3.6953   -3.731   -3.144   -2.441   -2.261   -2.185   -2.083   -1.844   -1.773   -1.714   3.32938528   1
   0.021238   7.7000   6.54598236   6.5460   3.4502   4.2194   3.6334   -3.856   -3.291   -2.595   -2.417   -2.343   -2.243   -2.006   -1.937   -1.878   3.32969093   1
   0.021238   7.7000   6.63692093   6.6369   3.4854   4.2141   3.5831   -3.944   -3.402   -2.713   -2.536   -2.464   -2.366   -2.133   -2.064   -2.007   3.32989120   1
   0.021238   7.7000   6.68949604   6.6895   3.5076   4.2099   3.5473   -3.999   -3.475   -2.792   -2.617   -2.546   -2.449   -2.219   -2.151   -2.095   3.33000326   1
   0.021238   7.7000   6.76968098   6.7697   3.5423   4.2022   3.4870   -4.086   -3.593   -2.922   -2.750   -2.681   -2.587   -2.362   -2.295   -2.240   3.33016896   1
   0.021238   7.7000   6.83777952   6.8378   3.5743   4.1940   3.4265   -4.166   -3.705   -3.047   -2.878   -2.812   -2.721   -2.501   -2.436   -2.383   3.33030534   1
   0.021238   7.7000   6.89291859   6.8929   3.6033   4.1904   3.3866   -4.238   -3.793   -3.139   -2.972   -2.907   -2.817   -2.599   -2.536   -2.483   3.33041263   1
   0.021238   7.7000   6.91956091   6.9196   3.6231   4.1960   3.3911   -4.288   -3.823   -3.158   -2.988   -2.922   -2.830   -2.609   -2.544   -2.490   3.33046341   1
   0.021238   7.7000   6.93293524   6.9329   3.6404   4.2073   3.4199   -4.331   -3.825   -3.140   -2.965   -2.895   -2.800   -2.571   -2.504   -2.448   3.33048892   1
   0.021238   7.7000   6.93764400   6.9376   3.6544   4.2185   3.4509   -4.366   -3.818   -3.114   -2.934   -2.861   -2.762   -2.526   -2.457   -2.398   3.33049774   1
   0.021238   7.7000   6.93984556   6.9398   3.6693   4.2291   3.4786   -4.403   -3.816   -3.094   -2.909   -2.833   -2.730   -2.487   -2.415   -2.355   3.33050179   1
   0.021238   7.7000   6.94106913   6.9411   3.6879   4.2397   3.5025   -4.450   -3.822   -3.083   -2.893   -2.815   -2.708   -2.458   -2.383   -2.322   3.33050418   1
   0.021238   7.7000   6.94186926   6.9419   3.7056   4.2487   3.5206   -4.494   -3.833   -3.078   -2.885   -2.804   -2.695   -2.439   -2.362   -2.299   3.33050561   2
   0.021238   7.7000   6.94226646   6.9423   3.6783   4.2409   3.5169   -4.426   -3.793   -3.052   -2.862   -2.783   -2.676   -2.425   -2.351   -2.289   3.33050632   2
   0.021238   7.7000   6.94248247   6.9425   3.6589   4.2322   3.5015   -4.377   -3.777   -3.051   -2.865   -2.788   -2.684   -2.439   -2.366   -2.305   3.33050680   2
   0.021238   7.7000   6.94272041   6.9427   3.6467   4.2210   3.4686   -4.347   -3.789   -3.082   -2.900   -2.827   -2.727   -2.489   -2.419   -2.360   3.33050728   2
   0.021238   7.7000   6.94295025   6.9430   3.6464   4.2095   3.4233   -4.346   -3.833   -3.143   -2.967   -2.897   -2.801   -2.571   -2.503   -2.446   3.33050776   2
   0.021238   7.7000   6.94318676   6.9432   3.6532   4.1979   3.3699   -4.363   -3.894   -3.223   -3.053   -2.986   -2.894   -2.671   -2.606   -2.551   3.33050823   2
   0.021238   7.7000   6.94343042   6.9434   3.6627   4.1860   3.3128   -4.387   -3.962   -3.312   -3.146   -3.083   -2.995   -2.780   -2.718   -2.665   3.33050871   2
   0.021238   7.7000   6.94367838   6.9437   3.6718   4.1739   3.2554   -4.410   -4.029   -3.399   -3.239   -3.180   -3.097   -2.890   -2.831   -2.780   3.33050919   2
   0.021238   7.7000   6.94392824   6.9439   3.6793   4.1618   3.1994   -4.428   -4.091   -3.483   -3.328   -3.273   -3.194   -2.995   -2.939   -2.890   3.33050966   2
   0.021238   7.7000   6.94417667   6.9442   3.6849   4.1495   3.1449   -4.442   -4.147   -3.562   -3.413   -3.361   -3.286   -3.096   -3.043   -2.996   3.33050990   2
   0.021238   7.7000   6.94442225   6.9444   3.6888   4.1373   3.0920   -4.452   -4.198   -3.636   -3.493   -3.445   -3.375   -3.195   -3.144   -3.099   3.33051038   2
   0.021238   7.7000   6.94466305   6.9447   3.6913   4.1250   3.0403   -4.458   -4.244   -3.708   -3.570   -3.526   -3.460   -3.289   -3.242   -3.200   3.33051085   2
   0.021238   7.7000   6.94489861   6.9449   3.6926   4.1126   2.9895   -4.462   -4.286   -3.775   -3.644   -3.603   -3.543   -3.381   -3.337   -3.296   3.33051133   2
   0.021238   7.7000   6.94512653   6.9451   3.6930   4.1003   2.9397   -4.462   -4.322   -3.837   -3.712   -3.676   -3.620   -3.468   -3.427   -3.389   3.33051181   2
   0.021238   7.7000   6.94534731   6.9453   3.6925   4.0878   2.8906   -4.461   -4.351   -3.897   -3.777   -3.744   -3.694   -3.552   -3.515   -3.479   3.33051229   2
   0.021238   7.7000   6.94555998   6.9456   3.6911   4.0754   2.8423   -4.458   -4.375   -3.952   -3.839   -3.810   -3.764   -3.633   -3.600   -3.565   3.33051252   2
   0.021238   7.7000   6.94576406   6.9458   3.6891   4.0630   2.7945   -4.453   -4.395   -4.005   -3.898   -3.873   -3.831   -3.712   -3.682   -3.650   3.33051300   2
   0.021238   7.7000   6.94595861   6.9460   3.6864   4.0505   2.7474   -4.446   -4.409   -4.054   -3.955   -3.932   -3.896   -3.789   -3.762   -3.733   3.33051348   2
   0.021238   7.7000   6.94614458   6.9461   3.6832   4.0381   2.7008   -4.438   -4.419   -4.101   -4.007   -3.989   -3.958   -3.863   -3.841   -3.813   3.33051372   2
   0.021238   7.7000   6.94632196   6.9463   3.6795   4.0256   2.6547   -4.429   -4.424   -4.145   -4.058   -4.042   -4.017   -3.935   -3.917   -3.892   3.33051395   2
   0.021238   7.7000   6.94653177   6.9465   3.6743   4.0100   2.5976   -4.416   -4.424   -4.196   -4.117   -4.106   -4.087   -4.023   -4.011   -3.990   3.33051443   2
   0.021238   7.7000   6.94669056   6.9467   3.6697   3.9976   2.5524   -4.404   -4.420   -4.233   -4.162   -4.154   -4.141   -4.093   -4.085   -4.066   3.33051467   2
   0.021238   7.7000   6.94684172   6.9468   3.6647   3.9851   2.5074   -4.392   -4.411   -4.267   -4.204   -4.199   -4.193   -4.160   -4.158   -4.143   3.33051491   2
   0.021238   7.7000   6.94698572   6.9470   3.6594   3.9726   2.4627   -4.379   -4.397   -4.296   -4.243   -4.244   -4.244   -4.228   -4.231   -4.220   3.33051538   2
   0.021238   7.7000   6.94712353   6.9471   3.6538   3.9600   2.4182   -4.365   -4.377   -4.320   -4.280   -4.285   -4.294   -4.295   -4.303   -4.296   3.33051562   2
   0.021238   7.7000   6.94725418   6.9473   3.6480   3.9475   2.3739   -4.350   -4.350   -4.337   -4.311   -4.324   -4.341   -4.361   -4.376   -4.373   3.33051586   2
   0.021238   7.7000   6.94737816   6.9474   3.6419   3.9350   2.3299   -4.335   -4.313   -4.346   -4.338   -4.360   -4.386   -4.426   -4.448   -4.449   3.33051610   2
   0.021238   7.7000   6.94749594   6.9475   3.6356   3.9225   2.2861   -4.319   -4.263   -4.343   -4.358   -4.391   -4.428   -4.489   -4.520   -4.525   3.33051634   2
   0.021238   7.7000   6.94760799   6.9476   3.6290   3.9099   2.2426   -4.303   -4.205   -4.328   -4.369   -4.417   -4.468   -4.551   -4.592   -4.601   3.33051658   2
   0.021238   7.7000   6.94771433   6.9477   3.6224   3.8975   2.1993   -4.286   -4.140   -4.300   -4.372   -4.438   -4.505   -4.611   -4.664   -4.677   3.33051658   2
   0.021238   7.7000   6.94781494   6.9478   3.6156   3.8850   2.1561   -4.269   -4.070   -4.260   -4.368   -4.455   -4.539   -4.669   -4.737   -4.753   3.33051682   2
   0.021238   7.7000   6.94791079   6.9479   3.6086   3.8725   2.1132   -4.251   -3.996   -4.208   -4.357   -4.468   -4.571   -4.727   -4.811   -4.830   3.33051705   2
   0.021238   7.7000   6.94800138   6.9480   3.6015   3.8600   2.0703   -4.234   -3.918   -4.147   -4.342   -4.479   -4.603   -4.784   -4.886   -4.908   3.33051729   2
   0.021238   7.7000   6.94808769   6.9481   3.5942   3.8475   2.0276   -4.216   -3.832   -4.068   -4.320   -4.486   -4.633   -4.840   -4.962   -4.987   3.33051729   2
   0.021238   7.7000   6.94816971   6.9482   3.5869   3.8350   1.9848   -4.197   -3.741   -3.984   -4.295   -4.491   -4.661   -4.894   -5.038   -5.066   3.33051753   2
   0.021238   7.7000   6.94824743   6.9482   3.5794   3.8224   1.9422   -4.178   -3.645   -3.895   -4.264   -4.490   -4.684   -4.946   -5.113   -5.143   3.33051777   2
   0.021238   7.7000   6.94832134   6.9483   3.5718   3.8099   1.8997   -4.159   -3.539   -3.802   -4.230   -4.486   -4.703   -4.995   -5.187   -5.219   3.33051777   2
   0.021238   7.7000   6.94839144   6.9484   3.5640   3.7973   1.8571   -4.140   -3.413   -3.697   -4.190   -4.478   -4.721   -5.043   -5.261   -5.297   3.33051801   2
   0.021238   7.7000   6.94845819   6.9485   3.5560   3.7847   1.8148   -4.120   -3.236   -3.560   -4.144   -4.474   -4.746   -5.100   -5.343   -5.385   3.33051801   2
   0.021238   7.7000   6.94852161   6.9485   3.5479   3.7721   1.7725   -4.100   -3.050   -3.424   -4.093   -4.463   -4.764   -5.151   -5.423   -5.470   3.33051825   2
   0.021238   7.7000   6.94858170   6.9486   3.5396   3.7595   1.7303   -4.079   -2.875   -3.302   -4.040   -4.443   -4.768   -5.190   -5.492   -5.543   3.33051825   2
   0.021238   7.7000   6.94863939   6.9486   3.5310   3.7468   1.6882   -4.057   -2.684   -3.177   -3.982   -4.416   -4.765   -5.224   -5.557   -5.611   3.33051848   2
   0.021238   7.7000   6.94869471   6.9487   3.5220   3.7341   1.6465   -4.035   -2.471   -3.043   -3.917   -4.385   -4.758   -5.255   -5.622   -5.678   3.33051848   2
   0.021238   7.7000   6.94875002   6.9488   3.5122   3.7212   1.6047   -4.010   -2.231   -2.898   -3.843   -4.346   -4.743   -5.283   -5.685   -5.744   3.33051872   2
   0.021238   7.7000   6.94880915   6.9488   3.5006   3.7078   1.5626   -3.981   -1.956   -2.737   -3.757   -4.296   -4.718   -5.305   -5.744   -5.807   3.33051872   2
   0.021238   7.7000   6.94887543   6.9489   3.4860   3.6935   1.5201   -3.945   -1.633   -2.555   -3.652   -4.230   -4.679   -5.319   -5.797   -5.866   3.33051872   2
   0.021238   7.7000   6.94896173   6.9490   3.4654   3.6787   1.4813   -3.893   -1.260   -2.345   -3.519   -4.138   -4.618   -5.316   -5.834   -5.913   3.33051896   2
   0.021238   7.7000   6.94907093   6.9491   3.4367   3.6662   1.4602   -3.822   -0.898   -2.134   -3.369   -4.025   -4.532   -5.280   -5.834   -5.922   3.33051920   2
   0.021238   7.7000   6.94919395   6.9492   3.4059   3.6569   1.4537   -3.745   -0.596   -1.948   -3.228   -3.914   -4.443   -5.228   -5.810   -5.904   3.33051944   2
   0.021238   7.7000   6.94933224   6.9493   3.3818   3.6474   1.4397   -3.684   -0.293   -1.769   -3.094   -3.814   -4.368   -5.191   -5.803   -5.904   3.33051968   2
   0.021238   7.7000   6.94937706   6.9494   3.3794   3.6442   1.4295   -3.679   -0.202   -1.721   -3.062   -3.794   -4.357   -5.193   -5.814   -5.918   3.33051968   3
   0.021238   7.7000   6.94950008   6.9495   3.3990   3.6354   1.3746   -3.727   -0.003   -1.647   -3.034   -3.801   -4.390   -5.262   -5.910   -6.022   3.33051991   3
   0.021238   7.7000   6.94958496   6.9496   3.4337   3.6286   1.3128   -3.814   0.108   -1.634   -3.059   -3.853   -4.465   -5.364   -6.032   -6.150   3.33052015   3
   0.021238   7.7000   6.94965553   6.9497   3.4757   3.6227   1.2470   -3.919   0.183   -1.648   -3.105   -3.924   -4.558   -5.481   -6.167   -6.292   3.33052039   3
   0.021238   7.7000   6.94971466   6.9497   3.5172   3.6176   1.1851   -4.023   0.236   -1.671   -3.155   -3.994   -4.651   -5.595   -6.296   -6.427   3.33052039   3
   0.021238   7.7000   6.94977140   6.9498   3.5577   3.6130   1.1262   -4.124   0.277   -1.698   -3.207   -4.063   -4.742   -5.706   -6.420   -6.556   3.33052063   3
   0.021238   7.7000   6.94979906   6.9498   3.5774   3.6110   1.0986   -4.174   0.290   -1.716   -3.235   -4.099   -4.787   -5.759   -6.479   -6.618   3.33052063   3
   0.021238   7.7000   6.94983959   6.9498   3.6015   3.6084   1.0640   -4.234   0.309   -1.733   -3.265   -4.137   -4.841   -5.825   -6.552   -6.694   3.33052063   3
   0.021238   7.7000   6.94988680   6.9499   3.6266   3.6059   1.0289   -4.296   0.321   -1.754   -3.297   -4.178   -4.898   -5.893   -6.627   -6.772   3.33052063   3
   0.021238   7.7000   6.94992876   6.9499   3.6469   3.6037   1.0000   -4.347   0.335   -1.769   -3.322   -4.209   -4.944   -5.948   -6.688   -6.836   3.33052087   3
   0.021238   7.7000   6.95010138   6.9501   3.6978   3.5985   0.9281   -4.474   0.397   -1.790   -3.380   -4.289   -5.060   -6.088   -6.836   -6.994   3.33052111   3
   0.021238   7.7000   6.95046663   6.9505   3.7387   3.5942   0.8702   -4.577   0.445   -1.804   -3.423   -4.347   -5.152   -6.202   -6.954   -7.121   3.33052182   3
   0.021238   7.7000   6.95105124   6.9511   3.7812   3.5898   0.8102   -4.683   0.496   -1.818   -3.469   -4.411   -5.248   -6.318   -7.076   -7.252   3.33052301   3
   0.021238   7.7000   6.95159864   6.9516   3.8180   3.5863   0.7591   -4.775   0.533   -1.833   -3.505   -4.460   -5.331   -6.420   -7.181   -7.364   3.33052397   3
   0.021238   7.7000   6.95214605   6.9521   3.8538   3.5829   0.7099   -4.865   0.568   -1.849   -3.544   -4.513   -5.412   -6.517   -7.281   -7.472   3.33052492   3
   0.021238   7.7000   6.95282078   6.9528   3.8962   3.5791   0.6522   -4.971   0.607   -1.870   -3.591   -4.576   -5.508   -6.631   -7.399   -7.598   3.33052635   3
   0.021238   7.7000   6.95350170   6.9535   3.9345   3.5755   0.5996   -5.066   0.638   -1.883   -3.623   -4.622   -5.594   -6.736   -7.506   -7.713   3.33052754   3
   0.021238   7.7000   6.95562649   6.9556   3.9650   3.5726   0.5578   -5.143   0.664   -1.895   -3.650   -4.660   -5.662   -6.818   -7.590   -7.805   3.33053160   4
   0.021238   7.7000   6.95889044   6.9589   3.9575   3.5736   0.5693   -5.124   0.651   -1.897   -3.648   -4.655   -5.646   -6.797   -7.568   -7.781   3.33053756   4
   0.021238   7.7000   6.96945286   6.9695   3.9200   3.5777   0.6240   -5.030   0.603   -1.895   -3.627   -4.619   -5.564   -6.694   -7.461   -7.665   3.33055735   4
   0.021238   7.7000   6.97698212   6.9770   3.8792   3.5821   0.6828   -4.928   0.551   -1.889   -3.596   -4.571   -5.473   -6.582   -7.345   -7.539   3.33057117   4
   0.021238   7.7000   6.98391104   6.9839   3.8358   3.5866   0.7445   -4.819   0.494   -1.877   -3.555   -4.512   -5.376   -6.464   -7.222   -7.406   3.33058405   4
   0.021238   7.7000   6.98981905   6.9898   3.7976   3.5906   0.7991   -4.724   0.447   -1.867   -3.521   -4.463   -5.290   -6.358   -7.113   -7.288   3.33059502   4
   0.021238   7.7000   6.99572134   6.9957   3.7603   3.5944   0.8522   -4.631   0.401   -1.855   -3.480   -4.405   -5.206   -6.256   -7.006   -7.173   3.33060575   4
   0.021238   7.7000   7.00170183   7.0017   3.7266   3.5980   0.9008   -4.546   0.358   -1.846   -3.446   -4.358   -5.131   -6.163   -6.908   -7.068   3.33061671   4
   0.021238   7.7000   7.01093769   7.0109   3.6849   3.6029   0.9625   -4.442   0.291   -1.839   -3.406   -4.299   -5.037   -6.046   -6.784   -6.935   3.33063364   4
   0.021238   7.7000   7.02106953   7.0211   3.6533   3.6072   1.0118   -4.363   0.227   -1.840   -3.380   -4.257   -4.968   -5.957   -6.686   -6.830   3.33065224   4
   0.021238   7.7000   7.03893137   7.0389   3.6248   3.6130   1.0647   -4.292   0.127   -1.862   -3.376   -4.233   -4.909   -5.875   -6.586   -6.724   3.33068442   4
   0.021238   7.7000   7.04917765   7.0492   3.6202   3.6160   1.0820   -4.280   0.051   -1.898   -3.398   -4.242   -4.904   -5.857   -6.559   -6.693   3.33070302   5
   0.021238   7.7000   7.06300497   7.0630   3.6361   3.6211   1.0875   -4.320   -0.132   -2.016   -3.493   -4.317   -4.955   -5.887   -6.572   -6.702   3.33072758   5
   0.021238   7.7000   7.07054949   7.0705   3.6667   3.6273   1.0819   -4.397   -0.377   -2.182   -3.631   -4.429   -5.044   -5.952   -6.616   -6.741   3.33074117   5
   0.021238   7.7000   7.07411194   7.0741   3.7083   3.6370   1.0796   -4.501   -0.747   -2.424   -3.825   -4.583   -5.167   -6.037   -6.669   -6.785   3.33074737   5
   0.021238   7.7000   7.07623768   7.0762   3.7394   3.6713   1.1856   -4.579   -1.685   -2.918   -4.157   -4.803   -5.300   -6.030   -6.561   -6.647   3.33075118   5
   0.021238   7.7000   7.07760382   7.0776   3.7531   3.6949   1.2663   -4.613   -2.251   -3.211   -4.325   -4.905   -5.353   -5.988   -6.457   -6.526   3.33075356   5
   0.021238   7.7000   7.07834578   7.0783   3.7592   3.7077   1.3116   -4.628   -2.525   -3.359   -4.403   -4.948   -5.371   -5.957   -6.391   -6.455   3.33075500   5
   0.021238   7.7000   7.07895374   7.0790   3.7636   3.7181   1.3489   -4.639   -2.731   -3.475   -4.461   -4.976   -5.380   -5.929   -6.334   -6.395   3.33075595   5
   0.021238   7.7000   7.07951975   7.0795   3.7672   3.7275   1.3827   -4.648   -2.906   -3.575   -4.508   -4.998   -5.384   -5.901   -6.279   -6.339   3.33075714   5
   0.021238   7.7000   7.08010769   7.0801   3.7705   3.7364   1.4153   -4.656   -3.061   -3.668   -4.550   -5.015   -5.385   -5.872   -6.227   -6.284   3.33075809   5
   0.021238   7.7000   7.08075857   7.0808   3.7739   3.7453   1.4473   -4.665   -3.206   -3.756   -4.589   -5.030   -5.383   -5.843   -6.174   -6.230   3.33075929   5
   0.021238   7.7000   7.08150387   7.0815   3.7778   3.7542   1.4790   -4.674   -3.339   -3.840   -4.626   -5.045   -5.380   -5.814   -6.123   -6.177   3.33076048   5
   0.021238   7.7000   7.08237934   7.0824   3.7821   3.7632   1.5109   -4.685   -3.466   -3.925   -4.662   -5.058   -5.376   -5.785   -6.072   -6.124   3.33076215   5
   0.021238   7.7000   7.08352900   7.0835   3.7875   3.7731   1.5452   -4.699   -3.604   -4.020   -4.701   -5.071   -5.368   -5.752   -6.015   -6.064   3.33076406   5
   0.021238   7.7000   7.08490515   7.0849   3.7935   3.7830   1.5787   -4.714   -3.756   -4.128   -4.740   -5.078   -5.353   -5.711   -5.953   -5.998   3.33076668   5
   0.021238   7.7000   7.08714008   7.0871   3.8031   3.7964   1.6228   -4.738   -3.978   -4.294   -4.793   -5.081   -5.323   -5.646   -5.862   -5.899   3.33077049   5
   0.021238   7.7000   7.09074926   7.0907   3.8131   3.8202   1.7083   -4.763   -4.207   -4.481   -4.852   -5.078   -5.273   -5.539   -5.707   -5.738   3.33077693   5
   0.021238   7.7000   7.09404373   7.0940   3.8166   3.8318   1.7514   -4.771   -4.296   -4.558   -4.872   -5.069   -5.243   -5.483   -5.629   -5.658   3.33078265   6
   0.021238   7.7000   7.10188961   7.1019   3.8175   3.8236   1.7184   -4.774   -4.242   -4.513   -4.867   -5.084   -5.273   -5.531   -5.692   -5.723   3.33079648   6
   0.021238   7.7000   7.11090088   7.1109   3.8180   3.8081   1.6564   -4.775   -4.127   -4.419   -4.850   -5.105   -5.323   -5.618   -5.809   -5.843   3.33081222   6
   0.021238   7.7000   7.14150858   7.1415   3.8259   3.7807   1.5407   -4.795   -3.791   -4.180   -4.816   -5.164   -5.445   -5.809   -6.054   -6.101   3.33086538   6
   0.021238   7.7000   7.15686750   7.1569   3.8204   3.7602   1.4651   -4.781   -3.520   -3.995   -4.751   -5.155   -5.478   -5.895   -6.188   -6.241   3.33089185   6
   0.021238   7.7000   7.16517878   7.1652   3.8199   3.7447   1.4041   -4.780   -3.305   -3.864   -4.703   -5.146   -5.499   -5.961   -6.293   -6.349   3.33090615   6
   0.021238   7.7000   7.17105293   7.1711   3.8179   3.7284   1.3414   -4.775   -3.039   -3.708   -4.639   -5.126   -5.511   -6.024   -6.399   -6.459   3.33091617   6
   0.021238   7.7000   7.17530155   7.1753   3.8148   3.7118   1.2782   -4.767   -2.729   -3.536   -4.561   -5.095   -5.511   -6.082   -6.503   -6.567   3.33092332   6
   0.021238   7.7000   7.17795658   7.1780   3.8195   3.7003   1.2278   -4.779   -2.514   -3.429   -4.518   -5.085   -5.523   -6.136   -6.589   -6.656   3.33092785   6
   0.021238   7.7000   7.17840147   7.1784   3.8206   3.7050   1.2453   -4.782   -2.609   -3.480   -4.543   -5.097   -5.526   -6.122   -6.562   -6.628   3.33092856   6
   0.021238   7.7000   7.17995119   7.1800   3.8141   3.7012   1.2366   -4.765   -2.518   -3.424   -4.509   -5.073   -5.509   -6.120   -6.571   -6.637   3.33093119   6
   0.021238   7.7000   7.18346739   7.1835   3.8287   3.7392   1.3744   -4.802   -3.238   -3.836   -4.706   -5.164   -5.528   -6.008   -6.353   -6.411   3.33093715   6
   0.021238   7.7000   7.18723965   7.1872   3.8264   3.7299   1.3399   -4.796   -3.085   -3.743   -4.666   -5.150   -5.532   -6.040   -6.410   -6.470   3.33094358   6
   0.021238   7.7000   7.19013929   7.1901   3.8249   3.7206   1.3043   -4.792   -2.917   -3.649   -4.625   -5.134   -5.534   -6.073   -6.470   -6.531   3.33094859   6
   0.021238   7.7000   7.19287157   7.1929   3.8229   3.7105   1.2661   -4.787   -2.724   -3.542   -4.575   -5.113   -5.532   -6.107   -6.532   -6.596   3.33095312   6
   0.021238   7.7000   7.19549656   7.1955   3.8200   3.6998   1.2261   -4.780   -2.503   -3.424   -4.517   -5.085   -5.524   -6.139   -6.594   -6.661   3.33095765   6
   0.021238   7.7000   7.19777060   7.1978   3.8164   3.6897   1.1894   -4.771   -2.282   -3.308   -4.456   -5.051   -5.510   -6.165   -6.646   -6.720   3.33096147   6
   0.021238   7.7000   7.20101023   7.2010   3.8090   3.6757   1.1410   -4.752   -1.945   -3.135   -4.357   -4.991   -5.479   -6.192   -6.710   -6.793   3.33096695   6
   0.021238   7.7000   7.20474100   7.2047   3.7962   3.6578   1.0826   -4.721   -1.489   -2.901   -4.208   -4.895   -5.423   -6.209   -6.777   -6.875   3.33097315   6
   0.021238   7.7000   7.20799017   7.2080   3.7777   3.6358   1.0135   -4.674   -0.872   -2.577   -3.988   -4.751   -5.338   -6.214   -6.847   -6.966   3.33097863   6
   0.021238   7.7000   7.21409798   7.2141   3.7333   3.6140   0.9707   -4.563   -0.130   -2.134   -3.658   -4.513   -5.182   -6.147   -6.848   -6.988   3.33098888   6
   0.021238   7.7000   7.23296881   7.2330   3.7610   3.6030   0.9005   -4.633   0.145   -2.011   -3.597   -4.495   -5.228   -6.239   -6.968   -7.123   3.33102036   6
   0.021238   7.7000   7.23827457   7.2383   3.7972   3.5972   0.8413   -4.723   0.250   -1.989   -3.611   -4.531   -5.305   -6.343   -7.083   -7.248   3.33102918   6
   0.021238   7.7000   7.23933887   7.2393   3.8285   3.5931   0.7937   -4.801   0.311   -1.984   -3.634   -4.569   -5.374   -6.431   -7.177   -7.349   3.33103085   6
   0.021238   7.7000   7.23944664   7.2394   3.8361   3.5922   0.7824   -4.820   0.324   -1.985   -3.640   -4.580   -5.391   -6.452   -7.199   -7.374   3.33103108   7
   0.021238   7.7000   7.23973322   7.2397   3.8650   3.5891   0.7411   -4.892   0.363   -1.991   -3.669   -4.621   -5.455   -6.532   -7.282   -7.463   3.33103156   7
   0.021238   7.7000   7.24085236   7.2409   3.8571   3.5898   0.7518   -4.873   0.357   -1.987   -3.660   -4.610   -5.437   -6.510   -7.260   -7.439   3.33103323   7
   0.021238   7.7000   7.24143600   7.2414   3.8826   3.5869   0.7148   -4.937   0.395   -1.990   -3.679   -4.639   -5.494   -6.581   -7.334   -7.519   3.33103442   7
   0.021238   7.7000   7.24187088   7.2419   3.9080   3.5841   0.6784   -5.000   0.431   -1.995   -3.701   -4.672   -5.550   -6.651   -7.407   -7.598   3.33103514   7
   0.021238   7.7000   7.24238396   7.2424   3.9352   3.5812   0.6397   -5.068   0.471   -2.000   -3.728   -4.710   -5.611   -6.725   -7.484   -7.682   3.33103585   7
   0.021238   7.7000   7.24301910   7.2430   3.9674   3.5778   0.5936   -5.148   0.513   -2.004   -3.750   -4.747   -5.682   -6.813   -7.576   -7.781   3.33103704   7
   0.021238   7.7000   7.24377155   7.2438   4.0067   3.5737   0.5378   -5.247   0.557   -2.011   -3.778   -4.789   -5.769   -6.921   -7.687   -7.901   3.33103824   7
   0.021238   7.7000   7.24463701   7.2446   4.0457   3.5695   0.4821   -5.344   0.593   -2.020   -3.802   -4.826   -5.856   -7.027   -7.798   -8.021   3.33103967   7
   0.021238   7.7000   7.24560022   7.2456   4.0837   3.5654   0.4279   -5.439   0.609   -2.030   -3.805   -4.841   -5.937   -7.131   -7.908   -8.139   3.33104110   7
   0.021238   7.7000   7.24665451   7.2467   4.1202   3.5614   0.3756   -5.531   0.627   -2.040   -3.810   -4.857   -6.017   -7.231   -8.014   -8.252   3.33104300   7
   0.021238   7.7000   7.24769926   7.2477   4.1549   3.5576   0.3257   -5.617   0.643   -2.038   -3.799   -4.863   -6.087   -7.326   -8.115   -8.359   3.33104467   7
   0.021238   7.7000   7.24864674   7.2486   4.1876   3.5541   0.2789   -5.699   0.655   -2.033   -3.783   -4.865   -6.153   -7.416   -8.210   -8.461   3.33104610   7
   0.021238   7.7000   7.24943352   7.2494   4.2168   3.5508   0.2367   -5.772   0.670   -2.028   -3.769   -4.866   -6.211   -7.495   -8.295   -8.551   3.33104753   7
   0.021238   7.7000   7.25023079   7.2502   4.2482   3.5473   0.1913   -5.850   0.683   -2.007   -3.734   -4.858   -6.267   -7.581   -8.386   -8.649   3.33104873   7
   0.021238   7.7000   7.25097704   7.2510   4.2791   3.5437   0.1462   -5.928   0.698   -1.981   -3.694   -4.845   -6.320   -7.666   -8.476   -8.745   3.33105016   7
   0.021238   7.7000   7.25204563   7.2520   4.3150   3.5404   0.0971   -6.017   0.698   -1.978   -3.678   -4.854   -6.390   -7.762   -8.576   -8.852   3.33105183   7
   0.021238   7.7000   7.25227070   7.2523   4.3377   3.5386   0.0671   -6.074   0.693   -1.973   -3.667   -4.863   -6.430   -7.823   -8.639   -8.918   3.33105230   7
   0.021238   7.7000   7.25246477   7.2525   4.3604   3.5361   0.0344   -6.131   0.705   -1.940   -3.624   -4.850   -6.461   -7.885   -8.705   -8.988   3.33105254   7
   0.021238   7.7000   7.25265932   7.2527   4.3847   3.5332   -0.0012   -6.192   0.720   -1.902   -3.572   -4.831   -6.494   -7.951   -8.776   -9.064   3.33105278   7
   0.021238   7.7000   7.25278711   7.2528   4.4040   3.5310   -0.0295   -6.240   0.690   -1.863   -3.503   -4.794   -6.507   -8.006   -8.841   -9.130   3.33105302   7
   0.021238   7.7000   7.25292253   7.2529   4.4229   3.5287   -0.0574   -6.287   0.662   -1.803   -3.419   -4.752   -6.506   -8.059   -8.905   -9.194   3.33105326   8
