#   Isochrone  Z = 0.00134   Y = 0.25084   [M/H] = -1.063   eta_R = 0.200   Age =    1.5849e+07 yr
#      Z   log(age/yr)   M_ini      M_act   logL/Lo   logTe   logG   mbol    U       B       V       R       I       J       H       K   int_IMF   stage
   0.001340   7.2000   0.09000000   0.0900   -2.0426   3.5037   4.4018   9.876   15.145   13.538   11.824   10.578   9.311   8.057   7.509   7.248   1.46765435   0
   0.001340   7.2000   0.09706651   0.0971   -1.9957   3.5083   4.4060   9.759   14.903   13.331   11.636   10.412   9.183   7.952   7.399   7.141   1.54130590   0
   0.001340   7.2000   0.10000000   0.1000   -1.9769   3.5102   4.4076   9.712   14.805   13.248   11.560   10.346   9.132   7.910   7.355   7.098   1.57040203   0
   0.001340   7.2000   0.10594306   0.1059   -1.9421   3.5134   4.4107   9.625   14.638   13.103   11.428   10.227   9.040   7.832   7.274   7.019   1.62677598   0
   0.001340   7.2000   0.12000000   0.1200   -1.8644   3.5204   4.4152   9.431   14.266   12.780   11.135   9.964   8.833   7.656   7.092   6.842   1.74782515   0
   0.001340   7.2000   0.14000000   0.1400   -1.7665   3.5292   4.4193   9.186   13.809   12.383   10.779   9.643   8.574   7.435   6.863   6.618   1.89584959   0
   0.001340   7.2000   0.16364484   0.1636   -1.6713   3.5372   4.4239   8.948   13.390   12.017   10.449   9.341   8.325   7.218   6.639   6.399   2.04197025   0
   0.001340   7.2000   0.18768485   0.1877   -1.5870   3.5438   4.4257   8.737   13.034   11.702   10.166   9.081   8.106   7.025   6.440   6.204   2.16589499   0
   0.001340   7.2000   0.20982167   0.2098   -1.5190   3.5492   4.4278   8.567   12.749   11.449   9.938   8.872   7.931   6.870   6.280   6.047   2.26317573   0
   0.001340   7.2000   0.21683365   0.2168   -1.4986   3.5509   4.4283   8.517   12.663   11.374   9.870   8.810   7.878   6.824   6.233   6.000   2.29111862   0
   0.001340   7.2000   0.22894228   0.2289   -1.4648   3.5536   4.4290   8.432   12.523   11.250   9.759   8.708   7.792   6.747   6.153   5.922   2.33653760   0
   0.001340   7.2000   0.25166476   0.2517   -1.4068   3.5584   4.4314   8.287   12.279   11.035   9.566   8.531   7.643   6.615   6.018   5.789   2.41338873   0
   0.001340   7.2000   0.28223753   0.2822   -1.3365   3.5642   4.4339   8.111   11.990   10.780   9.337   8.321   7.464   6.456   5.853   5.628   2.50223374   0
   0.001340   7.2000   0.30000001   0.3000   -1.2993   3.5673   4.4356   8.018   11.836   10.645   9.215   8.210   7.369   6.371   5.767   5.543   2.54750419   0
   0.001340   7.2000   0.31433648   0.3143   -1.2708   3.5699   4.4379   7.947   11.714   10.538   9.120   8.124   7.296   6.308   5.701   5.479   2.58121395   0
   0.001340   7.2000   0.34999999   0.3500   -1.2043   3.5760   4.4424   7.781   11.431   10.291   8.902   7.927   7.126   6.158   5.547   5.330   2.65552020   0
   0.001340   7.2000   0.40000001   0.4000   -1.1210   3.5844   4.4506   7.573   11.064   9.973   8.625   7.679   6.913   5.971   5.355   5.146   2.74133730   0
   0.001340   7.2000   0.43247002   0.4325   -1.0677   3.5901   4.4540   7.439   10.823   9.768   8.447   7.521   6.778   5.853   5.233   5.029   2.78814101   0
   0.001340   7.2000   0.44999999   0.4500   -1.0409   3.5930   4.4560   7.372   10.704   9.664   8.359   7.443   6.710   5.793   5.171   4.972   2.81098008   0
   0.001340   7.2000   0.50000000   0.5000   -0.9587   3.6030   4.4598   7.167   10.317   9.332   8.079   7.199   6.500   5.612   4.982   4.799   2.86847806   0
   0.001340   7.2000   0.50842333   0.5084   -0.9452   3.6052   4.4623   7.133   10.244   9.270   8.030   7.158   6.465   5.583   4.952   4.772   2.87719607   0
   0.001340   7.2000   0.53554171   0.5355   -0.8942   3.6126   4.4636   7.006   9.983   9.049   7.850   7.005   6.336   5.474   4.837   4.670   2.90355539   0
   0.001340   7.2000   0.55000001   0.5500   -0.8642   3.6170   4.4624   6.930   9.832   8.920   7.744   6.916   6.260   5.409   4.770   4.610   2.91663504   0
   0.001340   7.2000   0.56236482   0.5624   -0.8402   3.6213   4.4653   6.871   9.696   8.807   7.654   6.842   6.200   5.359   4.719   4.566   2.92733169   0
   0.001340   7.2000   0.60000002   0.6000   -0.7537   3.6358   4.4651   6.654   9.217   8.413   7.337   6.581   5.984   5.179   4.543   4.411   2.95739889   0
   0.001340   7.2000   0.62212837   0.6221   -0.7016   3.6456   4.4677   6.524   8.895   8.159   7.136   6.419   5.852   5.075   4.451   4.331   2.97351885   0
   0.001340   7.2000   0.64159644   0.6416   -0.6524   3.6549   4.4693   6.401   8.577   7.919   6.946   6.267   5.727   4.979   4.374   4.263   2.98685122   0
   0.001340   7.2000   0.64999998   0.6500   -0.6293   3.6591   4.4687   6.343   8.430   7.809   6.859   6.197   5.669   4.934   4.339   4.231   2.99236870   0
   0.001340   7.2000   0.67397559   0.6740   -0.5657   3.6708   4.4677   6.184   8.038   7.522   6.625   6.010   5.510   4.812   4.245   4.146   3.00737691   0
   0.001340   7.2000   0.69999999   0.7000   -0.4893   3.6853   4.4656   5.993   7.574   7.193   6.353   5.790   5.319   4.671   4.145   4.055   3.02253795   0
   0.001340   7.2000   0.70496327   0.7050   -0.4740   3.6888   4.4675   5.955   7.470   7.123   6.296   5.745   5.281   4.645   4.131   4.043   3.02530622   0
   0.001340   7.2000   0.73090309   0.7309   -0.3913   3.7074   4.4746   5.748   6.967   6.773   6.012   5.513   5.081   4.506   4.044   3.966   3.03918028   0
   0.001340   7.2000   0.75000000   0.7500   -0.3278   3.7213   4.4781   5.589   6.614   6.519   5.809   5.344   4.935   4.403   3.975   3.903   3.04879928   0
   0.001340   7.2000   0.77550972   0.7755   -0.2457   3.7361   4.4697   5.384   6.233   6.227   5.568   5.134   4.748   4.257   3.864   3.799   3.06093097   0
   0.001340   7.2000   0.80000001   0.8000   -0.1655   3.7503   4.4599   5.184   5.884   5.950   5.341   4.935   4.571   4.117   3.753   3.696   3.07187057   0
   0.001340   7.2000   0.82712913   0.8271   -0.0757   3.7650   4.4433   4.959   5.529   5.653   5.097   4.718   4.377   3.961   3.624   3.576   3.08322620   0
   0.001340   7.2000   0.85000002   0.8500   0.0001   3.7773   4.4284   4.770   5.245   5.408   4.894   4.540   4.218   3.832   3.518   3.476   3.09222293   0
   0.001340   7.2000   0.85103244   0.8510   0.0036   3.7778   4.4276   4.761   5.233   5.397   4.885   4.532   4.211   3.826   3.513   3.472   3.09261727   0
   0.001340   7.2000   0.88607460   0.8861   0.1077   3.7947   4.4084   4.501   4.873   5.063   4.611   4.297   4.005   3.652   3.360   3.335   3.10544682   0
   0.001340   7.2000   0.89999998   0.9000   0.1459   3.8013   4.4037   4.405   4.745   4.941   4.511   4.211   3.930   3.591   3.309   3.289   3.11026096   0
   0.001340   7.2000   0.90624613   0.9062   0.1611   3.8043   4.4033   4.367   4.696   4.892   4.471   4.176   3.899   3.568   3.292   3.272   3.11237121   0
   0.001340   7.2000   0.93180746   0.9318   0.2021   3.8146   4.4157   4.265   4.558   4.754   4.363   4.086   3.825   3.517   3.262   3.245   3.12070489   0
   0.001340   7.2000   0.94999999   0.9500   0.2201   3.8209   4.4313   4.220   4.494   4.689   4.314   4.049   3.797   3.504   3.261   3.246   3.12635612   0
   0.001340   7.2000   0.96054155   0.9605   0.2291   3.8247   4.4420   4.197   4.462   4.655   4.290   4.031   3.785   3.500   3.265   3.251   3.12953043   0
   0.001340   7.2000   0.98642308   0.9864   0.2430   3.8315   4.4672   4.163   4.409   4.600   4.252   4.004   3.770   3.500   3.278   3.266   3.13702941   0
   0.001340   7.2000   1.00000000   1.0000   0.2503   3.8344   4.4775   4.144   4.386   4.573   4.232   3.990   3.760   3.497   3.281   3.269   3.14080405   0
   0.001340   7.2000   1.00972092   1.0097   0.2552   3.8369   4.4864   4.132   4.369   4.554   4.219   3.980   3.755   3.497   3.286   3.275   3.14344144   0
   0.001340   7.2000   1.04509664   1.0451   0.2889   3.8445   4.4984   4.048   4.273   4.448   4.130   3.905   3.692   3.453   3.256   3.246   3.15259290   0
   0.001340   7.2000   1.04999995   1.0500   0.2955   3.8456   4.4982   4.031   4.255   4.428   4.113   3.890   3.679   3.442   3.247   3.238   3.15380883   0
   0.001340   7.2000   1.06118643   1.0612   0.3114   3.8485   4.4983   3.991   4.211   4.380   4.071   3.854   3.647   3.416   3.228   3.219   3.15653753   0
   0.001340   7.2000   1.10000002   1.1000   0.3741   3.8586   4.4916   3.835   4.045   4.193   3.907   3.709   3.520   3.312   3.144   3.136   3.16554141   0
   0.001340   7.2000   1.14999998   1.1500   0.4564   3.8738   4.4894   3.629   3.830   3.945   3.691   3.522   3.360   3.186   3.049   3.042   3.17617631   0
   0.001340   7.2000   1.18656266   1.1866   0.5130   3.8863   4.4964   3.487   3.684   3.771   3.543   3.398   3.259   3.112   2.999   2.992   3.18334198   1
   0.001340   7.2000   1.20000005   1.2000   0.5342   3.8908   4.4982   3.434   3.630   3.707   3.488   3.351   3.221   3.083   2.979   2.972   3.18585706   1
   0.001340   7.2000   1.25000000   1.2500   0.6118   3.9081   4.5073   3.240   3.434   3.474   3.291   3.188   3.089   2.987   2.912   2.906   3.19470429   1
   0.001340   7.2000   1.29999995   1.3000   0.6846   3.9247   4.5182   3.058   3.254   3.264   3.117   3.045   2.975   2.904   2.855   2.849   3.20280719   1
   0.001340   7.2000   1.35000002   1.3500   0.7534   3.9408   4.5303   2.887   3.088   3.082   2.972   2.927   2.880   2.836   2.805   2.800   3.21023273   1
   0.001340   7.2000   1.39999998   1.4000   0.8201   3.9562   4.5407   2.720   2.930   2.926   2.846   2.821   2.794   2.770   2.754   2.751   3.21705914   1
   0.001340   7.2000   1.45000005   1.4500   0.8837   3.9707   4.5503   2.561   2.778   2.789   2.735   2.724   2.712   2.709   2.704   2.703   3.22335362   1
   0.001340   7.2000   1.50000000   1.5000   0.9452   3.9845   4.5589   2.407   2.632   2.668   2.634   2.635   2.636   2.650   2.653   2.655   3.22917390   1
   0.001340   7.2000   1.54999995   1.5500   1.0035   3.9975   4.5669   2.261   2.494   2.559   2.544   2.553   2.564   2.594   2.604   2.608   3.23456979   1
   0.001340   7.2000   1.60000002   1.6000   1.0601   4.0100   4.5741   2.120   2.360   2.459   2.461   2.477   2.495   2.539   2.554   2.563   3.23958373   1
   0.001340   7.2000   1.64999998   1.6500   1.1133   4.0217   4.5810   1.987   2.239   2.370   2.386   2.407   2.432   2.489   2.508   2.519   3.24424219   1
   0.001340   7.2000   1.70000005   1.7000   1.1652   4.0330   4.5873   1.857   2.123   2.286   2.314   2.340   2.370   2.439   2.462   2.475   3.24857616   1
   0.001340   7.2000   1.75000000   1.7500   1.2155   4.0439   4.5931   1.731   2.013   2.208   2.246   2.276   2.311   2.390   2.416   2.433   3.25261688   1
   0.001340   7.2000   1.79999995   1.8000   1.2643   4.0543   4.5982   1.609   1.908   2.133   2.181   2.214   2.253   2.342   2.371   2.390   3.25639176   1
   0.001340   7.2000   1.85000002   1.8500   1.3109   4.0642   4.6029   1.493   1.810   2.062   2.118   2.154   2.197   2.296   2.328   2.349   3.25992513   1
   0.001340   7.2000   1.89999998   1.9000   1.3560   4.0736   4.6070   1.380   1.716   1.995   2.057   2.096   2.143   2.250   2.284   2.308   3.26323819   1
   0.001340   7.2000   1.95000005   1.9500   1.3998   4.0826   4.6105   1.271   1.626   1.929   1.998   2.040   2.090   2.205   2.241   2.267   3.26635003   1
   0.001340   7.2000   2.00000000   2.0000   1.4418   4.0911   4.6134   1.165   1.540   1.866   1.941   1.984   2.038   2.161   2.199   2.227   3.26927757   1
   0.001340   7.2000   2.04999995   2.0500   1.4824   4.0992   4.6160   1.064   1.458   1.805   1.886   1.931   1.987   2.117   2.157   2.187   3.27203131   1
   0.001340   7.2000   2.09999990   2.1000   1.5218   4.1067   4.6173   0.966   1.378   1.745   1.830   1.877   1.936   2.072   2.115   2.145   3.27462268   1
   0.001340   7.2000   2.15000010   2.1500   1.5607   4.1144   4.6194   0.868   1.301   1.688   1.777   1.826   1.888   2.030   2.074   2.106   3.27706480   1
   0.001340   7.2000   2.20000005   2.2000   1.5978   4.1214   4.6203   0.776   1.227   1.632   1.725   1.775   1.839   1.988   2.033   2.067   3.27936959   1
   0.001340   7.2000   2.25000000   2.2500   1.6340   4.1276   4.6188   0.685   1.154   1.574   1.670   1.722   1.788   1.941   1.988   2.024   3.28154731   1
   0.001340   7.2000   2.29999995   2.3000   1.6692   4.1340   4.6184   0.597   1.083   1.519   1.619   1.672   1.741   1.898   1.947   1.983   3.28360772   1
   0.001340   7.2000   2.34999990   2.3500   1.7043   4.1410   4.6206   0.509   1.015   1.467   1.572   1.627   1.697   1.861   1.911   1.949   3.28555942   1
   0.001340   7.2000   2.40000010   2.4000   1.7379   4.1463   4.6177   0.425   0.947   1.412   1.519   1.576   1.648   1.815   1.867   1.905   3.28741050   1
   0.001340   7.2000   2.59999990   2.6000   1.8654   4.1685   4.6135   0.107   0.695   1.211   1.330   1.392   1.471   1.655   1.712   1.754   3.29393530   1
   0.001340   7.2000   2.79999995   2.8000   1.9819   4.1869   4.6029   -0.185   0.464   1.019   1.148   1.214   1.300   1.497   1.557   1.603   3.29928207   1
   0.001340   7.2000   3.00000000   3.0000   2.0903   4.2043   4.5939   -0.456   0.251   0.842   0.981   1.051   1.141   1.351   1.414   1.463   3.30372047   1
   0.001340   7.2000   3.11591816   3.1159   2.1494   4.2133   4.5872   -0.604   0.134   0.743   0.886   0.959   1.052   1.267   1.333   1.383   3.30595851   1
   0.001340   7.2000   3.20000005   3.2000   2.1912   4.2200   4.5838   -0.708   0.054   0.675   0.822   0.896   0.991   1.211   1.278   1.330   3.30745077   1
   0.001340   7.2000   3.40000010   3.4000   2.2854   4.2347   4.5750   -0.943   -0.129   0.521   0.675   0.753   0.853   1.082   1.152   1.207   3.31060600   1
   0.001340   7.2000   3.59999990   3.6000   2.3740   4.2485   4.5662   -1.165   -0.301   0.374   0.536   0.617   0.721   0.959   1.032   1.089   3.31329536   1
   0.001340   7.2000   3.79999995   3.8000   2.4578   4.2614   4.5575   -1.375   -0.464   0.235   0.404   0.488   0.595   0.842   0.918   0.977   3.31560802   1
   0.001340   7.2000   3.81276417   3.8128   2.4630   4.2622   4.5570   -1.388   -0.474   0.226   0.395   0.480   0.588   0.835   0.910   0.970   3.31574464   1
   0.001340   7.2000   4.00000000   4.0000   2.5373   4.2736   4.5490   -1.573   -0.618   0.103   0.278   0.364   0.476   0.730   0.808   0.869   3.31761289   1
   0.001340   7.2000   4.16897440   4.1690   2.6010   4.2831   4.5416   -1.732   -0.742   -0.004   0.176   0.264   0.379   0.639   0.718   0.782   3.31910229   1
   0.001340   7.2000   4.19999981   4.2000   2.6124   4.2849   4.5402   -1.761   -0.765   -0.023   0.157   0.246   0.361   0.623   0.702   0.766   3.31935763   1
   0.001340   7.2000   4.40000010   4.4000   2.6841   4.2955   4.5313   -1.940   -0.904   -0.145   0.041   0.133   0.250   0.519   0.601   0.666   3.32088280   1
   0.001340   7.2000   4.48449183   4.4845   2.7134   4.2998   4.5275   -2.014   -0.962   -0.195   -0.007   0.086   0.205   0.476   0.559   0.625   3.32147002   1
   0.001340   7.2000   4.59999990   4.6000   2.7529   4.3055   4.5220   -2.112   -1.039   -0.262   -0.072   0.023   0.143   0.417   0.502   0.569   3.32222414   1
   0.001340   7.2000   4.80000019   4.8000   2.8187   4.3151   4.5128   -2.277   -1.168   -0.375   -0.180   -0.084   0.040   0.320   0.406   0.475   3.32341027   1
   0.001340   7.2000   5.00000000   5.0000   2.8819   4.3241   4.5034   -2.435   -1.293   -0.485   -0.285   -0.187   -0.061   0.225   0.312   0.383   3.32446504   1
   0.001340   7.2000   5.19999981   5.2000   2.9424   4.3326   4.4938   -2.586   -1.413   -0.591   -0.386   -0.287   -0.159   0.132   0.221   0.293   3.32540512   1
   0.001340   7.2000   5.40000010   5.4000   3.0008   4.3406   4.4840   -2.732   -1.530   -0.693   -0.485   -0.384   -0.254   0.042   0.133   0.207   3.32624483   1
   0.001340   7.2000   5.71555328   5.7156   3.0884   4.3525   4.4687   -2.951   -1.705   -0.849   -0.636   -0.531   -0.398   -0.095   -0.002   0.074   3.32739854   1
   0.001340   7.2000   5.91555357   5.9156   3.1421   4.3597   4.4587   -3.085   -1.813   -0.946   -0.729   -0.623   -0.486   -0.180   -0.086   -0.008   3.32803798   1
   0.001340   7.2000   6.00284481   6.0028   3.1647   4.3627   4.4544   -3.142   -1.858   -0.986   -0.768   -0.661   -0.524   -0.216   -0.121   -0.043   3.32829785   1
   0.001340   7.2000   6.23110676   6.2311   3.2226   4.3702   4.4429   -3.286   -1.976   -1.092   -0.870   -0.761   -0.623   -0.310   -0.213   -0.134   3.32892728   1
   0.001340   7.2000   6.46188068   6.4619   3.2778   4.3773   4.4318   -3.425   -2.088   -1.193   -0.968   -0.858   -0.717   -0.400   -0.301   -0.221   3.32949781   1
   0.001340   7.2000   6.66221380   6.6622   3.3246   4.3832   4.4219   -3.542   -2.184   -1.280   -1.051   -0.941   -0.798   -0.477   -0.377   -0.295   3.32994533   1
   0.001340   7.2000   6.79126644   6.7913   3.3528   4.3868   4.4162   -3.612   -2.241   -1.332   -1.102   -0.990   -0.846   -0.524   -0.424   -0.341   3.33021259   1
   0.001340   7.2000   7.31823206   7.3182   3.4639   4.4004   4.3919   -3.890   -2.470   -1.541   -1.304   -1.190   -1.042   -0.712   -0.608   -0.522   3.33115935   1
   0.001340   7.2000   7.32442760   7.3244   3.4652   4.4005   4.3916   -3.893   -2.473   -1.544   -1.307   -1.192   -1.045   -0.714   -0.610   -0.525   3.33116937   1
   0.001340   7.2000   7.60309649   7.6031   3.5200   4.4070   4.3788   -4.030   -2.588   -1.648   -1.409   -1.292   -1.143   -0.809   -0.704   -0.617   3.33158994   1
   0.001340   7.2000   7.97327042   7.9733   3.5909   4.4150   4.3607   -4.207   -2.737   -1.786   -1.542   -1.424   -1.273   -0.934   -0.827   -0.738   3.33208132   1
   0.001340   7.2000   8.37873173   8.3787   3.6659   4.4232   4.3401   -4.395   -2.897   -1.934   -1.686   -1.566   -1.413   -1.069   -0.960   -0.870   3.33254409   1
   0.001340   7.2000   8.73330116   8.7333   3.7295   4.4299   4.3212   -4.554   -3.034   -2.061   -1.810   -1.689   -1.533   -1.185   -1.075   -0.984   3.33289456   1
   0.001340   7.2000   8.86129379   8.8613   3.7545   4.4323   4.3122   -4.616   -3.090   -2.112   -1.860   -1.739   -1.582   -1.233   -1.122   -1.030   3.33301044   1
   0.001340   7.2000   9.13290882   9.1329   3.8071   4.4371   4.2919   -4.748   -3.207   -2.222   -1.968   -1.845   -1.687   -1.335   -1.223   -1.130   3.33323932   1
   0.001340   7.2000   9.49134254   9.4913   3.8763   4.4428   4.2621   -4.921   -3.363   -2.370   -2.113   -1.988   -1.829   -1.474   -1.361   -1.266   3.33351064   1
   0.001340   7.2000   9.73330116   9.7333   3.9230   4.4461   4.2397   -5.037   -3.471   -2.473   -2.213   -2.088   -1.928   -1.571   -1.457   -1.361   3.33367610   1
   0.001340   7.2000   9.82889462   9.8289   3.9407   4.4474   4.2313   -5.082   -3.512   -2.512   -2.251   -2.126   -1.966   -1.608   -1.493   -1.398   3.33373809   1
   0.001340   7.2000   10.14828110   10.1483   3.9994   4.4511   4.2012   -5.229   -3.650   -2.643   -2.381   -2.255   -2.094   -1.733   -1.618   -1.522   3.33393168   1
   0.001340   7.2000   10.47132397   10.4713   4.0584   4.4541   4.1680   -5.376   -3.792   -2.780   -2.515   -2.389   -2.227   -1.864   -1.748   -1.651   3.33410835   1
   0.001340   7.2000   10.71620369   10.7162   4.1036   4.4557   4.1391   -5.489   -3.903   -2.888   -2.622   -2.496   -2.333   -1.969   -1.853   -1.756   3.33423090   1
   0.001340   7.2000   10.73330116   10.7333   4.1068   4.4557   4.1369   -5.497   -3.911   -2.895   -2.630   -2.503   -2.341   -1.977   -1.861   -1.763   3.33423901   1
   0.001340   7.2000   10.84258938   10.8423   4.1247   4.4564   4.1259   -5.542   -3.955   -2.938   -2.672   -2.546   -2.383   -2.019   -1.902   -1.805   3.33429050   1
   0.001340   7.2000   11.23210430   11.2305   4.1880   4.4577   4.0833   -5.700   -4.113   -3.094   -2.827   -2.700   -2.536   -2.171   -2.054   -1.956   3.33446121   1
   0.001340   7.2000   11.58898830   11.5860   4.2456   4.4579   4.0397   -5.844   -4.261   -3.240   -2.972   -2.846   -2.682   -2.317   -2.200   -2.102   3.33460116   1
   0.001340   7.2000   11.91623497   11.9117   4.2993   4.4564   3.9923   -5.978   -4.405   -3.384   -3.117   -2.990   -2.827   -2.462   -2.346   -2.248   3.33471799   1
   0.001340   7.2000   12.21509171   12.2090   4.3484   4.4539   3.9438   -6.101   -4.544   -3.523   -3.256   -3.131   -2.969   -2.605   -2.489   -2.391   3.33481574   1
   0.001340   7.2000   12.31106853   12.3044   4.3641   4.4528   3.9272   -6.140   -4.589   -3.568   -3.302   -3.177   -3.015   -2.652   -2.536   -2.439   3.33484554   1
   0.001340   7.2000   12.41883945   12.4116   4.3810   4.4517   3.9094   -6.183   -4.638   -3.617   -3.352   -3.227   -3.065   -2.703   -2.587   -2.490   3.33487797   1
   0.001340   7.2000   12.74291992   12.7341   4.4333   4.4459   3.8453   -6.313   -4.796   -3.779   -3.516   -3.393   -3.233   -2.873   -2.759   -2.663   3.33497047   1
   0.001340   7.2000   13.03753185   13.0270   4.4814   4.4386   3.7779   -6.434   -4.948   -3.938   -3.677   -3.556   -3.398   -3.042   -2.929   -2.835   3.33504796   1
   0.001340   7.2000   13.30617619   13.2940   4.5259   4.4301   3.7084   -6.545   -5.094   -4.092   -3.835   -3.716   -3.560   -3.209   -3.098   -3.005   3.33511376   1
   0.001340   7.2000   13.49364758   13.4803   4.5583   4.4228   3.6525   -6.626   -5.206   -4.211   -3.957   -3.840   -3.687   -3.339   -3.230   -3.138   3.33515692   1
   0.001340   7.2000   13.72588348   13.7109   4.6000   4.4159   3.5907   -6.730   -5.340   -4.351   -4.099   -3.985   -3.833   -3.490   -3.382   -3.291   3.33520794   1
   0.001340   7.2000   13.74244499   13.7273   4.6030   4.4155   3.5866   -6.737   -5.349   -4.361   -4.109   -3.995   -3.844   -3.500   -3.392   -3.302   3.33521128   1
   0.001340   7.2000   13.85222912   13.8363   4.6301   4.4313   3.6260   -6.805   -5.363   -4.354   -4.096   -3.977   -3.822   -3.469   -3.357   -3.264   3.33523440   1
   0.001340   7.2000   13.86679935   13.8507   4.6397   4.4409   3.6555   -6.829   -5.356   -4.335   -4.073   -3.951   -3.794   -3.435   -3.321   -3.226   3.33523726   1
   0.001340   7.2000   13.87390614   13.8578   4.6527   4.4521   3.6875   -6.862   -5.353   -4.317   -4.051   -3.928   -3.767   -3.402   -3.286   -3.188   3.33523870   1
   0.001340   7.2000   13.87643909   13.8603   4.6635   4.4598   3.7075   -6.889   -5.357   -4.311   -4.042   -3.917   -3.755   -3.386   -3.268   -3.169   3.33523917   1
   0.001340   7.2000   13.87802219   13.8619   4.6725   4.4657   3.7221   -6.911   -5.362   -4.308   -4.037   -3.911   -3.748   -3.376   -3.257   -3.157   3.33523965   2
   0.001340   7.2000   13.87916374   13.8630   4.6654   4.4577   3.6973   -6.894   -5.369   -4.325   -4.057   -3.933   -3.771   -3.403   -3.286   -3.187   3.33523989   2
   0.001340   7.2000   13.88015175   13.8640   4.6593   4.4508   3.6756   -6.878   -5.375   -4.341   -4.075   -3.952   -3.791   -3.427   -3.311   -3.214   3.33524013   2
   0.001340   7.2000   13.88079739   13.8646   4.6553   4.4462   3.6614   -6.868   -5.380   -4.351   -4.087   -3.965   -3.806   -3.444   -3.329   -3.232   3.33524013   2
   0.001340   7.2000   13.88138390   13.8652   4.6518   4.4421   3.6484   -6.859   -5.384   -4.361   -4.098   -3.977   -3.819   -3.459   -3.345   -3.249   3.33524036   2
   0.001340   7.2000   13.88189697   13.8657   4.6510   4.4373   3.6302   -6.858   -5.398   -4.381   -4.120   -4.000   -3.843   -3.486   -3.373   -3.278   3.33524036   2
   0.001340   7.2000   13.88251114   13.8663   4.6542   4.4298   3.5968   -6.866   -5.432   -4.424   -4.166   -4.047   -3.892   -3.540   -3.429   -3.336   3.33524060   2
   0.001340   7.2000   13.88295937   13.8668   4.6565   4.4242   3.5724   -6.871   -5.458   -4.456   -4.200   -4.084   -3.930   -3.581   -3.471   -3.379   3.33524060   2
   0.001340   7.2000   13.88341618   13.8672   4.6592   4.4184   3.5463   -6.878   -5.486   -4.491   -4.238   -4.123   -3.971   -3.626   -3.517   -3.425   3.33524060   2
   0.001340   7.2000   13.88397503   13.8678   4.6637   4.4104   3.5100   -6.889   -5.527   -4.541   -4.291   -4.178   -4.029   -3.688   -3.581   -3.491   3.33524084   2
   0.001340   7.2000   13.88435364   13.8682   4.6668   4.4051   3.4855   -6.897   -5.556   -4.577   -4.329   -4.217   -4.069   -3.732   -3.626   -3.537   3.33524084   2
   0.001340   7.2000   13.88473701   13.8685   4.6698   4.3996   3.4606   -6.905   -5.586   -4.612   -4.367   -4.257   -4.111   -3.776   -3.672   -3.584   3.33524108   2
   0.001340   7.2000   13.88512802   13.8689   4.6725   4.3935   3.4335   -6.911   -5.618   -4.650   -4.408   -4.299   -4.155   -3.824   -3.721   -3.635   3.33524108   2
   0.001340   7.2000   13.88552284   13.8693   4.6751   4.3872   3.4057   -6.918   -5.650   -4.689   -4.450   -4.343   -4.201   -3.873   -3.771   -3.686   3.33524108   2
   0.001340   7.2000   13.88582516   13.8696   4.6771   4.3824   3.3844   -6.923   -5.674   -4.719   -4.482   -4.376   -4.236   -3.910   -3.810   -3.726   3.33524108   2
   0.001340   7.2000   13.88613415   13.8699   4.6789   4.3772   3.3618   -6.927   -5.700   -4.750   -4.516   -4.411   -4.273   -3.949   -3.850   -3.768   3.33524132   2
   0.001340   7.2000   13.88645363   13.8702   4.6805   4.3715   3.3375   -6.931   -5.727   -4.784   -4.552   -4.449   -4.312   -3.992   -3.894   -3.812   3.33524132   2
   0.001340   7.2000   13.88679409   13.8706   4.6823   4.3654   3.3116   -6.936   -5.755   -4.820   -4.590   -4.488   -4.353   -4.037   -3.940   -3.859   3.33524132   2
   0.001340   7.2000   13.88703918   13.8708   4.6835   4.3611   3.2930   -6.939   -5.776   -4.846   -4.618   -4.517   -4.383   -4.069   -3.974   -3.893   3.33524132   2
   0.001340   7.2000   13.88730145   13.8711   4.6847   4.3562   3.2721   -6.942   -5.798   -4.874   -4.648   -4.549   -4.417   -4.105   -4.011   -3.932   3.33524156   2
   0.001340   7.2000   13.88759899   13.8714   4.6858   4.3502   3.2473   -6.945   -5.825   -4.908   -4.685   -4.587   -4.456   -4.148   -4.055   -3.977   3.33524156   2
   0.001340   7.2000   13.88796329   13.8717   4.6872   4.3430   3.2168   -6.948   -5.857   -4.950   -4.729   -4.633   -4.505   -4.201   -4.110   -4.032   3.33524156   2
   0.001340   7.2000   13.88817692   13.8720   4.6881   4.3387   3.1989   -6.950   -5.876   -4.974   -4.755   -4.661   -4.533   -4.232   -4.141   -4.065   3.33524156   2
   0.001340   7.2000   13.88841724   13.8722   4.6888   4.3333   3.1766   -6.952   -5.899   -5.005   -4.788   -4.694   -4.569   -4.270   -4.181   -4.106   3.33524179   2
   0.001340   7.2000   13.88868618   13.8725   4.6896   4.3271   3.1511   -6.954   -5.925   -5.039   -4.825   -4.733   -4.609   -4.314   -4.227   -4.152   3.33524179   2
   0.001340   7.2000   13.88883591   13.8726   4.6900   4.3237   3.1369   -6.955   -5.939   -5.059   -4.846   -4.754   -4.632   -4.339   -4.252   -4.178   3.33524179   2
   0.001340   7.2000   13.88948059   13.8732   4.6917   4.3096   3.0787   -6.959   -5.998   -5.137   -4.930   -4.843   -4.724   -4.440   -4.356   -4.285   3.33524203   2
   0.001340   7.2000   13.89043522   13.8742   4.6931   4.2849   2.9788   -6.963   -6.096   -5.272   -5.075   -4.993   -4.882   -4.613   -4.535   -4.468   3.33524203   2
   0.001340   7.2000   13.89140511   13.8752   4.6933   4.2551   2.8593   -6.963   -6.212   -5.428   -5.246   -5.174   -5.074   -4.823   -4.752   -4.690   3.33524227   2
   0.001340   7.2000   13.89220238   13.8759   4.6923   4.2251   2.7403   -6.961   -6.321   -5.583   -5.416   -5.353   -5.264   -5.031   -4.967   -4.911   3.33524251   2
   0.001340   7.2000   13.89303970   13.8768   4.6889   4.1852   2.5841   -6.952   -6.456   -5.784   -5.636   -5.585   -5.511   -5.305   -5.252   -5.202   3.33524275   2
   0.001340   7.2000   13.89370918   13.8774   4.6825   4.1435   2.4238   -6.936   -6.581   -5.981   -5.855   -5.817   -5.760   -5.584   -5.542   -5.500   3.33524275   2
   0.001340   7.2000   13.89443111   13.8782   4.6602   4.0800   2.1922   -6.881   -6.692   -6.254   -6.154   -6.131   -6.096   -5.974   -5.948   -5.917   3.33524299   2
   0.001340   7.2000   13.89496708   13.8787   4.6240   4.0509   2.1119   -6.790   -6.691   -6.282   -6.208   -6.202   -6.185   -6.084   -6.070   -6.044   3.33524299   3
   0.001340   7.2000   13.89508247   13.8788   4.6246   4.0473   2.0967   -6.792   -6.700   -6.300   -6.228   -6.223   -6.208   -6.111   -6.098   -6.073   3.33524299   3
   0.001340   7.2000   13.89535332   13.8791   4.6294   4.0384   2.0564   -6.804   -6.730   -6.351   -6.285   -6.282   -6.272   -6.183   -6.173   -6.150   3.33524323   3
   0.001340   7.2000   13.89569283   13.8794   4.6382   4.0268   2.0013   -6.826   -6.773   -6.425   -6.364   -6.366   -6.361   -6.283   -6.277   -6.256   3.33524323   3
   0.001340   7.2000   13.89611530   13.8798   4.6596   4.0114   1.9186   -6.879   -6.845   -6.548   -6.494   -6.499   -6.501   -6.439   -6.437   -6.419   3.33524323   3
   0.001340   7.2000   13.89636517   13.8800   4.6775   4.0022   1.8635   -6.924   -6.899   -6.635   -6.585   -6.591   -6.596   -6.546   -6.547   -6.530   3.33524323   3
   0.001340   7.2000   13.89660835   13.8803   4.6841   3.9937   1.8229   -6.940   -6.921   -6.689   -6.642   -6.650   -6.659   -6.619   -6.623   -6.608   3.33524346   3
   0.001340   7.2000   13.89687920   13.8805   4.6913   3.9844   1.7787   -6.958   -6.945   -6.748   -6.704   -6.713   -6.726   -6.697   -6.705   -6.692   3.33524346   3
   0.001340   7.2000   13.89718246   13.8808   4.6998   3.9745   1.7305   -6.979   -6.969   -6.811   -6.771   -6.781   -6.798   -6.784   -6.794   -6.783   3.33524346   3
   0.001340   7.2000   13.89752102   13.8811   4.7089   3.9641   1.6800   -7.002   -6.996   -6.865   -6.835   -6.850   -6.875   -6.872   -6.888   -6.880   3.33524346   3
   0.001340   7.2000   13.89810371   13.8817   4.7608   3.9496   1.5699   -7.132   -7.139   -7.018   -7.012   -7.042   -7.080   -7.092   -7.118   -7.112   3.33524370   3
   0.001340   7.2000   13.89866352   13.8822   4.7763   3.9401   1.5165   -7.171   -7.175   -7.093   -7.090   -7.121   -7.165   -7.191   -7.220   -7.217   3.33524370   3
   0.001340   7.2000   13.89928913   13.8828   4.7814   3.9321   1.4794   -7.183   -7.181   -7.136   -7.134   -7.166   -7.212   -7.253   -7.286   -7.285   3.33524394   3
   0.001340   7.2000   13.89998913   13.8835   4.7850   3.9250   1.4477   -7.192   -7.181   -7.166   -7.167   -7.201   -7.251   -7.305   -7.342   -7.343   3.33524418   3
   0.001340   7.2000   13.90077305   13.8842   4.7884   3.9191   1.4206   -7.201   -7.181   -7.186   -7.193   -7.230   -7.286   -7.350   -7.390   -7.394   3.33524418   3
   0.001340   7.2000   13.90262699   13.8860   4.7949   3.9115   1.3836   -7.217   -7.185   -7.214   -7.230   -7.272   -7.335   -7.412   -7.458   -7.464   3.33524466   3
   0.001340   7.2000   13.90372086   13.8871   4.7982   3.9102   1.3754   -7.225   -7.191   -7.223   -7.241   -7.285   -7.348   -7.428   -7.474   -7.481   3.33524489   4
   0.001340   7.2000   14.05139542   14.0337   4.7730   3.9229   1.4559   -7.163   -7.148   -7.142   -7.144   -7.178   -7.231   -7.288   -7.326   -7.329   3.33527446   5
   0.001340   7.2000   14.05453873   14.0368   4.7755   3.9281   1.4741   -7.169   -7.162   -7.135   -7.134   -7.166   -7.214   -7.263   -7.298   -7.299   3.33527493   5
   0.001340   7.2000   14.05794144   14.0401   4.7779   3.9346   1.4979   -7.175   -7.175   -7.117   -7.115   -7.147   -7.193   -7.229   -7.260   -7.259   3.33527565   5
   0.001340   7.2000   14.06160545   14.0437   4.7802   3.9419   1.5251   -7.180   -7.185   -7.095   -7.092   -7.123   -7.165   -7.189   -7.217   -7.214   3.33527637   5
   0.001340   7.2000   14.06527328   14.0472   4.7822   3.9492   1.5520   -7.185   -7.193   -7.072   -7.067   -7.097   -7.136   -7.148   -7.174   -7.169   3.33527708   5
   0.001340   7.2000   14.06892681   14.0508   4.7850   3.9615   1.5985   -7.193   -7.190   -7.057   -7.033   -7.052   -7.080   -7.079   -7.097   -7.089   3.33527780   5
   0.001340   7.2000   14.07301331   14.0548   4.7882   3.9750   1.6497   -7.200   -7.190   -7.030   -6.989   -6.999   -7.017   -7.001   -7.012   -7.000   3.33527851   5
   0.001340   7.2000   14.08128738   14.0628   4.8098   4.0034   1.7419   -7.254   -7.228   -6.960   -6.909   -6.915   -6.920   -6.868   -6.869   -6.852   3.33528018   5
   0.001340   7.2000   14.09001827   14.0713   4.8093   4.1304   2.2506   -7.253   -6.942   -6.361   -6.243   -6.211   -6.160   -5.994   -5.956   -5.916   3.33528185   5
   0.001340   7.2000   14.09857273   14.0796   4.8091   4.1488   2.3248   -7.253   -6.890   -6.263   -6.138   -6.102   -6.045   -5.863   -5.821   -5.778   3.33528352   5
   0.001340   7.2000   14.10715771   14.0879   4.8099   4.1612   2.3735   -7.255   -6.846   -6.207   -6.073   -6.031   -5.968   -5.778   -5.732   -5.686   3.33528519   5
   0.001340   7.2000   14.11562061   14.0961   4.8109   4.1716   2.4147   -7.257   -6.813   -6.159   -6.018   -5.971   -5.903   -5.706   -5.657   -5.610   3.33528686   5
   0.001340   7.2000   14.12829399   14.1084   4.8124   4.1853   2.4684   -7.261   -6.773   -6.092   -5.944   -5.894   -5.820   -5.614   -5.561   -5.511   3.33528924   5
   0.001340   7.2000   14.14083195   14.1205   4.8138   4.1969   2.5138   -7.265   -6.739   -6.034   -5.882   -5.829   -5.751   -5.536   -5.480   -5.429   3.33529186   5
   0.001340   7.2000   14.15746212   14.1366   4.8158   4.2098   2.5639   -7.269   -6.698   -5.972   -5.813   -5.756   -5.674   -5.450   -5.391   -5.337   3.33529496   5
   0.001340   7.2000   14.17793941   14.1563   4.8182   4.2226   2.6132   -7.275   -6.659   -5.911   -5.746   -5.686   -5.599   -5.367   -5.304   -5.248   3.33529878   5
   0.001340   7.2000   14.21026897   14.1879   4.8220   4.2364   2.6655   -7.285   -6.619   -5.848   -5.678   -5.613   -5.521   -5.279   -5.214   -5.155   3.33530498   5
   0.001340   7.2000   14.28867245   14.2652   4.8316   4.2505   2.7149   -7.309   -6.591   -5.798   -5.621   -5.552   -5.455   -5.204   -5.135   -5.074   3.33531976   6
   0.001340   7.2000   14.30786037   14.2837   4.8343   4.2490   2.7065   -7.316   -6.604   -5.812   -5.636   -5.568   -5.472   -5.222   -5.153   -5.093   3.33532333   6
   0.001340   7.2000   14.36530209   14.3389   4.8424   4.2414   2.6697   -7.336   -6.653   -5.873   -5.700   -5.634   -5.541   -5.296   -5.229   -5.169   3.33533382   6
   0.001340   7.2000   14.42946625   14.3981   4.8513   4.2320   2.6248   -7.358   -6.711   -5.944   -5.776   -5.713   -5.623   -5.384   -5.320   -5.262   3.33534551   6
   0.001340   7.2000   14.48168468   14.4454   4.8585   4.2198   2.5705   -7.376   -6.773   -6.026   -5.864   -5.804   -5.719   -5.488   -5.426   -5.370   3.33535480   6
   0.001340   7.2000   14.52041245   14.4805   4.8639   4.2075   2.5171   -7.390   -6.830   -6.104   -5.947   -5.891   -5.810   -5.587   -5.529   -5.475   3.33536172   6
   0.001340   7.2000   14.55180264   14.5090   4.8681   4.1941   2.4600   -7.400   -6.885   -6.185   -6.034   -5.982   -5.905   -5.692   -5.637   -5.586   3.33536720   6
   0.001340   7.2000   14.57576561   14.5307   4.8713   4.1796   2.3994   -7.408   -6.938   -6.269   -6.124   -6.075   -6.004   -5.801   -5.750   -5.701   3.33537126   6
   0.001340   7.2000   14.59405327   14.5473   4.8737   4.1649   2.3386   -7.414   -6.994   -6.347   -6.212   -6.168   -6.104   -5.911   -5.864   -5.818   3.33537436   6
   0.001340   7.2000   14.60983467   14.5617   4.8757   4.1479   2.2690   -7.419   -7.064   -6.431   -6.309   -6.274   -6.218   -6.037   -5.995   -5.953   3.33537722   6
   0.001340   7.2000   14.62295341   14.5737   4.8771   4.1286   2.1911   -7.423   -7.118   -6.538   -6.422   -6.391   -6.341   -6.176   -6.139   -6.099   3.33537936   6
   0.001340   7.2000   14.63192081   14.5819   4.8776   4.1105   2.1182   -7.424   -7.158   -6.644   -6.530   -6.499   -6.453   -6.304   -6.270   -6.234   3.33538103   6
   0.001340   7.2000   14.63953686   14.5888   4.8775   4.0890   2.0324   -7.424   -7.213   -6.753   -6.649   -6.623   -6.585   -6.455   -6.426   -6.394   3.33538222   6
   0.001340   7.2000   14.64508629   14.5939   4.8765   4.0666   1.9442   -7.421   -7.300   -6.829   -6.752   -6.745   -6.725   -6.607   -6.590   -6.562   3.33538318   6
   0.001340   7.2000   14.64944553   14.5979   4.8744   4.0410   1.8438   -7.416   -7.342   -6.948   -6.882   -6.881   -6.870   -6.778   -6.767   -6.744   3.33538389   6
   0.001340   7.2000   14.65314102   14.6014   4.8693   4.0075   1.7152   -7.403   -7.373   -7.090   -7.038   -7.043   -7.047   -6.990   -6.989   -6.971   3.33538461   6
   0.001340   7.2000   14.65522003   14.6033   4.8608   3.9830   1.6257   -7.382   -7.369   -7.177   -7.134   -7.143   -7.157   -7.130   -7.138   -7.125   3.33538485   6
   0.001340   7.2000   14.65693092   14.6049   4.8483   3.9633   1.5593   -7.351   -7.348   -7.211   -7.184   -7.202   -7.228   -7.226   -7.243   -7.234   3.33538532   6
   0.001340   7.2000   14.65812206   14.6060   4.8445   3.9469   1.4977   -7.341   -7.351   -7.232   -7.230   -7.262   -7.303   -7.318   -7.345   -7.340   3.33538556   6
   0.001340   7.2000   14.65901375   14.6068   4.8514   3.9314   1.4286   -7.358   -7.355   -7.314   -7.312   -7.344   -7.390   -7.433   -7.466   -7.465   3.33538556   6
   0.001340   7.2000   14.65971565   14.6075   4.8590   3.9167   1.3626   -7.377   -7.355   -7.360   -7.374   -7.415   -7.474   -7.540   -7.582   -7.587   3.33538580   6
   0.001340   7.2000   14.66007042   14.6078   4.8613   3.9084   1.3268   -7.383   -7.346   -7.379   -7.402   -7.448   -7.515   -7.596   -7.644   -7.652   3.33538580   7
   0.001340   7.2000   14.66032887   14.6080   4.8630   3.9022   1.3005   -7.388   -7.338   -7.395   -7.422   -7.471   -7.543   -7.637   -7.690   -7.699   3.33538580   7
   0.001340   7.2000   14.66107559   14.6088   4.8630   3.8811   1.2162   -7.387   -7.280   -7.404   -7.455   -7.525   -7.622   -7.760   -7.835   -7.851   3.33538604   7
   0.001340   7.2000   14.66147804   14.6091   4.8596   3.8654   1.1567   -7.379   -7.213   -7.372   -7.455   -7.550   -7.671   -7.844   -7.939   -7.960   3.33538604   7
   0.001340   7.2000   14.66189575   14.6095   4.8533   3.8444   1.0788   -7.363   -7.104   -7.292   -7.435   -7.571   -7.729   -7.949   -8.079   -8.105   3.33538604   7
   0.001340   7.2000   14.66222668   14.6098   4.8423   3.8251   1.0128   -7.336   -6.977   -7.177   -7.395   -7.575   -7.769   -8.033   -8.198   -8.229   3.33538604   7
   0.001340   7.2000   14.66246033   14.6101   4.8310   3.8127   0.9743   -7.307   -6.876   -7.077   -7.353   -7.565   -7.782   -8.076   -8.266   -8.298   3.33538628   7
   0.001340   7.2000   14.66271114   14.6103   4.8209   3.8010   0.9378   -7.282   -6.780   -6.983   -7.312   -7.552   -7.793   -8.114   -8.330   -8.365   3.33538628   7
   0.001340   7.2000   14.66298103   14.6105   4.8231   3.7880   0.8834   -7.288   -6.699   -6.898   -7.290   -7.567   -7.834   -8.188   -8.430   -8.471   3.33538628   7
   0.001340   7.2000   14.66327953   14.6108   4.8520   3.7715   0.7885   -7.360   -6.623   -6.847   -7.326   -7.651   -7.954   -8.352   -8.629   -8.677   3.33538628   7
   0.001340   7.2000   14.66343880   14.6109   4.8620   3.7630   0.7448   -7.385   -6.565   -6.811   -7.332   -7.679   -8.000   -8.420   -8.716   -8.766   3.33538628   7
   0.001340   7.2000   14.66360664   14.6111   4.8651   3.7545   0.7075   -7.393   -6.485   -6.754   -7.320   -7.687   -8.026   -8.469   -8.785   -8.838   3.33538628   7
   0.001340   7.2000   14.66378212   14.6112   4.8641   3.7457   0.6732   -7.390   -6.383   -6.682   -7.294   -7.684   -8.040   -8.508   -8.846   -8.902   3.33538651   7
   0.001340   7.2000   14.66396141   14.6114   4.8611   3.7368   0.6406   -7.383   -6.264   -6.601   -7.261   -7.673   -8.047   -8.541   -8.902   -8.961   3.33538651   7
   0.001340   7.2000   14.66414547   14.6116   4.8571   3.7283   0.6108   -7.373   -6.137   -6.513   -7.223   -7.659   -8.051   -8.569   -8.952   -9.014   3.33538651   7
   0.001340   7.2000   14.66433048   14.6117   4.8518   3.7206   0.5854   -7.359   -6.007   -6.423   -7.182   -7.641   -8.048   -8.589   -8.993   -9.057   3.33538651   7
   0.001340   7.2000   14.66451645   14.6119   4.8451   3.7135   0.5638   -7.343   -5.875   -6.334   -7.138   -7.616   -8.039   -8.602   -9.025   -9.092   3.33538651   7
   0.001340   7.2000   14.66470432   14.6121   4.8431   3.7073   0.5407   -7.338   -5.759   -6.262   -7.108   -7.604   -8.041   -8.623   -9.063   -9.132   3.33538651   7
   0.001340   7.2000   14.66488934   14.6123   4.8422   3.7011   0.5168   -7.336   -5.640   -6.190   -7.079   -7.593   -8.044   -8.645   -9.103   -9.173   3.33538651   7
   0.001340   7.2000   14.66507530   14.6124   4.8486   3.6948   0.4851   -7.352   -5.528   -6.130   -7.065   -7.599   -8.064   -8.686   -9.160   -9.233   3.33538651   7
   0.001340   7.2000   14.66525745   14.6126   4.8569   3.6883   0.4511   -7.372   -5.419   -6.072   -7.053   -7.608   -8.088   -8.731   -9.223   -9.298   3.33538675   7
   0.001340   7.2000   14.66544056   14.6128   4.8652   3.6821   0.4179   -7.393   -5.306   -6.014   -7.040   -7.615   -8.109   -8.774   -9.283   -9.359   3.33538675   7
   0.001340   7.2000   14.66562080   14.6129   4.8733   3.6759   0.3851   -7.413   -5.182   -5.951   -7.023   -7.619   -8.129   -8.816   -9.342   -9.420   3.33538675   7
   0.001340   7.2000   14.66580105   14.6131   4.8794   3.6698   0.3546   -7.428   -5.047   -5.881   -7.001   -7.617   -8.143   -8.853   -9.398   -9.476   3.33538675   7
   0.001340   7.2000   14.66597939   14.6132   4.8826   3.6639   0.3278   -7.437   -4.902   -5.806   -6.970   -7.607   -8.148   -8.879   -9.443   -9.521   3.33538675   7
   0.001340   7.2000   14.66615868   14.6134   4.8857   3.6580   0.3012   -7.444   -4.753   -5.729   -6.937   -7.595   -8.151   -8.905   -9.487   -9.567   3.33538675   7
   0.001340   7.2000   14.66633415   14.6135   4.8884   3.6523   0.2753   -7.451   -4.601   -5.651   -6.902   -7.580   -8.151   -8.929   -9.530   -9.611   3.33538675   7
   0.001340   7.2000   14.66651154   14.6137   4.8887   3.6470   0.2540   -7.452   -4.453   -5.573   -6.863   -7.560   -8.145   -8.944   -9.562   -9.646   3.33538699   7
   0.001340   7.2000   14.66668510   14.6138   4.8887   3.6423   0.2351   -7.452   -4.316   -5.502   -6.825   -7.540   -8.137   -8.956   -9.590   -9.676   3.33538699   7
   0.001340   7.2000   14.66685867   14.6140   4.8883   3.6384   0.2202   -7.451   -4.202   -5.442   -6.793   -7.522   -8.130   -8.965   -9.612   -9.699   3.33538699   7
   0.001340   7.2000   14.66703129   14.6141   4.8879   3.6354   0.2086   -7.450   -4.108   -5.394   -6.766   -7.507   -8.123   -8.971   -9.628   -9.718   3.33538699   7
   0.001340   7.2000   14.66737461   14.6144   4.8867   3.6309   0.1917   -7.447   -3.966   -5.321   -6.724   -7.482   -8.111   -8.978   -9.652   -9.744   3.33538699   7
   0.001340   7.2000   14.66788197   14.6149   4.8899   3.6272   0.1735   -7.455   -3.852   -5.267   -6.697   -7.470   -8.110   -8.994   -9.682   -9.776   3.33538699   7
   0.001340   7.2000   14.66871166   14.6156   4.9029   3.6227   0.1426   -7.487   -3.731   -5.222   -6.686   -7.479   -8.132   -9.036   -9.740   -9.838   3.33538723   7
   0.001340   7.2000   14.66935730   14.6161   4.9198   3.6196   0.1137   -7.529   -3.664   -5.209   -6.698   -7.505   -8.167   -9.085   -9.799   -9.899   3.33538747   7
   0.001340   7.2000   14.66967201   14.6164   4.9374   3.6179   0.0892   -7.574   -3.640   -5.219   -6.723   -7.538   -8.206   -9.133   -9.853   -9.954   3.33538747   7
   0.001340   7.2000   14.66998196   14.6167   4.9534   3.6164   0.0672   -7.613   -3.619   -5.228   -6.746   -7.569   -8.243   -9.177   -9.901   -10.003   3.33538747   7
   0.001340   7.2000   14.67058659   14.6172   4.9740   3.6145   0.0387   -7.665   -3.591   -5.240   -6.775   -7.609   -8.289   -9.232   -9.963   -10.067   3.33538747   7
   0.001340   7.2000   14.67228031   14.6185   5.0090   3.6111   -0.0097   -7.753   -3.563   -5.267   -6.827   -7.676   -8.367   -9.326   -10.069   -10.176   3.33538795   7
   0.001340   7.2000   14.67520618   14.6207   5.0510   3.6072   -0.0674   -7.858   -3.644   -5.344   -6.900   -7.757   -8.456   -9.431   -10.196   -10.307   3.33538842   7
   0.001340   7.2000   14.67701530   14.6222   5.0702   3.6054   -0.0935   -7.906   -3.684   -5.379   -6.933   -7.795   -8.496   -9.479   -10.253   -10.366   3.33538866   8
