#   Isochrone  Z = 0.04237   Y = 0.32598   [M/H] = 0.511   eta_R = 0.200   Age =    1.4125e+07 yr
#      Z   log(age/yr)   M_ini      M_act   logL/Lo   logTe   logG   mbol    U       B       V       R       I       J       H       K   int_IMF   stage
   0.042375   7.1500   0.10284453   0.1028   -2.1646   3.3640   4.0226   10.182   18.888   17.546   16.058   13.826   11.502   8.072   7.548   7.011   1.59781313   0
   0.042375   7.1500   0.11708547   0.1171   -2.0778   3.3740   4.0324   9.964   18.338   17.034   15.565   13.416   11.149   7.866   7.341   6.823   1.72400236   0
   0.042375   7.1500   0.12284452   0.1228   -2.0452   3.3778   4.0357   9.883   18.131   16.843   15.381   13.263   11.017   7.789   7.263   6.752   1.77049422   0
   0.042375   7.1500   0.14284453   0.1428   -1.9437   3.3901   4.0491   9.629   17.465   16.225   14.787   12.771   10.595   7.549   7.020   6.534   1.91490304   0
   0.042375   7.1500   0.17684816   0.1768   -1.7878   3.4102   4.0661   9.239   16.386   15.236   13.839   11.992   9.930   7.182   6.650   6.203   2.11269975   0
   0.042375   7.1500   0.19856590   0.1986   -1.6830   3.4235   4.0650   8.978   15.645   14.568   13.199   11.468   9.484   6.937   6.403   5.980   2.21550345   0
   0.042375   7.1500   0.22103424   0.2210   -1.4968   3.4414   3.9968   8.512   14.544   13.586   12.270   10.681   8.800   6.493   5.954   5.565   2.30726528   0
   0.042375   7.1500   0.22428891   0.2243   -1.4851   3.4428   3.9970   8.483   14.478   13.524   12.210   10.630   8.757   6.465   5.926   5.539   2.31948590   0
   0.042375   7.1500   0.24127683   0.2413   -1.4259   3.4497   3.9971   8.335   14.144   13.211   11.910   10.374   8.537   6.326   5.782   5.409   2.37950182   0
   0.042375   7.1500   0.26411483   0.2641   -1.3510   3.4582   3.9955   8.147   13.762   12.844   11.549   10.060   8.273   6.151   5.597   5.243   2.45142460   0
   0.042375   7.1500   0.28679875   0.2868   -1.2823   3.4657   3.9927   7.976   13.434   12.530   11.250   9.798   8.044   5.990   5.424   5.086   2.51425815   0
   0.042375   7.1500   0.30711132   0.3071   -1.2248   3.4720   3.9899   7.832   13.170   12.275   11.010   9.586   7.856   5.856   5.277   4.954   2.56451964   0
   0.042375   7.1500   0.33180374   0.3318   -1.1640   3.4786   3.9895   7.680   12.904   12.013   10.760   9.365   7.661   5.716   5.121   4.814   2.61921120   0
   0.042375   7.1500   0.35875830   0.3588   -1.1021   3.4855   3.9888   7.525   12.655   11.759   10.504   9.133   7.467   5.576   4.962   4.669   2.67193389   0
   0.042375   7.1500   0.41577217   0.4158   -0.9909   3.4987   3.9947   7.247   12.214   11.301   10.063   8.739   7.119   5.327   4.675   4.408   2.76485634   0
   0.042375   7.1500   0.44999999   0.4500   -0.9316   3.5060   3.9989   7.099   11.989   11.058   9.828   8.530   6.933   5.196   4.523   4.269   2.81098008   0
   0.042375   7.1500   0.45608470   0.4561   -0.9218   3.5071   3.9994   7.074   11.952   11.019   9.790   8.496   6.903   5.175   4.498   4.245   2.81855392   0
   0.042375   7.1500   0.51937658   0.5194   -0.9312   3.5158   4.1000   7.098   11.895   10.909   9.663   8.405   6.861   5.223   4.533   4.291   2.88814569   0
   0.042375   7.1500   0.54268157   0.5427   -1.0192   3.5176   4.2140   7.318   12.091   11.077   9.814   8.570   7.049   5.450   4.769   4.527   2.91009402   0
   0.042375   7.1500   0.55000001   0.5500   -1.0463   3.5182   4.2496   7.386   12.149   11.127   9.858   8.619   7.106   5.520   4.842   4.599   2.91663504   0
   0.042375   7.1500   0.57593656   0.5759   -1.0121   3.5239   4.2580   7.300   12.006   10.965   9.703   8.486   6.992   5.448   4.758   4.523   2.93858838   0
   0.042375   7.1500   0.60000002   0.6000   -0.9825   3.5285   4.2646   7.226   11.887   10.831   9.577   8.378   6.896   5.385   4.685   4.457   2.95739889   0
   0.042375   7.1500   0.60367876   0.6037   -0.9783   3.5292   4.2661   7.216   11.868   10.810   9.558   8.362   6.882   5.376   4.675   4.448   2.96015358   0
   0.042375   7.1500   0.63443899   0.6344   -0.9400   3.5356   4.2748   7.120   11.714   10.628   9.385   8.216   6.755   5.295   4.583   4.365   2.98203993   0
   0.042375   7.1500   0.64999998   0.6500   -0.9224   3.5385   4.2795   7.076   11.643   10.544   9.305   8.148   6.697   5.258   4.540   4.327   2.99236870   0
   0.042375   7.1500   0.65033257   0.6503   -0.9220   3.5386   4.2796   7.075   11.642   10.542   9.303   8.146   6.696   5.257   4.539   4.326   2.99258423   0
   0.042375   7.1500   0.68190700   0.6819   -0.8822   3.5455   4.2880   6.975   11.483   10.347   9.113   7.986   6.563   5.174   4.447   4.242   3.01211643   0
   0.042375   7.1500   0.69999999   0.7000   -0.8614   3.5492   4.2932   6.923   11.400   10.245   9.012   7.900   6.493   5.131   4.399   4.199   3.02253795   0
   0.042375   7.1500   0.70085239   0.7009   -0.8588   3.5501   4.2948   6.917   11.386   10.225   8.993   7.885   6.482   5.127   4.394   4.195   3.02301621   0
   0.042375   7.1500   0.75000000   0.7500   -0.7078   3.6031   4.3855   6.540   10.537   9.055   7.762   6.851   5.888   4.900   4.182   4.041   3.04879928   0
   0.042375   7.1500   0.77805579   0.7781   -0.6754   3.6079   4.3879   6.459   10.408   8.908   7.618   6.719   5.795   4.832   4.121   3.985   3.06209946   0
   0.042375   7.1500   0.80000001   0.8000   -0.6512   3.6113   4.3895   6.398   10.312   8.801   7.513   6.622   5.728   4.781   4.074   3.942   3.07187057   0
   0.042375   7.1500   0.80487382   0.8049   -0.6458   3.6121   4.3899   6.385   10.289   8.777   7.489   6.600   5.713   4.770   4.063   3.932   3.07396841   0
   0.042375   7.1500   0.85000002   0.8500   -0.5899   3.6200   4.3893   6.245   10.060   8.532   7.253   6.381   5.562   4.654   3.952   3.832   3.09222293   0
   0.042375   7.1500   0.87099987   0.8710   -0.5650   3.6236   4.3893   6.182   9.949   8.424   7.150   6.286   5.496   4.602   3.905   3.790   3.10005736   0
   0.042375   7.1500   0.89999998   0.9000   -0.5286   3.6287   4.3877   6.091   9.788   8.267   7.001   6.147   5.399   4.526   3.837   3.727   3.11026096   0
   0.042375   7.1500   0.92744309   0.9274   -0.4970   3.6333   4.3876   6.013   9.632   8.128   6.871   6.027   5.314   4.461   3.784   3.677   3.11931515   0
   0.042375   7.1500   0.94999999   0.9500   -0.4659   3.6376   4.3841   5.935   9.479   7.993   6.745   5.911   5.232   4.396   3.730   3.626   3.12635612   0
   0.042375   7.1500   1.00000000   1.0000   -0.4017   3.6467   4.3787   5.774   9.135   7.710   6.489   5.679   5.062   4.264   3.626   3.527   3.14080405   0
   0.042375   7.1500   1.04947889   1.0495   -0.3407   3.6558   4.3750   5.622   8.783   7.437   6.251   5.469   4.902   4.139   3.529   3.436   3.15368009   0
   0.042375   7.1500   1.09288871   1.0929   -0.2773   3.6652   4.3667   5.463   8.411   7.157   6.011   5.262   4.736   4.009   3.429   3.342   3.16394353   0
   0.042375   7.1500   1.09800506   1.0980   -0.2696   3.6664   4.3656   5.444   8.366   7.123   5.983   5.238   4.716   3.993   3.417   3.330   3.16509533   0
   0.042375   7.1500   1.14288867   1.1429   -0.1985   3.6770   4.3547   5.266   7.945   6.813   5.723   5.020   4.533   3.848   3.306   3.225   3.17472506   0
   0.042375   7.1500   1.14499378   1.1450   -0.1953   3.6775   4.3542   5.258   7.925   6.799   5.711   5.010   4.525   3.841   3.301   3.220   3.17515659   0
   0.042375   7.1500   1.19288874   1.1929   -0.1135   3.6896   4.3386   5.054   7.460   6.457   5.424   4.771   4.316   3.675   3.172   3.097   3.18453360   0
   0.042375   7.1500   1.19533849   1.1953   -0.1095   3.6902   4.3378   5.044   7.438   6.441   5.410   4.759   4.306   3.667   3.165   3.091   3.18499160   0
   0.042375   7.1500   1.23945534   1.2395   -0.0268   3.7020   4.3182   4.837   6.987   6.113   5.134   4.527   4.099   3.500   3.033   2.963   3.19290257   0
   0.042375   7.1500   1.24288869   1.2429   -0.0201   3.7030   4.3165   4.820   6.952   6.087   5.112   4.509   4.083   3.486   3.022   2.953   3.19349289   0
   0.042375   7.1500   1.25935042   1.2594   0.0123   3.7075   4.3078   4.739   6.783   5.962   5.007   4.419   4.002   3.421   2.969   2.902   3.19627476   0
   0.042375   7.1500   1.29288864   1.2929   0.0845   3.7173   4.2861   4.559   6.420   5.694   4.779   4.223   3.824   3.275   2.849   2.787   3.20169806   0
   0.042375   7.1500   1.30003083   1.3000   0.1004   3.7193   4.2809   4.519   6.342   5.636   4.729   4.180   3.785   3.243   2.822   2.761   3.20281219   0
   0.042375   7.1500   1.33215010   1.3322   0.1780   3.7291   4.2531   4.325   5.978   5.363   4.494   3.974   3.596   3.086   2.690   2.633   3.20765448   0
   0.042375   7.1500   1.34288871   1.3429   0.2056   3.7325   4.2425   4.256   5.853   5.268   4.412   3.901   3.529   3.030   2.642   2.587   3.20921493   0
   0.042375   7.1500   1.34873307   1.3487   0.2207   3.7343   4.2365   4.218   5.785   5.215   4.368   3.862   3.493   2.999   2.616   2.562   3.21005249   0
   0.042375   7.1500   1.37462234   1.3746   0.2941   3.7428   4.2055   4.035   5.464   4.967   4.154   3.672   3.316   2.849   2.487   2.436   3.21366501   0
   0.042375   7.1500   1.39288867   1.3929   0.3502   3.7492   4.1804   3.894   5.229   4.782   3.993   3.528   3.183   2.734   2.388   2.338   3.21612215   0
   0.042375   7.1500   1.39302850   1.3930   0.3506   3.7492   4.1802   3.893   5.227   4.781   3.992   3.527   3.181   2.733   2.387   2.338   3.21614075   0
   0.042375   7.1500   1.41326571   1.4133   0.4175   3.7566   4.1491   3.726   4.956   4.563   3.804   3.357   3.023   2.597   2.268   2.221   3.21877861   0
   0.042375   7.1500   1.43290532   1.4329   0.4854   3.7642   4.1176   3.557   4.686   4.342   3.614   3.186   2.864   2.459   2.148   2.103   3.22125769   0
   0.042375   7.1500   1.44288874   1.4429   0.5201   3.7683   4.1022   3.470   4.549   4.229   3.516   3.099   2.783   2.389   2.088   2.044   3.22248864   0
   0.042375   7.1500   1.44963276   1.4496   0.5437   3.7711   4.0919   3.411   4.455   4.151   3.451   3.040   2.729   2.343   2.048   2.005   3.22330928   0
   0.042375   7.1500   1.47020972   1.4702   0.6114   3.7799   4.0657   3.241   4.176   3.921   3.260   2.874   2.579   2.217   1.942   1.903   3.22576046   0
   0.042375   7.1500   1.49288869   1.4929   0.6734   3.7900   4.0505   3.087   3.871   3.688   3.084   2.734   2.460   2.124   1.869   1.837   3.22837305   0
   0.042375   7.1500   1.50444651   1.5044   0.7029   3.7953   4.0456   3.013   3.732   3.577   3.000   2.667   2.403   2.081   1.836   1.807   3.22967029   0
   0.042375   7.1500   1.54288864   1.5429   0.7174   3.8071   4.0892   2.976   3.578   3.471   2.948   2.642   2.399   2.107   1.886   1.862   3.23382664   0
   0.042375   7.1500   1.54642153   1.5464   0.7156   3.8079   4.0953   2.981   3.575   3.471   2.951   2.647   2.405   2.116   1.897   1.873   3.23419690   0
   0.042375   7.1500   1.56496608   1.5650   0.6856   3.8094   4.1364   3.056   3.637   3.540   3.026   2.724   2.484   2.198   1.982   1.959   3.23610902   0
   0.042375   7.1500   1.57712901   1.5771   0.6602   3.8090   4.1638   3.119   3.702   3.607   3.090   2.787   2.547   2.260   2.042   2.019   3.23733544   0
   0.042375   7.1500   1.59245360   1.5925   0.6309   3.8078   4.1923   3.193   3.784   3.688   3.165   2.860   2.617   2.327   2.106   2.083   3.23885036   0
   0.042375   7.1500   1.59288871   1.5929   0.6301   3.8078   4.1931   3.195   3.787   3.690   3.167   2.862   2.619   2.329   2.108   2.085   3.23889279   0
   0.042375   7.1500   1.59608614   1.5961   0.6240   3.8075   4.1990   3.210   3.804   3.707   3.183   2.877   2.633   2.343   2.121   2.098   3.23920441   0
   0.042375   7.1500   1.61768138   1.6177   0.6056   3.8062   4.2180   3.256   3.860   3.760   3.231   2.922   2.676   2.382   2.158   2.134   3.24127030   0
   0.042375   7.1500   1.64241409   1.6424   0.6186   3.8068   4.2139   3.223   3.823   3.725   3.198   2.890   2.645   2.353   2.129   2.106   3.24355698   0
   0.042375   7.1500   1.68577743   1.6858   0.6818   3.8119   4.1827   3.066   3.626   3.539   3.033   2.736   2.500   2.221   2.009   1.986   3.24737453   0
   0.042375   7.1500   1.70641696   1.7064   0.7108   3.8145   4.1693   2.993   3.536   3.453   2.958   2.667   2.435   2.161   1.954   1.933   3.24911046   0
   0.042375   7.1500   1.73577738   1.7358   0.7480   3.8187   4.1565   2.900   3.414   3.338   2.860   2.578   2.353   2.090   1.892   1.871   3.25149560   0
   0.042375   7.1500   1.78577733   1.7858   0.8181   3.8267   4.1303   2.725   3.188   3.124   2.676   2.411   2.200   1.955   1.773   1.753   3.25534368   0
   0.042375   7.1500   1.83577740   1.8358   0.8842   3.8367   4.1165   2.560   2.969   2.914   2.503   2.259   2.065   1.843   1.680   1.662   3.25894356   0
   0.042375   7.1500   1.88577735   1.8858   0.9508   3.8486   4.1090   2.393   2.748   2.697   2.328   2.109   1.936   1.741   1.599   1.582   3.26231718   0
   0.042375   7.1500   1.93577743   1.9358   1.0295   3.8676   4.1178   2.196   2.485   2.432   2.123   1.944   1.805   1.650   1.541   1.527   3.26548433   0
   0.042375   7.1500   1.94105208   1.9411   1.0383   3.8699   4.1194   2.174   2.456   2.402   2.101   1.926   1.791   1.641   1.536   1.522   3.26580715   0
   0.042375   7.1500   1.96539974   1.9654   1.0893   3.8844   4.1318   2.047   2.291   2.231   1.973   1.829   1.719   1.598   1.516   1.503   3.26727057   0
   0.042375   7.1500   1.98261809   1.9826   1.1321   3.8974   4.1447   1.940   2.158   2.089   1.871   1.753   1.666   1.569   1.505   1.495   3.26827979   0
   0.042375   7.1500   1.98577738   1.9858   1.1396   3.8999   4.1477   1.921   2.135   2.064   1.853   1.740   1.658   1.565   1.505   1.494   3.26846266   0
   0.042375   7.1500   1.99266398   1.9927   1.1580   3.9061   4.1558   1.875   2.078   2.004   1.813   1.712   1.641   1.558   1.506   1.496   3.26885891   0
   0.042375   7.1500   2.00551987   2.0055   1.1824   3.9156   4.1723   1.814   2.002   1.925   1.762   1.681   1.624   1.557   1.516   1.508   3.26958990   0
   0.042375   7.1500   2.03264618   2.0326   1.1869   3.9230   4.2033   1.803   1.978   1.904   1.762   1.694   1.647   1.593   1.559   1.552   3.27109456   0
   0.042375   7.1500   2.03577733   2.0358   1.1876   3.9234   4.2049   1.801   1.976   1.902   1.761   1.693   1.647   1.594   1.561   1.553   3.27126503   0
   0.042375   7.1500   2.08577728   2.0858   1.2339   3.9338   4.2105   1.685   1.844   1.777   1.664   1.614   1.582   1.545   1.522   1.516   3.27390122   0
   0.042375   7.1500   2.13577747   2.1358   1.2585   3.9415   4.2269   1.624   1.771   1.714   1.620   1.582   1.559   1.533   1.517   1.513   3.27638459   0
   0.042375   7.1500   2.16325641   2.1633   1.2726   3.9448   4.2316   1.588   1.731   1.680   1.594   1.559   1.541   1.520   1.506   1.502   3.27768874   1
   0.042375   7.1500   2.18577743   2.1858   1.2913   3.9483   4.2314   1.542   1.678   1.634   1.556   1.526   1.512   1.496   1.485   1.482   3.27872729   1
   0.042375   7.1500   2.24288869   2.2429   1.3384   3.9572   4.2311   1.424   1.547   1.522   1.465   1.446   1.440   1.437   1.433   1.431   3.28124499   1
   0.042375   7.1500   2.29288864   2.2929   1.3776   3.9645   4.2308   1.326   1.439   1.433   1.392   1.381   1.382   1.388   1.388   1.389   3.28332138   1
   0.042375   7.1500   2.38577747   2.3858   1.4486   3.9778   4.2302   1.148   1.251   1.280   1.266   1.267   1.278   1.301   1.308   1.312   3.28689384   1
   0.042375   7.1500   2.56444335   2.5644   1.5731   4.0014   4.2316   0.837   0.940   1.037   1.061   1.078   1.105   1.155   1.172   1.183   3.29287004   1
   0.042375   7.1500   2.74310946   2.7431   1.6905   4.0229   4.2292   0.544   0.665   0.823   0.874   0.901   0.940   1.013   1.038   1.055   3.29786420   1
   0.042375   7.1500   2.94310951   2.9431   1.8156   4.0452   4.2240   0.231   0.363   0.595   0.669   0.704   0.753   0.851   0.883   0.906   3.30253768   1
   0.042375   7.1500   3.14310956   3.1431   1.9319   4.0656   4.2179   -0.060   0.093   0.392   0.482   0.522   0.579   0.698   0.736   0.765   3.30645251   1
   0.042375   7.1500   3.34310961   3.3431   2.0401   4.0845   4.2121   -0.330   -0.153   0.205   0.310   0.354   0.418   0.554   0.598   0.632   3.30976033   1
   0.042375   7.1500   3.47113395   3.4711   2.1058   4.0959   4.2083   -0.495   -0.300   0.094   0.205   0.253   0.320   0.467   0.514   0.550   3.31161070   1
   0.042375   7.1500   3.54310942   3.5431   2.1418   4.1021   4.2059   -0.585   -0.379   0.033   0.148   0.197   0.266   0.419   0.467   0.505   3.31257200   1
   0.042375   7.1500   3.74310946   3.7431   2.2377   4.1183   4.1988   -0.824   -0.586   -0.129   -0.003   0.049   0.124   0.290   0.343   0.383   3.31498432   1
   0.042375   7.1500   3.80041122   3.8004   2.2641   4.1228   4.1968   -0.890   -0.642   -0.172   -0.045   0.009   0.085   0.255   0.309   0.350   3.31561255   1
   0.042375   7.1500   3.94310951   3.9431   2.3285   4.1336   4.1916   -1.051   -0.777   -0.280   -0.145   -0.089   -0.009   0.170   0.226   0.269   3.31707072   1
   0.042375   7.1500   4.14310932   4.1431   2.4146   4.1478   4.1841   -1.267   -0.957   -0.424   -0.281   -0.220   -0.136   0.054   0.113   0.159   3.31888556   1
   0.042375   7.1500   4.29370785   4.2937   2.4766   4.1580   4.1783   -1.422   -1.085   -0.527   -0.378   -0.315   -0.228   -0.030   0.031   0.080   3.32009721   1
   0.042375   7.1500   4.34310961   4.3431   2.4966   4.1613   4.1764   -1.471   -1.125   -0.560   -0.409   -0.346   -0.258   -0.057   0.005   0.054   3.32046914   1
   0.042375   7.1500   4.54310942   4.5431   2.5746   4.1740   4.1688   -1.667   -1.285   -0.691   -0.533   -0.466   -0.373   -0.163   -0.098   -0.047   3.32185936   1
   0.042375   7.1500   4.65734291   4.6573   2.6181   4.1810   4.1640   -1.775   -1.373   -0.764   -0.602   -0.533   -0.438   -0.222   -0.157   -0.104   3.32257891   1
   0.042375   7.1500   4.77155495   4.7716   2.6609   4.1878   4.1591   -1.882   -1.459   -0.835   -0.669   -0.599   -0.502   -0.281   -0.214   -0.160   3.32325029   1
   0.042375   7.1500   4.97155476   4.9716   2.7324   4.1991   4.1506   -2.061   -1.602   -0.955   -0.783   -0.709   -0.608   -0.381   -0.310   -0.254   3.32432222   1
   0.042375   7.1500   5.17155457   5.1716   2.8012   4.2099   4.1419   -2.233   -1.739   -1.071   -0.894   -0.817   -0.712   -0.477   -0.404   -0.346   3.32527781   1
   0.042375   7.1500   5.37155485   5.3716   2.8673   4.2200   4.1328   -2.398   -1.871   -1.183   -1.001   -0.920   -0.813   -0.570   -0.496   -0.436   3.32613111   1
   0.042375   7.1500   5.57155466   5.5716   2.9309   4.2296   4.1237   -2.557   -1.999   -1.291   -1.105   -1.022   -0.911   -0.661   -0.585   -0.523   3.32689595   1
   0.042375   7.1500   5.77155495   5.7716   2.9924   4.2388   4.1142   -2.711   -2.122   -1.396   -1.206   -1.120   -1.006   -0.751   -0.672   -0.609   3.32758427   1
   0.042375   7.1500   5.97155476   5.9716   3.0523   4.2477   4.1044   -2.861   -2.241   -1.499   -1.304   -1.216   -1.100   -0.838   -0.757   -0.693   3.32820606   1
   0.042375   7.1500   6.05288267   6.0529   3.0762   4.2511   4.1002   -2.921   -2.289   -1.540   -1.344   -1.255   -1.138   -0.874   -0.792   -0.727   3.32844186   1
   0.042375   7.1500   6.17155457   6.1716   3.1106   4.2560   4.0939   -3.007   -2.358   -1.599   -1.402   -1.312   -1.193   -0.925   -0.843   -0.776   3.32876968   1
   0.042375   7.1500   6.22849751   6.2285   3.1268   4.2584   4.0911   -3.047   -2.390   -1.627   -1.429   -1.338   -1.218   -0.950   -0.866   -0.800   3.32892036   1
   0.042375   7.1500   6.37155485   6.3716   3.1669   4.2641   4.0837   -3.147   -2.471   -1.697   -1.496   -1.404   -1.283   -1.010   -0.926   -0.858   3.32928205   1
   0.042375   7.1500   6.59636545   6.5964   3.2273   4.2725   4.0721   -3.298   -2.592   -1.802   -1.598   -1.504   -1.380   -1.102   -1.015   -0.946   3.32980299   1
   0.042375   7.1500   6.91466427   6.9147   3.3105   4.2838   4.0546   -3.506   -2.760   -1.949   -1.741   -1.645   -1.517   -1.232   -1.142   -1.070   3.33045411   1
   0.042375   7.1500   7.02848434   7.0285   3.3390   4.2876   4.0483   -3.578   -2.817   -1.999   -1.790   -1.693   -1.564   -1.277   -1.187   -1.114   3.33066559   1
   0.042375   7.1500   7.46091652   7.4609   3.4450   4.3013   4.0228   -3.842   -3.033   -2.191   -1.976   -1.876   -1.744   -1.447   -1.355   -1.279   3.33138132   1
   0.042375   7.1500   7.80038691   7.8004   3.5266   4.3110   3.9996   -4.047   -3.201   -2.341   -2.124   -2.021   -1.887   -1.585   -1.490   -1.412   3.33186078   1
   0.042375   7.1500   7.85777378   7.8578   3.5403   4.3126   3.9954   -4.081   -3.229   -2.367   -2.149   -2.046   -1.911   -1.608   -1.513   -1.435   3.33193564   1
   0.042375   7.1500   8.12734795   8.1273   3.6022   4.3195   3.9756   -4.236   -3.360   -2.484   -2.264   -2.160   -2.023   -1.717   -1.620   -1.540   3.33226585   1
   0.042375   7.1500   8.42298698   8.4230   3.6691   4.3265   3.9523   -4.403   -3.502   -2.614   -2.392   -2.287   -2.148   -1.837   -1.739   -1.657   3.33259034   1
   0.042375   7.1500   8.69480515   8.6948   3.7298   4.3324   3.9289   -4.554   -3.634   -2.734   -2.511   -2.405   -2.264   -1.950   -1.850   -1.767   3.33285856   1
   0.042375   7.1500   8.85777378   8.8578   3.7659   4.3356   3.9140   -4.645   -3.713   -2.807   -2.583   -2.476   -2.335   -2.019   -1.918   -1.834   3.33300710   1
   0.042375   7.1500   9.08297539   9.0830   3.8137   4.3397   3.8932   -4.764   -3.819   -2.905   -2.680   -2.572   -2.431   -2.112   -2.010   -1.926   3.33319879   1
   0.042375   7.1500   9.32344151   9.3234   3.8650   4.3433   3.8677   -4.892   -3.936   -3.015   -2.789   -2.681   -2.538   -2.217   -2.115   -2.030   3.33338761   1
   0.042375   7.1500   9.63918781   9.6392   3.9318   4.3472   3.8310   -5.059   -4.092   -3.163   -2.935   -2.827   -2.684   -2.360   -2.256   -2.171   3.33361340   1
   0.042375   7.1500   9.85777378   9.8578   3.9777   4.3493   3.8034   -5.174   -4.201   -3.267   -3.039   -2.930   -2.787   -2.462   -2.358   -2.272   3.33375645   1
   0.042375   7.1500   10.11373425   10.1137   4.0293   4.3511   3.7701   -5.303   -4.327   -3.388   -3.159   -3.051   -2.907   -2.580   -2.476   -2.390   3.33391166   1
   0.042375   7.1500   10.37934113   10.3793   4.0833   4.3518   3.7299   -5.438   -4.463   -3.521   -3.292   -3.184   -3.040   -2.713   -2.609   -2.522   3.33405972   1
   0.042375   7.1500   10.62376785   10.6238   4.1336   4.3512   3.6874   -5.564   -4.595   -3.652   -3.423   -3.315   -3.172   -2.845   -2.741   -2.654   3.33418560   1
   0.042375   7.1500   10.84855270   10.8486   4.1797   4.3496   3.6442   -5.679   -4.720   -3.777   -3.549   -3.441   -3.298   -2.972   -2.868   -2.782   3.33429337   1
   0.042375   7.1500   10.85777378   10.8578   4.1816   4.3496   3.6424   -5.684   -4.726   -3.783   -3.554   -3.446   -3.304   -2.977   -2.874   -2.787   3.33429766   1
   0.042375   7.1500   10.88442802   10.8844   4.1868   4.3493   3.6374   -5.697   -4.740   -3.797   -3.568   -3.461   -3.318   -2.992   -2.888   -2.802   3.33430982   1
   0.042375   7.1500   11.10986710   11.1099   4.2310   4.3466   3.5910   -5.807   -4.865   -3.924   -3.696   -3.589   -3.447   -3.122   -3.019   -2.933   3.33440971   1
   0.042375   7.1500   11.35594177   11.3559   4.2805   4.3411   3.5292   -5.931   -5.014   -4.078   -3.852   -3.746   -3.606   -3.284   -3.182   -3.096   3.33451128   1
   0.042375   7.1500   11.57585430   11.5759   4.3251   4.3344   3.4661   -6.043   -5.156   -4.228   -4.004   -3.900   -3.761   -3.443   -3.342   -3.258   3.33459640   1
   0.042375   7.1500   11.78027439   11.7803   4.3667   4.3267   3.4012   -6.147   -5.297   -4.375   -4.154   -4.052   -3.916   -3.602   -3.503   -3.420   3.33467078   1
   0.042375   7.1500   11.85777378   11.8578   4.3830   4.3229   3.3724   -6.188   -5.355   -4.437   -4.217   -4.117   -3.982   -3.669   -3.572   -3.489   3.33469796   1
   0.042375   7.1500   11.96168232   11.9455   4.4022   4.3177   3.3356   -6.236   -5.426   -4.513   -4.295   -4.197   -4.064   -3.754   -3.657   -3.576   3.33473325   1
   0.042375   7.1500   12.14032555   12.0865   4.4363   4.3069   3.2635   -6.321   -5.557   -4.657   -4.443   -4.347   -4.217   -3.913   -3.819   -3.740   3.33479214   1
   0.042375   7.1500   12.31975651   12.2146   4.4725   4.2986   3.1989   -6.411   -5.684   -4.793   -4.581   -4.488   -4.360   -4.061   -3.968   -3.891   3.33484817   1
   0.042375   7.1500   12.33374405   12.2240   4.4756   4.2984   3.1953   -6.419   -5.692   -4.802   -4.590   -4.497   -4.369   -4.070   -3.978   -3.901   3.33485246   1
   0.042375   7.1500   12.41879559   12.2802   4.5009   4.3083   3.2113   -6.482   -5.721   -4.814   -4.600   -4.504   -4.374   -4.069   -3.974   -3.895   3.33487797   1
   0.042375   7.1500   12.43711472   12.2918   4.5117   4.3175   3.2377   -6.509   -5.714   -4.792   -4.576   -4.478   -4.346   -4.035   -3.939   -3.857   3.33488345   1
   0.042375   7.1500   12.44708729   12.2979   4.5265   4.3303   3.2744   -6.546   -5.702   -4.761   -4.541   -4.441   -4.305   -3.988   -3.888   -3.804   3.33488655   1
   0.042375   7.1500   12.45107174   12.3003   4.5434   4.3413   3.3018   -6.588   -5.702   -4.745   -4.522   -4.419   -4.281   -3.957   -3.856   -3.770   3.33488774   1
   0.042375   7.1500   12.45284653   12.3013   4.5604   4.3501   3.3198   -6.631   -5.712   -4.742   -4.516   -4.411   -4.271   -3.943   -3.840   -3.753   3.33488822   1
   0.042375   7.1500   12.45402336   12.3020   4.5699   4.3557   3.3329   -6.655   -5.713   -4.736   -4.508   -4.403   -4.261   -3.930   -3.826   -3.738   3.33488846   2
   0.042375   7.1500   12.45486259   12.3024   4.5543   4.3511   3.3301   -6.616   -5.691   -4.721   -4.494   -4.390   -4.249   -3.920   -3.817   -3.730   3.33488870   2
   0.042375   7.1500   12.45581055   12.3030   4.5355   4.3404   3.3062   -6.569   -5.685   -4.729   -4.507   -4.404   -4.266   -3.943   -3.842   -3.756   3.33488894   2
   0.042375   7.1500   12.45647430   12.3033   4.5267   4.3282   3.2661   -6.547   -5.711   -4.773   -4.553   -4.454   -4.318   -4.002   -3.903   -3.819   3.33488917   2
   0.042375   7.1500   12.45701122   12.3037   4.5247   4.3160   3.2192   -6.542   -5.754   -4.833   -4.617   -4.520   -4.388   -4.079   -3.982   -3.901   3.33488941   2
   0.042375   7.1500   12.45760250   12.3040   4.5261   4.3006   3.1565   -6.545   -5.816   -4.918   -4.707   -4.613   -4.485   -4.184   -4.091   -4.013   3.33488965   2
   0.042375   7.1500   12.45803928   12.3043   4.5286   4.2884   3.1050   -6.552   -5.868   -4.989   -4.781   -4.690   -4.566   -4.273   -4.184   -4.107   3.33488965   2
   0.042375   7.1500   12.45845318   12.3045   4.5313   4.2761   3.0531   -6.558   -5.920   -5.061   -4.856   -4.768   -4.648   -4.363   -4.276   -4.203   3.33488989   2
   0.042375   7.1500   12.45884800   12.3048   4.5339   4.2638   3.0013   -6.565   -5.972   -5.132   -4.931   -4.847   -4.731   -4.453   -4.370   -4.299   3.33488989   2
   0.042375   7.1500   12.45922756   12.3050   4.5361   4.2515   2.9499   -6.570   -6.024   -5.201   -5.006   -4.925   -4.814   -4.545   -4.465   -4.397   3.33489013   2
   0.042375   7.1500   12.45959091   12.3052   4.5378   4.2391   2.8989   -6.574   -6.075   -5.269   -5.080   -5.003   -4.897   -4.635   -4.559   -4.492   3.33489013   2
   0.042375   7.1500   12.45994091   12.3054   4.5390   4.2268   2.8483   -6.577   -6.124   -5.337   -5.152   -5.080   -4.978   -4.724   -4.651   -4.587   3.33489013   2
   0.042375   7.1500   12.46027756   12.3056   4.5396   4.2145   2.7983   -6.579   -6.170   -5.403   -5.223   -5.155   -5.058   -4.812   -4.742   -4.680   3.33489037   2
   0.042375   7.1500   12.46060181   12.3058   4.5398   4.2021   2.7488   -6.579   -6.214   -5.467   -5.292   -5.228   -5.136   -4.898   -4.831   -4.772   3.33489037   2
   0.042375   7.1500   12.46098995   12.3061   4.5393   4.1867   2.6875   -6.578   -6.266   -5.545   -5.377   -5.319   -5.232   -5.005   -4.943   -4.885   3.33489060   2
   0.042375   7.1500   12.46135712   12.3063   4.5381   4.1713   2.6271   -6.575   -6.314   -5.620   -5.460   -5.406   -5.326   -5.110   -5.051   -4.997   3.33489060   2
   0.042375   7.1500   12.46163845   12.3065   4.5366   4.1589   2.5790   -6.572   -6.351   -5.679   -5.525   -5.476   -5.400   -5.192   -5.137   -5.085   3.33489084   2
   0.042375   7.1500   12.46190834   12.3066   4.5349   4.1465   2.5314   -6.567   -6.386   -5.738   -5.588   -5.544   -5.473   -5.274   -5.222   -5.173   3.33489084   2
   0.042375   7.1500   12.46216583   12.3068   4.5328   4.1342   2.4841   -6.562   -6.418   -5.794   -5.651   -5.611   -5.545   -5.356   -5.308   -5.260   3.33489084   2
   0.042375   7.1500   12.46241283   12.3069   4.5304   4.1218   2.4370   -6.556   -6.446   -5.851   -5.714   -5.678   -5.616   -5.437   -5.391   -5.346   3.33489108   2
   0.042375   7.1500   12.46264839   12.3068   4.5277   4.1095   2.3904   -6.549   -6.470   -5.909   -5.776   -5.743   -5.685   -5.516   -5.473   -5.430   3.33489108   2
   0.042375   7.1500   12.46287441   12.3067   4.5247   4.0971   2.3439   -6.542   -6.491   -5.962   -5.835   -5.805   -5.752   -5.593   -5.554   -5.513   3.33489108   2
   0.042375   7.1500   12.46308994   12.3067   4.5215   4.0848   2.2977   -6.534   -6.509   -6.014   -5.893   -5.866   -5.818   -5.670   -5.633   -5.595   3.33489108   2
   0.042375   7.1500   12.46334743   12.3066   4.5173   4.0693   2.2401   -6.523   -6.546   -6.057   -5.953   -5.938   -5.900   -5.763   -5.734   -5.699   3.33489132   2
   0.042375   7.1500   12.46358967   12.3065   4.5127   4.0539   2.1830   -6.512   -6.563   -6.114   -6.019   -6.009   -5.978   -5.855   -5.830   -5.798   3.33489132   2
   0.042375   7.1500   12.46377468   12.3064   4.5089   4.0415   2.1373   -6.502   -6.572   -6.157   -6.069   -6.064   -6.039   -5.927   -5.907   -5.877   3.33489132   2
   0.042375   7.1500   12.46395111   12.3064   4.5049   4.0292   2.0919   -6.492   -6.575   -6.198   -6.118   -6.117   -6.097   -5.998   -5.981   -5.953   3.33489132   2
   0.042375   7.1500   12.46412086   12.3064   4.5006   4.0167   2.0463   -6.482   -6.573   -6.238   -6.165   -6.167   -6.153   -6.068   -6.055   -6.030   3.33489156   2
   0.042375   7.1500   12.46428299   12.3064   4.4963   4.0043   2.0011   -6.471   -6.568   -6.276   -6.211   -6.216   -6.208   -6.136   -6.128   -6.105   3.33489156   2
   0.042375   7.1500   12.46443844   12.3064   4.4917   3.9919   1.9558   -6.459   -6.555   -6.314   -6.255   -6.263   -6.259   -6.203   -6.199   -6.179   3.33489156   2
   0.042375   7.1500   12.46458817   12.3063   4.4870   3.9794   1.9107   -6.447   -6.536   -6.350   -6.297   -6.306   -6.307   -6.268   -6.269   -6.251   3.33489156   2
   0.042375   7.1500   12.46473122   12.3063   4.4820   3.9669   1.8657   -6.435   -6.514   -6.378   -6.335   -6.348   -6.355   -6.334   -6.340   -6.326   3.33489156   2
   0.042375   7.1500   12.46486855   12.3064   4.4769   3.9544   1.8209   -6.422   -6.493   -6.393   -6.366   -6.387   -6.403   -6.398   -6.411   -6.401   3.33489180   2
   0.042375   7.1500   12.46500111   12.3064   4.4716   3.9420   1.7763   -6.409   -6.463   -6.408   -6.397   -6.424   -6.448   -6.462   -6.481   -6.475   3.33489180   2
   0.042375   7.1500   12.46512794   12.3064   4.4662   3.9295   1.7318   -6.395   -6.420   -6.422   -6.425   -6.458   -6.489   -6.525   -6.551   -6.549   3.33489180   2
   0.042375   7.1500   12.46525002   12.3064   4.4606   3.9170   1.6876   -6.381   -6.364   -6.422   -6.444   -6.486   -6.528   -6.586   -6.620   -6.623   3.33489180   2
   0.042375   7.1500   12.46536636   12.3064   4.4548   3.9045   1.6435   -6.367   -6.298   -6.410   -6.457   -6.511   -6.565   -6.647   -6.691   -6.699   3.33489180   2
   0.042375   7.1500   12.46547890   12.3064   4.4488   3.8921   1.5995   -6.352   -6.223   -6.385   -6.463   -6.533   -6.601   -6.708   -6.762   -6.775   3.33489180   2
   0.042375   7.1500   12.46558571   12.3065   4.4427   3.8796   1.5557   -6.337   -6.136   -6.342   -6.460   -6.551   -6.637   -6.768   -6.835   -6.852   3.33489180   2
   0.042375   7.1500   12.46568775   12.3065   4.4363   3.8671   1.5121   -6.321   -6.040   -6.287   -6.452   -6.567   -6.671   -6.828   -6.910   -6.931   3.33489203   2
   0.042375   7.1500   12.46578503   12.3065   4.4297   3.8545   1.4686   -6.304   -5.937   -6.219   -6.437   -6.579   -6.704   -6.887   -6.985   -7.010   3.33489203   2
   0.042375   7.1500   12.46590042   12.3066   4.4212   3.8390   1.4150   -6.283   -5.799   -6.119   -6.411   -6.589   -6.742   -6.958   -7.079   -7.108   3.33489203   2
   0.042375   7.1500   12.46598721   12.3066   4.4142   3.8266   1.3726   -6.265   -5.679   -6.027   -6.385   -6.595   -6.770   -7.013   -7.153   -7.186   3.33489203   2
   0.042375   7.1500   12.46607113   12.3066   4.4068   3.8142   1.3300   -6.247   -5.545   -5.923   -6.354   -6.597   -6.795   -7.067   -7.228   -7.265   3.33489203   2
   0.042375   7.1500   12.46615124   12.3066   4.3992   3.8017   1.2879   -6.228   -5.400   -5.813   -6.318   -6.594   -6.816   -7.118   -7.303   -7.343   3.33489203   2
   0.042375   7.1500   12.46622753   12.3067   4.3912   3.7894   1.2464   -6.208   -5.198   -5.661   -6.272   -6.593   -6.845   -7.178   -7.386   -7.433   3.33489203   2
   0.042375   7.1500   12.46630096   12.3067   4.3828   3.7770   1.2052   -6.187   -4.958   -5.484   -6.217   -6.589   -6.877   -7.241   -7.475   -7.529   3.33489203   2
   0.042375   7.1500   12.46636963   12.3067   4.3740   3.7647   1.1648   -6.165   -4.755   -5.343   -6.155   -6.567   -6.885   -7.285   -7.549   -7.606   3.33489203   2
   0.042375   7.1500   12.46643639   12.3068   4.3648   3.7524   1.1251   -6.142   -4.550   -5.206   -6.091   -6.539   -6.882   -7.319   -7.614   -7.675   3.33489227   2
   0.042375   7.1500   12.46649933   12.3068   4.3549   3.7402   1.0862   -6.117   -4.337   -5.072   -6.022   -6.504   -6.872   -7.346   -7.672   -7.736   3.33489227   2
   0.042375   7.1500   12.46656036   12.3068   4.3445   3.7281   1.0480   -6.091   -4.106   -4.924   -5.944   -6.463   -6.855   -7.371   -7.729   -7.796   3.33489227   2
   0.042375   7.1500   12.46661854   12.3069   4.3337   3.7160   1.0106   -6.064   -3.851   -4.774   -5.861   -6.416   -6.831   -7.391   -7.782   -7.854   3.33489227   2
   0.042375   7.1500   12.46667480   12.3069   4.3221   3.7039   0.9735   -6.035   -3.572   -4.611   -5.769   -6.361   -6.801   -7.409   -7.831   -7.909   3.33489227   2
   0.042375   7.1500   12.46672916   12.3069   4.3103   3.6920   0.9379   -6.006   -3.276   -4.445   -5.673   -6.301   -6.765   -7.423   -7.872   -7.959   3.33489227   2
   0.042375   7.1500   12.46678162   12.3070   4.2972   3.6801   0.9035   -5.973   -2.969   -4.274   -5.567   -6.230   -6.721   -7.430   -7.906   -8.005   3.33489227   2
   0.042375   7.1500   12.46683311   12.3070   4.2835   3.6683   0.8700   -5.939   -2.638   -4.095   -5.454   -6.153   -6.671   -7.432   -7.934   -8.045   3.33489227   2
   0.042375   7.1500   12.46688461   12.3070   4.2683   3.6569   0.8393   -5.901   -2.296   -3.910   -5.330   -6.067   -6.616   -7.427   -7.953   -8.078   3.33489227   2
   0.042375   7.1500   12.46693611   12.3070   4.2513   3.6456   0.8111   -5.858   -1.928   -3.711   -5.196   -5.974   -6.555   -7.413   -7.965   -8.104   3.33489227   2
   0.042375   7.1500   12.46699142   12.3071   4.2319   3.6346   0.7866   -5.810   -1.549   -3.500   -5.048   -5.871   -6.486   -7.390   -7.968   -8.120   3.33489227   2
   0.042375   7.1500   12.46705627   12.3071   4.2065   3.6248   0.7728   -5.746   -1.190   -3.286   -4.888   -5.753   -6.403   -7.346   -7.951   -8.114   3.33489227   2
   0.042375   7.1500   12.46712399   12.3072   4.1808   3.6170   0.7672   -5.682   -0.893   -3.098   -4.739   -5.636   -6.322   -7.297   -7.923   -8.095   3.33489227   2
   0.042375   7.1500   12.46726227   12.3072   4.1511   3.6097   0.7677   -5.608   -0.612   -2.909   -4.581   -5.505   -6.233   -7.237   -7.885   -8.064   3.33489251   2
   0.042375   7.1500   12.46744728   12.3074   4.1168   3.6014   0.7689   -5.522   -0.325   -2.694   -4.387   -5.332   -6.130   -7.168   -7.840   -8.029   3.33489251   2
   0.042375   7.1500   12.46750641   12.3074   4.1088   3.5985   0.7654   -5.502   -0.240   -2.629   -4.326   -5.277   -6.104   -7.154   -7.833   -8.026   3.33489251   3
   0.042375   7.1500   12.46761227   12.3075   4.1359   3.5903   0.7054   -5.570   -0.112   -2.550   -4.275   -5.248   -6.153   -7.241   -7.934   -8.140   3.33489251   3
   0.042375   7.1500   12.46769428   12.3075   4.1786   3.5826   0.6318   -5.677   0.020   -2.498   -4.241   -5.234   -6.242   -7.369   -8.072   -8.292   3.33489251   3
   0.042375   7.1500   12.46774197   12.3075   4.2148   3.5772   0.5741   -5.767   0.095   -2.470   -4.221   -5.232   -6.318   -7.474   -8.182   -8.414   3.33489251   3
   0.042375   7.1500   12.46777916   12.3076   4.2563   3.5721   0.5122   -5.871   0.145   -2.455   -4.211   -5.239   -6.406   -7.592   -8.303   -8.547   3.33489251   3
   0.042375   7.1500   12.46780968   12.3076   4.2972   3.5674   0.4526   -5.973   0.173   -2.447   -4.188   -5.236   -6.489   -7.706   -8.424   -8.676   3.33489251   3
   0.042375   7.1500   12.46783733   12.3076   4.3371   3.5629   0.3945   -6.073   0.207   -2.432   -4.152   -5.223   -6.567   -7.818   -8.543   -8.803   3.33489251   3
   0.042375   7.1500   12.46790981   12.3076   4.4285   3.5524   0.2611   -6.301   0.279   -2.344   -4.013   -5.178   -6.719   -8.073   -8.815   -9.093   3.33489251   3
   0.042375   7.1500   12.46794415   12.3075   4.4568   3.5490   0.2194   -6.372   0.301   -2.299   -3.954   -5.157   -6.757   -8.152   -8.899   -9.184   3.33489251   3
   0.042375   7.1500   12.46795845   12.3075   4.4719   3.5472   0.1972   -6.410   0.311   -2.267   -3.917   -5.147   -6.772   -8.195   -8.944   -9.232   3.33489251   3
   0.042375   7.1500   12.46798706   12.3076   4.5013   3.5439   0.1543   -6.483   0.328   -2.205   -3.848   -5.128   -6.801   -8.276   -9.031   -9.326   3.33489251   3
   0.042375   7.1500   12.46802235   12.3076   4.5345   3.5400   0.1056   -6.566   0.351   -2.133   -3.765   -5.103   -6.834   -8.368   -9.130   -9.432   3.33489251   3
   0.042375   7.1500   12.46805763   12.3076   4.5629   3.5366   0.0636   -6.637   0.375   -2.041   -3.684   -5.079   -6.839   -8.447   -9.215   -9.524   3.33489275   3
   0.042375   7.1500   12.46810627   12.3076   4.5945   3.5328   0.0168   -6.716   0.404   -1.938   -3.590   -5.051   -6.846   -8.535   -9.310   -9.625   3.33489275   3
   0.042375   7.1500   12.46817875   12.3076   4.6247   3.5291   -0.0281   -6.792   0.382   -1.842   -3.497   -5.014   -6.833   -8.619   -9.408   -9.725   3.33489275   3
   0.042375   7.1500   12.46831608   12.3076   4.6497   3.5260   -0.0654   -6.854   0.338   -1.758   -3.424   -4.977   -6.798   -8.688   -9.492   -9.810   3.33489275   3
   0.042375   7.1500   12.46889114   12.3075   4.6807   3.5220   -0.1124   -6.932   0.282   -1.649   -3.330   -4.927   -6.748   -8.774   -9.599   -9.916   3.33489299   3
   0.042375   7.1500   12.47089386   12.3072   4.7228   3.5165   -0.1765   -7.037   0.195   -1.490   -3.157   -4.814   -6.659   -8.890   -9.744   -10.061   3.33489347   3
   0.042375   7.1500   12.47385120   12.3066   4.7488   3.5133   -0.2155   -7.102   0.135   -1.397   -3.043   -4.735   -6.603   -8.960   -9.832   -10.149   3.33489442   4
   0.042375   7.1500   12.48246861   12.3040   4.7337   3.5154   -0.1922   -7.064   0.168   -1.461   -3.120   -4.789   -6.642   -8.919   -9.780   -10.096   3.33489680   4
   0.042375   7.1500   12.50009060   12.2986   4.6984   3.5202   -0.1379   -6.976   0.241   -1.610   -3.295   -4.913   -6.732   -8.822   -9.657   -9.974   3.33490205   4
   0.042375   7.1500   12.52171230   12.2930   4.6600   3.5254   -0.0786   -6.880   0.307   -1.758   -3.424   -4.983   -6.803   -8.715   -9.524   -9.840   3.33490825   4
   0.042375   7.1500   12.53752708   12.2900   4.6270   3.5301   -0.0272   -6.797   0.357   -1.897   -3.545   -5.050   -6.866   -8.623   -9.408   -9.725   3.33491278   4
   0.042375   7.1500   12.55950546   12.2875   4.5921   3.5351   0.0276   -6.710   0.354   -2.039   -3.688   -5.110   -6.885   -8.524   -9.293   -9.605   3.33491921   4
   0.042375   7.1500   12.58487701   12.2855   4.5609   3.5399   0.0782   -6.632   0.299   -2.194   -3.831   -5.170   -6.901   -8.434   -9.194   -9.498   3.33492637   4
   0.042375   7.1500   12.63113213   12.2835   4.5399   3.5444   0.1169   -6.580   0.239   -2.317   -3.968   -5.242   -6.907   -8.371   -9.123   -9.418   3.33493948   4
   0.042375   7.1500   12.71999931   12.2705   4.5295   3.5494   0.1469   -6.554   0.144   -2.489   -4.158   -5.358   -6.948   -8.333   -9.074   -9.362   3.33496428   5
   0.042375   7.1500   12.80704880   12.2724   4.5432   3.5495   0.1339   -6.588   0.112   -2.528   -4.200   -5.398   -6.985   -8.367   -9.107   -9.395   3.33498788   5
   0.042375   7.1500   12.84685993   12.2704   4.5495   3.5489   0.1251   -6.604   0.113   -2.520   -4.191   -5.398   -6.993   -8.384   -9.125   -9.414   3.33499861   6
   0.042375   7.1500   13.01903915   12.2013   4.5828   3.5426   0.0641   -6.687   0.194   -2.352   -4.003   -5.304   -6.994   -8.483   -9.235   -9.535   3.33504343   6
   0.042375   7.1500   13.14322948   12.1113   4.6287   3.5344   -0.0178   -6.802   0.269   -2.103   -3.749   -5.182   -6.961   -8.617   -9.389   -9.701   3.33507442   6
   0.042375   7.1500   13.16757870   12.0872   4.6657   3.5284   -0.0796   -6.894   0.227   -1.926   -3.569   -5.090   -6.904   -8.723   -9.523   -9.835   3.33508039   6
   0.042375   7.1500   13.17072678   12.0836   4.6874   3.5251   -0.1149   -6.948   0.197   -1.820   -3.477   -5.036   -6.852   -8.784   -9.600   -9.913   3.33508110   7
   0.042375   7.1500   13.17100906   12.0833   4.6933   3.5242   -0.1244   -6.963   0.188   -1.794   -3.453   -5.023   -6.839   -8.800   -9.621   -9.935   3.33508134   7
   0.042375   7.1500   13.17506313   12.0779   4.7324   3.5183   -0.1870   -7.061   0.122   -1.616   -3.282   -4.915   -6.743   -8.909   -9.760   -10.074   3.33508229   7
   0.042375   7.1500   13.17695618   12.0751   4.7663   3.5135   -0.2404   -7.146   0.051   -1.465   -3.101   -4.787   -6.649   -9.003   -9.879   -10.192   3.33508277   7
   0.042375   7.1500   13.17831898   12.0726   4.7999   3.5089   -0.2926   -7.230   -0.029   -1.335   -2.941   -4.671   -6.563   -9.094   -9.996   -10.308   3.33508301   7
   0.042375   7.1500   13.18000603   12.0690   4.8384   3.5037   -0.3521   -7.326   -0.133   -1.218   -2.792   -4.560   -6.473   -9.196   -10.127   -10.438   3.33508348   7
   0.042375   7.1500   13.18203068   12.0637   4.8763   3.4984   -0.4113   -7.421   -0.244   -1.123   -2.667   -4.465   -6.392   -9.296   -10.256   -10.565   3.33508396   7
   0.042375   7.1500   13.18443108   12.0560   4.9135   3.4933   -0.4689   -7.514   -0.366   -1.076   -2.598   -4.410   -6.338   -9.394   -10.379   -10.685   3.33508444   7
   0.042375   7.1500   13.18790913   12.0504   4.9555   3.4879   -0.5330   -7.619   -0.466   -1.040   -2.543   -4.373   -6.312   -9.505   -10.509   -10.816   3.33508539   8
