#   Isochrone  Z = 0.00013   Y = 0.24900   [M/H] = -2.064   eta_R = 0.200   Age =    5.0119e+07 yr
#      Z   log(age/yr)   M_ini      M_act   logL/Lo   logTe   logG   mbol    U       B       V       R       I       J       H       K   int_IMF   stage
   0.000134   7.7000   0.09577767   0.0958   -2.2789   3.5748   4.9494   10.467   14.080   12.925   11.529   10.544   9.779   8.830   8.312   8.157   1.52825892   0
   0.000134   7.7000   0.09656932   0.0966   -2.2739   3.5753   4.9498   10.455   14.056   12.905   11.513   10.530   9.767   8.818   8.300   8.145   1.53629243   0
   0.000134   7.7000   0.10396131   0.1040   -2.2247   3.5796   4.9501   10.332   13.817   12.714   11.353   10.391   9.643   8.709   8.184   8.026   1.60835683   0
   0.000134   7.7000   0.11155534   0.1116   -2.1759   3.5844   4.9510   10.210   13.571   12.521   11.192   10.254   9.521   8.601   8.071   7.909   1.67702913   0
   0.000134   7.7000   0.11386228   0.1139   -2.1632   3.5856   4.9519   10.178   13.510   12.472   11.151   10.219   9.489   8.573   8.041   7.879   1.69691670   0
   0.000134   7.7000   0.12680791   0.1268   -2.0918   3.5920   4.9531   10.000   13.169   12.200   10.921   10.020   9.310   8.414   7.876   7.710   1.80117023   0
   0.000134   7.7000   0.13155533   0.1316   -2.0677   3.5944   4.9545   9.939   13.054   12.107   10.842   9.952   9.249   8.360   7.822   7.654   1.83651268   0
   0.000134   7.7000   0.13256834   0.1326   -2.0629   3.5948   4.9546   9.927   13.032   12.090   10.827   9.939   9.237   8.350   7.811   7.643   1.84386170   0
   0.000134   7.7000   0.15155534   0.1516   -1.9743   3.6020   4.9528   9.706   12.646   11.771   10.552   9.696   9.014   8.149   7.607   7.436   1.97060776   0
   0.000134   7.7000   0.15844311   0.1584   -1.9466   3.6041   4.9528   9.636   12.530   11.674   10.467   9.621   8.944   8.085   7.543   7.372   2.01207495   0
   0.000134   7.7000   0.18311067   0.1831   -1.8533   3.6112   4.9507   9.403   12.143   11.350   10.182   9.367   8.709   7.872   7.330   7.158   2.14393187   0
   0.000134   7.7000   0.22337453   0.2234   -1.7242   3.6208   4.9464   9.081   11.620   10.909   9.792   9.017   8.383   7.576   7.037   6.867   2.31607747   0
   0.000134   7.7000   0.22888835   0.2289   -1.7082   3.6220   4.9457   9.040   11.556   10.855   9.744   8.974   8.343   7.539   7.001   6.832   2.33634281   0
   0.000134   7.7000   0.26365498   0.2637   -1.6158   3.6290   4.9429   8.809   11.184   10.542   9.465   8.724   8.110   7.327   6.795   6.629   2.45006776   0
   0.000134   7.7000   0.27888834   0.2789   -1.5782   3.6318   4.9409   8.716   11.036   10.417   9.353   8.623   8.016   7.241   6.711   6.547   2.49321747   0
   0.000134   7.7000   0.31415126   0.3142   -1.4956   3.6387   4.9376   8.509   10.697   10.134   9.102   8.399   7.807   7.054   6.531   6.371   2.58079314   0
   0.000134   7.7000   0.34999999   0.3500   -1.4172   3.6450   4.9311   8.313   10.386   9.874   8.868   8.188   7.611   6.875   6.360   6.205   2.65552020   0
   0.000134   7.7000   0.40000001   0.4000   -1.3033   3.6559   4.9188   8.028   9.906   9.481   8.522   7.878   7.326   6.622   6.121   5.975   2.74133730   0
   0.000134   7.7000   0.41980484   0.4198   -1.2502   3.6619   4.9107   7.895   9.666   9.291   8.357   7.733   7.194   6.508   6.014   5.874   2.77062535   0
   0.000134   7.7000   0.44999999   0.4500   -1.1696   3.6705   4.8951   7.694   9.313   9.010   8.112   7.516   6.995   6.334   5.853   5.721   2.81098008   0
   0.000134   7.7000   0.50000000   0.5000   -1.0225   3.6863   4.8566   7.326   8.689   8.509   7.677   7.126   6.636   6.019   5.562   5.444   2.86847806   0
   0.000134   7.7000   0.54132074   0.5413   -0.8917   3.7038   4.8304   6.999   8.105   8.050   7.289   6.783   6.325   5.756   5.328   5.225   2.90885997   0
   0.000134   7.7000   0.55000001   0.5500   -0.8701   3.7064   4.8261   6.945   8.016   7.977   7.227   6.728   6.275   5.712   5.288   5.187   2.91663504   0
   0.000134   7.7000   0.56551671   0.5655   -0.8346   3.7115   4.8233   6.857   7.860   7.853   7.124   6.637   6.193   5.644   5.228   5.131   2.92999005   0
   0.000134   7.7000   0.58967298   0.5897   -0.7873   3.7173   4.8173   6.738   7.669   7.697   6.990   6.516   6.083   5.549   5.142   5.050   2.94949818   0
   0.000134   7.7000   0.60000002   0.6000   -0.7696   3.7192   4.8147   6.694   7.601   7.641   6.941   6.472   6.042   5.512   5.109   5.018   2.95739889   0
   0.000134   7.7000   0.60515040   0.6052   -0.7606   3.7204   4.8139   6.671   7.565   7.611   6.916   6.449   6.021   5.494   5.093   5.003   2.96124697   0
   0.000134   7.7000   0.62796313   0.6280   -0.6990   3.7278   4.7983   6.518   7.326   7.411   6.745   6.294   5.879   5.372   4.982   4.898   2.97759581   0
   0.000134   7.7000   0.64999998   0.6500   -0.6306   3.7368   4.7805   6.346   7.062   7.190   6.557   6.125   5.725   5.239   4.862   4.785   2.99236870   0
   0.000134   7.7000   0.69999999   0.7000   -0.4768   3.7588   4.7472   5.962   6.487   6.698   6.142   5.752   5.388   4.955   4.610   4.550   3.02253795   0
   0.000134   7.7000   0.75000000   0.7500   -0.3339   3.7798   4.7181   5.605   6.000   6.262   5.768   5.415   5.084   4.694   4.378   4.333   3.04879928   0
   0.000134   7.7000   0.77654994   0.7765   -0.2632   3.7887   4.6983   5.428   5.767   6.047   5.591   5.261   4.947   4.572   4.263   4.229   3.06140924   1
   0.000134   7.7000   0.80000001   0.8000   -0.2034   3.7966   4.6828   5.279   5.578   5.866   5.439   5.128   4.827   4.468   4.167   4.141   3.07187057   1
   0.000134   7.7000   0.85000002   0.8500   -0.0818   3.8123   4.6504   4.974   5.223   5.510   5.127   4.844   4.569   4.244   3.970   3.953   3.09222293   1
   0.000134   7.7000   0.89999998   0.9000   0.0335   3.8274   4.6204   4.686   4.907   5.176   4.828   4.572   4.320   4.030   3.787   3.774   3.11026096   1
   0.000134   7.7000   0.94999999   0.9500   0.1423   3.8427   4.5961   4.414   4.618   4.858   4.544   4.314   4.089   3.834   3.622   3.613   3.12635612   1
   0.000134   7.7000   1.00000000   1.0000   0.2438   3.8579   4.5780   4.161   4.356   4.558   4.277   4.075   3.876   3.657   3.476   3.470   3.14080405   1
   0.000134   7.7000   1.04999995   1.0500   0.3395   3.8744   4.5692   3.921   4.114   4.272   4.024   3.852   3.683   3.501   3.355   3.350   3.15380883   1
   0.000134   7.7000   1.10000002   1.1000   0.4276   3.8927   4.5745   3.701   3.895   4.003   3.790   3.654   3.518   3.377   3.267   3.263   3.16554141   1
   0.000134   7.7000   1.14999998   1.1500   0.5122   3.9116   4.5850   3.489   3.687   3.748   3.572   3.472   3.372   3.270   3.195   3.191   3.17617631   1
   0.000134   7.7000   1.20000005   1.2000   0.5914   3.9294   4.5956   3.292   3.496   3.521   3.382   3.314   3.245   3.177   3.130   3.126   3.18585706   1
   0.000134   7.7000   1.25000000   1.2500   0.6663   3.9464   4.6061   3.104   3.323   3.331   3.227   3.185   3.140   3.099   3.071   3.067   3.19470429   1
   0.000134   7.7000   1.29999995   1.3000   0.7373   3.9623   4.6158   2.927   3.158   3.168   3.093   3.071   3.046   3.027   3.014   3.011   3.20280719   1
   0.000134   7.7000   1.35000002   1.3500   0.8063   3.9778   4.6252   2.754   2.998   3.024   2.974   2.967   2.958   2.960   2.957   2.958   3.21023273   1
   0.000134   7.7000   1.39999998   1.4000   0.8730   3.9925   4.6330   2.587   2.844   2.896   2.866   2.870   2.874   2.894   2.900   2.903   3.21705914   1
   0.000134   7.7000   1.45000005   1.4500   0.9364   4.0065   4.6411   2.429   2.699   2.783   2.772   2.785   2.798   2.835   2.847   2.853   3.22335362   1
   0.000134   7.7000   1.50000000   1.5000   0.9975   4.0201   4.6489   2.276   2.563   2.681   2.687   2.706   2.727   2.778   2.796   2.806   3.22917390   1
   0.000134   7.7000   1.54999995   1.5500   1.0558   4.0328   4.6556   2.131   2.437   2.587   2.607   2.632   2.660   2.724   2.746   2.758   3.23456979   1
   0.000134   7.7000   1.59040248   1.5904   1.1011   4.0428   4.6615   2.017   2.340   2.518   2.548   2.576   2.608   2.683   2.708   2.723   3.23864961   1
   0.000134   7.7000   1.60000002   1.6000   1.1117   4.0451   4.6628   1.991   2.317   2.502   2.534   2.563   2.596   2.673   2.699   2.714   3.23958373   1
   0.000134   7.7000   1.64999998   1.6500   1.1656   4.0567   4.6685   1.856   2.204   2.420   2.463   2.496   2.534   2.622   2.651   2.669   3.24424219   1
   0.000134   7.7000   1.70000005   1.7000   1.2176   4.0679   4.6746   1.726   2.096   2.344   2.396   2.432   2.475   2.573   2.605   2.626   3.24857616   1
   0.000134   7.7000   1.73590887   1.7359   1.2539   4.0757   4.6786   1.635   2.022   2.291   2.349   2.388   2.434   2.539   2.573   2.596   3.25150609   1
   0.000134   7.7000   1.75000000   1.7500   1.2680   4.0788   4.6802   1.600   1.994   2.271   2.331   2.371   2.418   2.526   2.560   2.584   3.25261688   1
   0.000134   7.7000   1.79999995   1.8000   1.3168   4.0892   4.6854   1.478   1.896   2.201   2.269   2.311   2.362   2.480   2.516   2.543   3.25639176   1
   0.000134   7.7000   1.85000002   1.8500   1.3640   4.0992   4.6901   1.360   1.803   2.135   2.209   2.254   2.308   2.434   2.474   2.502   3.25992513   1
   0.000134   7.7000   1.89999998   1.9000   1.4099   4.1089   4.6946   1.245   1.713   2.070   2.151   2.198   2.256   2.390   2.431   2.462   3.26323819   1
   0.000134   7.7000   1.95000005   1.9500   1.4544   4.1183   4.6987   1.134   1.629   2.008   2.094   2.144   2.205   2.347   2.390   2.423   3.26635003   1
   0.000134   7.7000   2.00000000   2.0000   1.4974   4.1272   4.7024   1.026   1.547   1.947   2.039   2.091   2.155   2.304   2.350   2.384   3.26927757   1
   0.000134   7.7000   2.04999995   2.0500   1.5391   4.1358   4.7056   0.922   1.467   1.889   1.985   2.039   2.107   2.262   2.310   2.346   3.27203131   1
   0.000134   7.7000   2.06229424   2.0623   1.5492   4.1378   4.7064   0.897   1.448   1.874   1.972   2.027   2.095   2.252   2.300   2.336   3.27268314   1
   0.000134   7.7000   2.09999990   2.1000   1.5798   4.1441   4.7087   0.821   1.390   1.831   1.933   1.989   2.059   2.221   2.271   2.308   3.27462268   1
   0.000134   7.7000   2.15000010   2.1500   1.6195   4.1521   4.7115   0.721   1.316   1.775   1.881   1.939   2.013   2.180   2.232   2.271   3.27706480   1
   0.000134   7.7000   2.20000005   2.2000   1.6582   4.1600   4.7140   0.624   1.244   1.721   1.831   1.891   1.967   2.141   2.194   2.235   3.27936959   1
   0.000134   7.7000   2.23430800   2.2343   1.6842   4.1651   4.7156   0.560   1.196   1.684   1.797   1.859   1.936   2.114   2.168   2.210   3.28087687   1
   0.000134   7.7000   2.25000000   2.2500   1.6960   4.1675   4.7162   0.530   1.174   1.667   1.782   1.844   1.922   2.102   2.157   2.198   3.28154731   1
   0.000134   7.7000   2.29999995   2.3000   1.7330   4.1749   4.7181   0.437   1.105   1.615   1.733   1.797   1.878   2.063   2.119   2.162   3.28360772   1
   0.000134   7.7000   2.40000010   2.4000   1.8042   4.1888   4.7213   0.259   0.974   1.513   1.639   1.707   1.792   1.987   2.047   2.092   3.28741050   1
   0.000134   7.7000   2.59999990   2.6000   1.9371   4.2135   4.7219   -0.073   0.727   1.317   1.456   1.530   1.623   1.835   1.900   1.950   3.29393530   1
   0.000134   7.7000   2.79999995   2.8000   2.0595   4.2347   4.7165   -0.379   0.497   1.128   1.279   1.357   1.457   1.684   1.754   1.807   3.29928207   1
   0.000134   7.7000   3.00000000   3.0000   2.1735   4.2533   4.7068   -0.664   0.279   0.946   1.106   1.189   1.295   1.534   1.607   1.664   3.30372047   1
   0.000134   7.7000   3.08747625   3.0875   2.2208   4.2606   4.7014   -0.782   0.188   0.868   1.032   1.117   1.225   1.468   1.544   1.602   3.30542970   1
   0.000134   7.7000   3.20000005   3.2000   2.2800   4.2697   4.6938   -0.930   0.073   0.769   0.939   1.026   1.136   1.386   1.463   1.523   3.30745077   1
   0.000134   7.7000   3.28078175   3.2808   2.3210   4.2757   4.6877   -1.033   -0.008   0.700   0.872   0.961   1.073   1.327   1.405   1.466   3.30878806   1
   0.000134   7.7000   3.40000010   3.4000   2.3802   4.2842   4.6783   -1.180   -0.124   0.599   0.776   0.866   0.981   1.240   1.320   1.383   3.31060600   1
   0.000134   7.7000   3.48060513   3.4806   2.4190   4.2898   4.6716   -1.278   -0.201   0.532   0.712   0.803   0.920   1.182   1.263   1.327   3.31174040   1
   0.000134   7.7000   3.59999990   3.6000   2.4755   4.2976   4.6612   -1.419   -0.314   0.434   0.618   0.711   0.830   1.097   1.180   1.245   3.31329536   1
   0.000134   7.7000   3.77272654   3.7727   2.5544   4.3082   4.6451   -1.616   -0.472   0.294   0.484   0.579   0.701   0.975   1.060   1.127   3.31531215   1
   0.000134   7.7000   3.79999995   3.8000   2.5666   4.3098   4.6424   -1.647   -0.497   0.272   0.463   0.559   0.680   0.956   1.041   1.108   3.31560802   1
   0.000134   7.7000   3.82926464   3.8293   2.5796   4.3115   4.6395   -1.679   -0.523   0.249   0.440   0.537   0.659   0.935   1.021   1.088   3.31591940   1
   0.000134   7.7000   4.00000000   4.0000   2.6541   4.3208   4.6210   -1.865   -0.676   0.113   0.309   0.408   0.532   0.814   0.901   0.971   3.31761289   1
   0.000134   7.7000   4.00592041   4.0059   2.6566   4.3211   4.6203   -1.872   -0.681   0.109   0.305   0.403   0.528   0.810   0.897   0.967   3.31766820   1
   0.000134   7.7000   4.19999981   4.2000   2.7389   4.3307   4.5971   -2.077   -0.852   -0.046   0.156   0.256   0.384   0.671   0.761   0.832   3.31935763   1
   0.000134   7.7000   4.34290028   4.3429   2.7979   4.3373   4.5789   -2.225   -0.975   -0.158   0.047   0.149   0.278   0.570   0.660   0.733   3.32046747   1
   0.000134   7.7000   4.40000010   4.4000   2.8212   4.3398   4.5713   -2.283   -1.024   -0.203   0.003   0.106   0.236   0.529   0.620   0.693   3.32088280   1
   0.000134   7.7000   4.47408772   4.4741   2.8510   4.3429   4.5614   -2.357   -1.087   -0.261   -0.053   0.051   0.182   0.477   0.568   0.642   3.32139945   1
   0.000134   7.7000   4.59999990   4.6000   2.9011   4.3480   4.5436   -2.483   -1.194   -0.359   -0.148   -0.044   0.089   0.386   0.479   0.553   3.32222414   1
   0.000134   7.7000   4.63635159   4.6364   2.9153   4.3494   4.5383   -2.518   -1.225   -0.387   -0.175   -0.071   0.062   0.360   0.453   0.528   3.32245040   1
   0.000134   7.7000   4.79888296   4.7989   2.9789   4.3551   4.5126   -2.677   -1.363   -0.516   -0.301   -0.196   -0.061   0.241   0.335   0.411   3.32340407   1
   0.000134   7.7000   4.80000019   4.8000   2.9793   4.3551   4.5124   -2.678   -1.364   -0.517   -0.302   -0.197   -0.062   0.240   0.334   0.410   3.32341027   1
   0.000134   7.7000   4.89449310   4.8945   3.0160   4.3581   4.4961   -2.770   -1.445   -0.593   -0.377   -0.271   -0.135   0.169   0.263   0.340   3.32392383   1
   0.000134   7.7000   5.00000000   5.0000   3.0571   4.3612   4.4765   -2.873   -1.537   -0.680   -0.462   -0.355   -0.219   0.087   0.182   0.259   3.32446504   1
   0.000134   7.7000   5.03827810   5.0383   3.0719   4.3622   4.4694   -2.910   -1.570   -0.711   -0.493   -0.386   -0.249   0.057   0.152   0.230   3.32465339   1
   0.000134   7.7000   5.16952562   5.1695   3.1224   4.3656   4.4434   -3.036   -1.686   -0.821   -0.600   -0.493   -0.355   -0.047   0.049   0.127   3.32526875   1
   0.000134   7.7000   5.19999981   5.2000   3.1341   4.3663   4.4370   -3.065   -1.713   -0.847   -0.625   -0.518   -0.380   -0.071   0.025   0.103   3.32540512   1
   0.000134   7.7000   5.25818491   5.2582   3.1563   4.3676   4.4249   -3.121   -1.764   -0.896   -0.674   -0.566   -0.428   -0.118   -0.022   0.057   3.32565904   1
   0.000134   7.7000   5.36963511   5.3696   3.1992   4.3696   4.3992   -3.228   -1.866   -0.994   -0.770   -0.662   -0.523   -0.212   -0.116   -0.036   3.32612324   1
   0.000134   7.7000   5.40000010   5.4000   3.2110   4.3701   4.3918   -3.257   -1.894   -1.021   -0.797   -0.688   -0.549   -0.239   -0.142   -0.063   3.32624483   1
   0.000134   7.7000   5.42194891   5.4219   3.2194   4.3704   4.3865   -3.278   -1.914   -1.040   -0.816   -0.707   -0.568   -0.257   -0.160   -0.081   3.32633162   1
   0.000134   7.7000   5.55702686   5.5570   3.2720   4.3718   4.3499   -3.410   -2.043   -1.166   -0.940   -0.832   -0.692   -0.381   -0.283   -0.204   3.32684302   1
   0.000134   7.7000   5.59999990   5.6000   3.2889   4.3720   4.3375   -3.452   -2.085   -1.207   -0.981   -0.873   -0.733   -0.421   -0.324   -0.244   3.32699823   1
   0.000134   7.7000   5.69544983   5.6954   3.3261   4.3724   4.3090   -3.545   -2.178   -1.299   -1.073   -0.964   -0.825   -0.512   -0.415   -0.335   3.32733059   1
   0.000134   7.7000   5.80000019   5.8000   3.3678   4.3720   4.2736   -3.650   -2.286   -1.407   -1.180   -1.072   -0.932   -0.620   -0.523   -0.443   3.32767653   1
   0.000134   7.7000   5.82984924   5.8298   3.3798   4.3718   4.2630   -3.679   -2.318   -1.438   -1.211   -1.103   -0.964   -0.652   -0.555   -0.475   3.32777190   1
   0.000134   7.7000   5.95516872   5.9552   3.4311   4.3698   4.2128   -3.808   -2.457   -1.579   -1.352   -1.245   -1.106   -0.795   -0.698   -0.619   3.32815742   1
   0.000134   7.7000   6.00000000   6.0000   3.4497   4.3687   4.1934   -3.854   -2.508   -1.632   -1.405   -1.298   -1.159   -0.848   -0.752   -0.673   3.32828951   1
   0.000134   7.7000   6.09283257   6.0928   3.4882   4.3660   4.1508   -3.951   -2.617   -1.743   -1.517   -1.411   -1.273   -0.964   -0.868   -0.790   3.32855415   1
   0.000134   7.7000   6.19999981   6.2000   3.5353   4.3607   4.0901   -4.068   -2.759   -1.891   -1.666   -1.561   -1.425   -1.119   -1.024   -0.946   3.32884550   1
   0.000134   7.7000   6.30383062   6.3038   3.5818   4.3544   4.0254   -4.185   -2.903   -2.043   -1.820   -1.716   -1.582   -1.280   -1.186   -1.110   3.32911396   1
   0.000134   7.7000   6.39277601   6.3928   3.6249   4.3480   3.9630   -4.292   -3.039   -2.186   -1.966   -1.864   -1.731   -1.433   -1.340   -1.265   3.32933354   1
   0.000134   7.7000   6.40000010   6.4000   3.6284   4.3475   3.9577   -4.301   -3.050   -2.198   -1.978   -1.876   -1.744   -1.446   -1.353   -1.278   3.32935095   1
   0.000134   7.7000   6.41146278   6.4115   3.6340   4.3467   3.9495   -4.315   -3.068   -2.217   -1.997   -1.895   -1.764   -1.466   -1.374   -1.299   3.32937860   1
   0.000134   7.7000   6.44590807   6.4459   3.6518   4.3457   3.9304   -4.359   -3.118   -2.267   -2.047   -1.946   -1.814   -1.517   -1.425   -1.350   3.32946038   1
   0.000134   7.7000   6.48295212   6.4830   3.6742   4.3528   3.9387   -4.415   -3.147   -2.286   -2.063   -1.960   -1.826   -1.525   -1.431   -1.355   3.32954693   1
   0.000134   7.7000   6.49523878   6.4952   3.6873   4.3643   3.9724   -4.448   -3.134   -2.257   -2.029   -1.923   -1.786   -1.478   -1.382   -1.304   3.32957530   1
   0.000134   7.7000   6.49937057   6.4994   3.7000   4.3753   4.0042   -4.480   -3.122   -2.230   -1.997   -1.889   -1.749   -1.434   -1.336   -1.255   3.32958484   1
   0.000134   7.7000   6.50112534   6.5011   3.7150   4.3850   4.0280   -4.517   -3.123   -2.217   -1.980   -1.869   -1.726   -1.406   -1.306   -1.223   3.32958889   1
   0.000134   7.7000   6.50197363   6.5020   3.7247   4.3903   4.0394   -4.542   -3.127   -2.214   -1.975   -1.863   -1.718   -1.395   -1.294   -1.210   3.32959080   2
   0.000134   7.7000   6.50241375   6.5024   3.7137   4.3858   4.0327   -4.514   -3.116   -2.209   -1.972   -1.861   -1.718   -1.397   -1.297   -1.214   3.32959175   2
   0.000134   7.7000   6.50289965   6.5029   3.6986   4.3752   4.0053   -4.477   -3.119   -2.227   -1.994   -1.886   -1.746   -1.431   -1.333   -1.252   3.32959294   2
   0.000134   7.7000   6.50338745   6.5034   3.6987   4.3627   3.9551   -4.477   -3.170   -2.294   -2.067   -1.962   -1.825   -1.518   -1.423   -1.344   3.32959414   2
   0.000134   7.7000   6.50387812   6.5039   3.7123   4.3502   3.8919   -4.511   -3.256   -2.396   -2.174   -2.072   -1.939   -1.639   -1.546   -1.470   3.32959533   2
   0.000134   7.7000   6.50439310   6.5044   3.7300   4.3377   3.8240   -4.555   -3.352   -2.509   -2.292   -2.193   -2.064   -1.770   -1.681   -1.607   3.32959628   2
   0.000134   7.7000   6.50492334   6.5049   3.7460   4.3251   3.7575   -4.595   -3.444   -2.619   -2.407   -2.310   -2.185   -1.899   -1.812   -1.741   3.32959771   2
   0.000134   7.7000   6.50545979   6.5055   3.7591   4.3123   3.6933   -4.628   -3.529   -2.722   -2.515   -2.421   -2.300   -2.022   -1.938   -1.868   3.32959890   2
   0.000134   7.7000   6.50599623   6.5060   3.7700   4.2994   3.6311   -4.655   -3.607   -2.820   -2.617   -2.528   -2.410   -2.139   -2.058   -1.991   3.32960010   2
   0.000134   7.7000   6.50652552   6.5065   3.7790   4.2865   3.5702   -4.678   -3.681   -2.914   -2.717   -2.630   -2.517   -2.254   -2.175   -2.110   3.32960129   2
   0.000134   7.7000   6.50704336   6.5070   3.7867   4.2734   3.5101   -4.697   -3.751   -3.006   -2.813   -2.730   -2.621   -2.366   -2.290   -2.227   3.32960248   2
   0.000134   7.7000   6.50754547   6.5075   3.7934   4.2601   3.4506   -4.714   -3.820   -3.095   -2.908   -2.828   -2.724   -2.477   -2.404   -2.344   3.32960367   2
   0.000134   7.7000   6.50802898   6.5080   3.7992   4.2468   3.3914   -4.728   -3.887   -3.183   -3.002   -2.926   -2.826   -2.588   -2.518   -2.460   3.32960463   2
   0.000134   7.7000   6.50849104   6.5085   3.8044   4.2333   3.3325   -4.741   -3.952   -3.270   -3.095   -3.022   -2.927   -2.698   -2.631   -2.575   3.32960582   2
   0.000134   7.7000   6.50893164   6.5089   3.8089   4.2197   3.2736   -4.752   -4.016   -3.356   -3.186   -3.118   -3.027   -2.807   -2.744   -2.690   3.32960677   2
   0.000134   7.7000   6.50934982   6.5093   3.8128   4.2059   3.2144   -4.762   -4.077   -3.441   -3.278   -3.213   -3.127   -2.917   -2.857   -2.806   3.32960773   2
   0.000134   7.7000   6.50974464   6.5097   3.8163   4.1920   3.1552   -4.771   -4.138   -3.525   -3.369   -3.308   -3.228   -3.027   -2.970   -2.921   3.32960868   2
   0.000134   7.7000   6.51011753   6.5101   3.8194   4.1779   3.0958   -4.779   -4.197   -3.609   -3.459   -3.402   -3.327   -3.136   -3.084   -3.037   3.32960939   2
   0.000134   7.7000   6.51046896   6.5105   3.8221   4.1636   3.0358   -4.785   -4.255   -3.693   -3.549   -3.497   -3.427   -3.247   -3.198   -3.154   3.32961035   2
   0.000134   7.7000   6.51079893   6.5108   3.8245   4.1490   2.9752   -4.791   -4.312   -3.777   -3.640   -3.592   -3.528   -3.359   -3.313   -3.271   3.32961106   2
   0.000134   7.7000   6.51110935   6.5111   3.8265   4.1343   2.9144   -4.796   -4.367   -3.858   -3.730   -3.686   -3.628   -3.470   -3.429   -3.389   3.32961178   2
   0.000134   7.7000   6.51140070   6.5114   3.8282   4.1192   2.8524   -4.800   -4.422   -3.941   -3.820   -3.782   -3.730   -3.583   -3.546   -3.510   3.32961249   2
   0.000134   7.7000   6.51167393   6.5117   3.8295   4.1039   2.7897   -4.804   -4.474   -4.023   -3.910   -3.876   -3.831   -3.696   -3.664   -3.630   3.32961297   2
   0.000134   7.7000   6.51192999   6.5119   3.8307   4.0882   2.7258   -4.807   -4.523   -4.105   -4.000   -3.972   -3.933   -3.812   -3.783   -3.752   3.32961369   2
   0.000134   7.7000   6.51217031   6.5122   3.8316   4.0721   2.6607   -4.809   -4.570   -4.187   -4.090   -4.067   -4.036   -3.928   -3.904   -3.876   3.32961416   2
   0.000134   7.7000   6.51239586   6.5124   3.8324   4.0559   2.5948   -4.811   -4.613   -4.269   -4.180   -4.162   -4.138   -4.044   -4.026   -4.001   3.32961464   2
   0.000134   7.7000   6.51260710   6.5126   3.8331   4.0394   2.5281   -4.813   -4.653   -4.350   -4.269   -4.256   -4.239   -4.161   -4.149   -4.126   3.32961512   2
   0.000134   7.7000   6.51285315   6.5129   3.8339   4.0185   2.4440   -4.815   -4.696   -4.446   -4.377   -4.370   -4.364   -4.307   -4.301   -4.283   3.32961583   2
   0.000134   7.7000   6.51303720   6.5130   3.8344   4.0018   2.3765   -4.816   -4.726   -4.521   -4.461   -4.460   -4.462   -4.423   -4.423   -4.408   3.32961607   2
   0.000134   7.7000   6.51320982   6.5132   3.8351   3.9850   2.3088   -4.818   -4.748   -4.593   -4.543   -4.547   -4.557   -4.538   -4.545   -4.534   3.32961655   2
   0.000134   7.7000   6.51337337   6.5134   3.8359   3.9683   2.2409   -4.820   -4.764   -4.661   -4.622   -4.631   -4.650   -4.653   -4.665   -4.659   3.32961702   2
   0.000134   7.7000   6.51352930   6.5135   3.8370   3.9516   2.1731   -4.823   -4.771   -4.725   -4.695   -4.710   -4.739   -4.765   -4.785   -4.783   3.32961726   2
   0.000134   7.7000   6.51367855   6.5137   3.8384   3.9351   2.1057   -4.826   -4.766   -4.778   -4.760   -4.782   -4.822   -4.875   -4.904   -4.906   3.32961774   2
   0.000134   7.7000   6.51382256   6.5138   3.8399   3.9188   2.0391   -4.830   -4.749   -4.814   -4.812   -4.845   -4.899   -4.980   -5.020   -5.028   3.32961798   2
   0.000134   7.7000   6.51396418   6.5140   3.8415   3.9028   1.9734   -4.834   -4.723   -4.829   -4.849   -4.898   -4.971   -5.082   -5.138   -5.149   3.32961822   2
   0.000134   7.7000   6.51410580   6.5141   3.8430   3.8872   1.9095   -4.838   -4.693   -4.825   -4.873   -4.942   -5.037   -5.179   -5.254   -5.268   3.32961869   2
   0.000134   7.7000   6.51424980   6.5142   3.8444   3.8722   1.8481   -4.841   -4.658   -4.801   -4.883   -4.978   -5.097   -5.270   -5.367   -5.385   3.32961893   2
   0.000134   7.7000   6.51439905   6.5144   3.8454   3.8594   1.7963   -4.843   -4.624   -4.769   -4.886   -5.004   -5.146   -5.346   -5.463   -5.484   3.32961941   2
   0.000134   7.7000   6.51455641   6.5146   3.8458   3.8492   1.7547   -4.845   -4.593   -4.730   -4.881   -5.022   -5.183   -5.405   -5.542   -5.564   3.32961965   2
   0.000134   7.7000   6.51472569   6.5147   3.8460   3.8398   1.7172   -4.845   -4.564   -4.692   -4.876   -5.036   -5.215   -5.458   -5.613   -5.637   3.32962012   2
   0.000134   7.7000   6.51491070   6.5149   3.8462   3.8314   1.6833   -4.845   -4.535   -4.654   -4.869   -5.049   -5.243   -5.505   -5.677   -5.702   3.32962036   3
   0.000134   7.7000   6.51518488   6.5152   3.8496   3.8221   1.6429   -4.854   -4.511   -4.620   -4.866   -5.067   -5.279   -5.563   -5.755   -5.782   3.32962108   3
   0.000134   7.7000   6.51550055   6.5155   3.8590   3.8136   1.5993   -4.877   -4.503   -4.603   -4.878   -5.098   -5.327   -5.632   -5.842   -5.871   3.32962179   3
   0.000134   7.7000   6.51584005   6.5158   3.8681   3.8062   1.5606   -4.900   -4.497   -4.590   -4.890   -5.127   -5.370   -5.693   -5.920   -5.950   3.32962251   3
   0.000134   7.7000   6.51618290   6.5162   3.8726   3.7999   1.5308   -4.911   -4.483   -4.570   -4.891   -5.142   -5.398   -5.736   -5.979   -6.010   3.32962346   3
   0.000134   7.7000   6.51681995   6.5168   3.8794   3.7950   1.5047   -4.929   -4.479   -4.556   -4.897   -5.160   -5.426   -5.777   -6.031   -6.064   3.32962489   4
   0.000134   7.7000   6.51855516   6.5186   3.8817   3.7968   1.5098   -4.934   -4.492   -4.574   -4.907   -5.165   -5.428   -5.774   -6.023   -6.056   3.32962871   5
   0.000134   7.7000   6.51966143   6.5197   3.8850   3.8037   1.5339   -4.942   -4.529   -4.621   -4.929   -5.171   -5.419   -5.748   -5.981   -6.012   3.32963133   5
   0.000134   7.7000   6.52064323   6.5206   3.8871   3.8110   1.5614   -4.948   -4.564   -4.664   -4.946   -5.171   -5.405   -5.715   -5.931   -5.960   3.32963347   5
   0.000134   7.7000   6.52159691   6.5216   3.8888   3.8182   1.5883   -4.952   -4.594   -4.703   -4.961   -5.170   -5.389   -5.682   -5.881   -5.909   3.32963562   5
   0.000134   7.7000   6.52261209   6.5226   3.8905   3.8254   1.6154   -4.956   -4.625   -4.742   -4.975   -5.167   -5.372   -5.648   -5.832   -5.858   3.32963800   5
   0.000134   7.7000   6.52372551   6.5237   3.8927   3.8328   1.6430   -4.962   -4.657   -4.782   -4.988   -5.164   -5.355   -5.613   -5.781   -5.806   3.32964063   5
   0.000134   7.7000   6.52495480   6.5250   3.8961   3.8408   1.6718   -4.970   -4.694   -4.827   -5.003   -5.160   -5.336   -5.577   -5.729   -5.753   3.32964325   5
   0.000134   7.7000   6.52630472   6.5263   3.9032   3.8560   1.7254   -4.988   -4.762   -4.906   -5.030   -5.155   -5.302   -5.509   -5.632   -5.653   3.32964635   5
   0.000134   7.7000   6.52778053   6.5278   3.9084   3.8814   1.8218   -5.001   -4.848   -4.984   -5.041   -5.119   -5.222   -5.375   -5.457   -5.474   3.32964969   5
   0.000134   7.7000   6.52921247   6.5292   3.9091   3.9104   1.9373   -5.003   -4.914   -4.997   -5.004   -5.045   -5.108   -5.204   -5.251   -5.260   3.32965302   5
   0.000134   7.7000   6.53101635   6.5310   3.9101   3.9325   2.0247   -5.005   -4.950   -4.965   -4.948   -4.971   -5.014   -5.070   -5.100   -5.103   3.32965708   5
   0.000134   7.7000   6.53293133   6.5329   3.9116   3.9490   2.0896   -5.009   -4.964   -4.920   -4.891   -4.907   -4.938   -4.967   -4.989   -4.987   3.32966137   5
   0.000134   7.7000   6.53501511   6.5350   3.9134   3.9640   2.1481   -5.013   -4.965   -4.869   -4.832   -4.844   -4.866   -4.873   -4.888   -4.882   3.32966614   5
   0.000134   7.7000   6.53728628   6.5373   3.9151   3.9783   2.2036   -5.018   -4.961   -4.816   -4.772   -4.780   -4.795   -4.782   -4.792   -4.782   3.32967114   5
   0.000134   7.7000   6.54048014   6.5405   3.9175   3.9960   2.2720   -5.024   -4.947   -4.749   -4.694   -4.697   -4.703   -4.670   -4.673   -4.659   3.32967854   5
   0.000134   7.7000   6.54337358   6.5434   3.9196   4.0100   2.3261   -5.029   -4.931   -4.693   -4.632   -4.629   -4.629   -4.579   -4.577   -4.561   3.32968497   5
   0.000134   7.7000   6.54660416   6.5466   3.9218   4.0239   2.3800   -5.034   -4.912   -4.637   -4.567   -4.561   -4.553   -4.489   -4.482   -4.463   3.32969236   5
   0.000134   7.7000   6.55020666   6.5502   3.9241   4.0377   2.4331   -5.040   -4.891   -4.581   -4.502   -4.492   -4.477   -4.400   -4.388   -4.366   3.32970047   5
   0.000134   7.7000   6.55421209   6.5542   3.9266   4.0515   2.4860   -5.047   -4.866   -4.523   -4.437   -4.422   -4.401   -4.310   -4.294   -4.269   3.32970929   5
   0.000134   7.7000   6.55862999   6.5586   3.9293   4.0651   2.5379   -5.053   -4.840   -4.465   -4.372   -4.352   -4.325   -4.222   -4.201   -4.174   3.32971931   5
   0.000134   7.7000   6.56484652   6.5648   3.9328   4.0819   2.6022   -5.062   -4.804   -4.390   -4.289   -4.264   -4.229   -4.111   -4.086   -4.056   3.32973313   5
   0.000134   7.7000   6.57008362   6.5701   3.9358   4.0945   2.6499   -5.069   -4.775   -4.335   -4.227   -4.198   -4.158   -4.030   -4.000   -3.968   3.32974482   5
   0.000134   7.7000   6.57536793   6.5754   3.9386   4.1060   2.6932   -5.076   -4.748   -4.284   -4.170   -4.137   -4.093   -3.955   -3.922   -3.888   3.32975650   5
   0.000134   7.7000   6.58266401   6.5827   3.9424   4.1202   2.7466   -5.086   -4.713   -4.220   -4.099   -4.063   -4.012   -3.863   -3.826   -3.789   3.32977271   5
   0.000134   7.7000   6.59092951   6.5909   3.9466   4.1344   2.7998   -5.096   -4.677   -4.157   -4.029   -3.987   -3.931   -3.771   -3.730   -3.691   3.32979083   5
   0.000134   7.7000   6.59852791   6.5985   3.9503   4.1460   2.8431   -5.106   -4.648   -4.106   -3.972   -3.927   -3.865   -3.696   -3.652   -3.611   3.32980776   5
   0.000134   7.7000   6.60885572   6.6089   3.9552   4.1598   2.8940   -5.118   -4.612   -4.045   -3.905   -3.855   -3.788   -3.609   -3.561   -3.517   3.32983017   5
   0.000134   7.7000   6.62052441   6.6205   3.9607   4.1734   2.9438   -5.132   -4.578   -3.987   -3.839   -3.785   -3.713   -3.524   -3.473   -3.427   3.32985568   5
   0.000134   7.7000   6.63465166   6.6347   3.9671   4.1873   2.9938   -5.148   -4.544   -3.929   -3.774   -3.716   -3.638   -3.440   -3.385   -3.336   3.32988620   5
   0.000134   7.7000   6.65218782   6.6522   3.9749   4.2013   3.0432   -5.167   -4.513   -3.873   -3.712   -3.649   -3.566   -3.358   -3.299   -3.248   3.32992411   5
   0.000134   7.7000   6.67446041   6.6745   3.9848   4.2143   3.0868   -5.192   -4.490   -3.827   -3.660   -3.594   -3.506   -3.289   -3.227   -3.174   3.32997155   5
   0.000134   7.7000   6.71546793   6.7155   4.0036   4.2268   3.1207   -5.239   -4.491   -3.807   -3.634   -3.565   -3.472   -3.247   -3.182   -3.126   3.33005762   6
   0.000134   7.7000   6.74602747   6.7460   4.0213   4.2166   3.0641   -5.283   -4.575   -3.907   -3.738   -3.672   -3.584   -3.365   -3.302   -3.249   3.33012080   6
   0.000134   7.7000   6.75722361   6.7572   4.0297   4.2116   3.0364   -5.304   -4.615   -3.955   -3.789   -3.724   -3.637   -3.422   -3.361   -3.308   3.33014369   6
   0.000134   7.7000   6.76726961   6.7673   4.0337   4.2072   3.0155   -5.314   -4.642   -3.989   -3.824   -3.761   -3.676   -3.463   -3.403   -3.351   3.33016419   6
   0.000134   7.7000   6.77530575   6.7753   4.0399   4.1951   2.9615   -5.330   -4.703   -4.069   -3.911   -3.851   -3.771   -3.566   -3.509   -3.459   3.33018041   6
   0.000134   7.7000   6.78044653   6.7804   4.0449   4.1819   2.9039   -5.342   -4.765   -4.152   -4.001   -3.945   -3.870   -3.674   -3.621   -3.574   3.33019090   6
   0.000134   7.7000   6.78404856   6.7840   4.0488   4.1680   2.8448   -5.352   -4.825   -4.235   -4.091   -4.040   -3.970   -3.784   -3.735   -3.690   3.33019805   6
   0.000134   7.7000   6.78631783   6.7863   4.0515   4.1550   2.7901   -5.359   -4.877   -4.311   -4.173   -4.126   -4.061   -3.885   -3.840   -3.796   3.33020282   6
   0.000134   7.7000   6.78788328   6.7879   4.0533   4.1422   2.7370   -5.363   -4.926   -4.382   -4.251   -4.208   -4.149   -3.982   -3.940   -3.899   3.33020592   6
   0.000134   7.7000   6.78889894   6.7889   4.0543   4.1299   2.6872   -5.366   -4.969   -4.448   -4.323   -4.284   -4.231   -4.073   -4.034   -3.996   3.33020782   6
   0.000134   7.7000   6.78961563   6.7896   4.0544   4.1179   2.6389   -5.366   -5.009   -4.511   -4.392   -4.357   -4.308   -4.160   -4.125   -4.088   3.33020949   6
   0.000134   7.7000   6.79019022   6.7902   4.0535   4.1045   2.5864   -5.364   -5.048   -4.577   -4.465   -4.434   -4.391   -4.253   -4.222   -4.187   3.33021045   6
   0.000134   7.7000   6.79054785   6.7905   4.0518   4.0933   2.5431   -5.360   -5.077   -4.630   -4.523   -4.496   -4.457   -4.329   -4.301   -4.269   3.33021116   6
   0.000134   7.7000   6.79085445   6.7909   4.0490   4.0804   2.4946   -5.352   -5.106   -4.687   -4.587   -4.563   -4.531   -4.413   -4.389   -4.358   3.33021188   6
   0.000134   7.7000   6.79105473   6.7911   4.0455   4.0691   2.4527   -5.344   -5.128   -4.732   -4.639   -4.620   -4.592   -4.485   -4.463   -4.436   3.33021235   6
   0.000134   7.7000   6.79123878   6.7912   4.0404   4.0556   2.4037   -5.331   -5.149   -4.783   -4.698   -4.683   -4.662   -4.567   -4.550   -4.525   3.33021259   6
   0.000134   7.7000   6.79133034   6.7913   4.0371   4.0476   2.3752   -5.323   -5.159   -4.812   -4.731   -4.719   -4.702   -4.614   -4.600   -4.576   3.33021283   7
   0.000134   7.7000   6.79137421   6.7914   4.0349   4.0429   2.3586   -5.317   -5.163   -4.828   -4.750   -4.740   -4.725   -4.641   -4.629   -4.605   3.33021283   7
   0.000134   7.7000   6.79146910   6.7915   4.0300   4.0317   2.3186   -5.305   -5.174   -4.867   -4.796   -4.789   -4.779   -4.706   -4.698   -4.677   3.33021307   7
   0.000134   7.7000   6.79155731   6.7916   4.0253   4.0194   2.2741   -5.293   -5.186   -4.911   -4.846   -4.843   -4.839   -4.779   -4.775   -4.756   3.33021331   7
   0.000134   7.7000   6.79163313   6.7916   4.0219   4.0071   2.2285   -5.285   -5.198   -4.957   -4.899   -4.899   -4.902   -4.854   -4.854   -4.838   3.33021355   7
   0.000134   7.7000   6.79170132   6.7917   4.0201   3.9949   2.1816   -5.280   -5.211   -5.005   -4.953   -4.958   -4.966   -4.933   -4.937   -4.923   3.33021355   7
   0.000134   7.7000   6.79176569   6.7918   4.0200   3.9826   2.1324   -5.280   -5.225   -5.057   -5.012   -5.020   -5.034   -5.015   -5.024   -5.013   3.33021379   7
   0.000134   7.7000   6.79184389   6.7918   4.0227   3.9668   2.0664   -5.287   -5.245   -5.128   -5.091   -5.103   -5.126   -5.128   -5.142   -5.135   3.33021379   7
   0.000134   7.7000   6.79190874   6.7919   4.0273   3.9536   2.0092   -5.298   -5.261   -5.191   -5.159   -5.175   -5.205   -5.225   -5.246   -5.242   3.33021402   7
   0.000134   7.7000   6.79198217   6.7920   4.0348   3.9394   1.9448   -5.317   -5.276   -5.255   -5.234   -5.255   -5.294   -5.336   -5.363   -5.363   3.33021402   7
   0.000134   7.7000   6.79208088   6.7921   4.0465   3.9233   1.8689   -5.346   -5.289   -5.322   -5.315   -5.345   -5.396   -5.466   -5.503   -5.508   3.33021426   7
   0.000134   7.7000   6.79247522   6.7925   4.0722   3.9057   1.7725   -5.411   -5.326   -5.410   -5.421   -5.466   -5.535   -5.637   -5.689   -5.699   3.33021522   7
   0.000134   7.7000   6.79303551   6.7930   4.0697   3.9065   1.7784   -5.404   -5.321   -5.403   -5.414   -5.457   -5.526   -5.626   -5.677   -5.687   3.33021617   7
   0.000134   7.7000   6.79336262   6.7934   4.0576   3.8970   1.7525   -5.374   -5.270   -5.377   -5.400   -5.454   -5.534   -5.653   -5.714   -5.726   3.33021688   7
   0.000134   7.7000   6.79349995   6.7935   4.0521   3.8910   1.7342   -5.360   -5.243   -5.362   -5.395   -5.456   -5.544   -5.675   -5.743   -5.757   3.33021712   7
   0.000134   7.7000   6.79362822   6.7936   4.0454   3.8797   1.6956   -5.344   -5.196   -5.332   -5.388   -5.465   -5.570   -5.725   -5.808   -5.825   3.33021736   7
   0.000134   7.7000   6.79372740   6.7937   4.0397   3.8686   1.6567   -5.329   -5.149   -5.296   -5.377   -5.473   -5.597   -5.775   -5.876   -5.895   3.33021760   7
   0.000134   7.7000   6.79380846   6.7938   4.0344   3.8573   1.6168   -5.316   -5.101   -5.251   -5.362   -5.481   -5.624   -5.828   -5.946   -5.968   3.33021784   7
   0.000134   7.7000   6.79387808   6.7939   4.0293   3.8459   1.5764   -5.303   -5.049   -5.194   -5.344   -5.486   -5.651   -5.880   -6.020   -6.043   3.33021784   7
   0.000134   7.7000   6.79393864   6.7939   4.0244   3.8347   1.5367   -5.291   -4.996   -5.133   -5.324   -5.491   -5.677   -5.931   -6.092   -6.117   3.33021808   7
   0.000134   7.7000   6.79399157   6.7940   4.0194   3.8241   1.4989   -5.278   -4.943   -5.069   -5.300   -5.493   -5.699   -5.977   -6.161   -6.188   3.33021808   7
   0.000134   7.7000   6.79403973   6.7940   4.0144   3.8145   1.4657   -5.266   -4.894   -5.009   -5.274   -5.489   -5.714   -6.015   -6.220   -6.249   3.33021832   7
   0.000134   7.7000   6.79408360   6.7941   4.0092   3.8057   1.4359   -5.253   -4.846   -4.951   -5.248   -5.482   -5.725   -6.048   -6.273   -6.304   3.33021832   7
   0.000134   7.7000   6.79412317   6.7941   4.0041   3.7980   1.4100   -5.240   -4.800   -4.896   -5.220   -5.474   -5.732   -6.074   -6.318   -6.351   3.33021855   7
   0.000134   7.7000   6.79415941   6.7942   3.9990   3.7910   1.3871   -5.228   -4.757   -4.836   -5.191   -5.462   -5.736   -6.096   -6.356   -6.392   3.33021855   7
   0.000134   7.7000   6.79419327   6.7942   3.9941   3.7845   1.3658   -5.215   -4.716   -4.775   -5.159   -5.450   -5.737   -6.115   -6.391   -6.431   3.33021855   7
   0.000134   7.7000   6.79422474   6.7942   3.9903   3.7784   1.3454   -5.206   -4.674   -4.722   -5.132   -5.440   -5.740   -6.135   -6.427   -6.469   3.33021855   7
   0.000134   7.7000   6.79426050   6.7943   3.9865   3.7710   1.3196   -5.196   -4.611   -4.668   -5.106   -5.432   -5.748   -6.166   -6.480   -6.522   3.33021879   7
   0.000134   7.7000   6.79428816   6.7943   3.9836   3.7652   1.2993   -5.189   -4.569   -4.626   -5.085   -5.425   -5.752   -6.185   -6.515   -6.559   3.33021879   7
   0.000134   7.7000   6.79431438   6.7943   3.9810   3.7595   1.2790   -5.183   -4.529   -4.585   -5.065   -5.418   -5.756   -6.205   -6.549   -6.595   3.33021879   7
   0.000134   7.7000   6.79434013   6.7943   3.9787   3.7538   1.2588   -5.177   -4.488   -4.545   -5.046   -5.410   -5.759   -6.223   -6.583   -6.630   3.33021879   7
   0.000134   7.7000   6.79436827   6.7944   3.9787   3.7477   1.2343   -5.177   -4.448   -4.508   -5.030   -5.409   -5.769   -6.249   -6.625   -6.675   3.33021903   7
   0.000134   7.7000   6.79440641   6.7944   3.9787   3.7401   1.2036   -5.177   -4.393   -4.458   -5.011   -5.406   -5.781   -6.282   -6.677   -6.730   3.33021903   7
   0.000134   7.7000   6.79446840   6.7945   3.9808   3.7284   1.1552   -5.182   -4.298   -4.382   -4.983   -5.405   -5.802   -6.336   -6.761   -6.819   3.33021903   7
   0.000134   7.7000   6.79457951   6.7946   3.9925   3.7071   1.0581   -5.211   -4.099   -4.243   -4.945   -5.417   -5.856   -6.451   -6.930   -6.999   3.33021927   7
   0.000134   7.7000   6.79465628   6.7947   4.0127   3.6945   0.9874   -5.262   -3.972   -4.176   -4.948   -5.453   -5.919   -6.551   -7.062   -7.138   3.33021951   7
   0.000134   7.7000   6.79469347   6.7947   4.0250   3.6904   0.9587   -5.292   -3.930   -4.162   -4.963   -5.480   -5.955   -6.599   -7.118   -7.197   3.33021951   7
   0.000134   7.7000   6.79472542   6.7947   4.0335   3.6879   0.9404   -5.314   -3.904   -4.156   -4.974   -5.498   -5.978   -6.630   -7.155   -7.235   3.33021975   7
   0.000134   7.7000   6.79476452   6.7948   4.0423   3.6856   0.9225   -5.336   -3.879   -4.152   -4.986   -5.517   -6.002   -6.661   -7.191   -7.272   3.33021975   7
   0.000134   7.7000   6.79481936   6.7948   4.0522   3.6829   0.9017   -5.360   -3.849   -4.145   -4.999   -5.538   -6.029   -6.697   -7.232   -7.316   3.33021975   7
   0.000134   7.7000   6.79498339   6.7950   4.0973   3.6769   0.8324   -5.473   -3.816   -4.179   -5.082   -5.642   -6.148   -6.834   -7.383   -7.469   3.33022022   7
   0.000134   7.7000   6.79562807   6.7956   4.1966   3.6705   0.7078   -5.721   -3.868   -4.331   -5.296   -5.882   -6.405   -7.111   -7.671   -7.760   3.33022141   7
   0.000134   7.7000   6.79639673   6.7964   4.2357   3.6680   0.6587   -5.819   -3.882   -4.388   -5.379   -5.975   -6.506   -7.220   -7.784   -7.874   3.33022308   7
   0.000134   7.7000   6.79731464   6.7973   4.2764   3.6655   0.6081   -5.921   -3.897   -4.447   -5.465   -6.073   -6.611   -7.332   -7.901   -7.992   3.33022475   7
   0.000134   7.7000   6.79825020   6.7983   4.3150   3.6632   0.5601   -6.017   -3.908   -4.501   -5.546   -6.165   -6.710   -7.439   -8.012   -8.104   3.33022666   7
   0.000134   7.7000   6.79916191   6.7992   4.3523   3.6609   0.5137   -6.111   -3.918   -4.553   -5.624   -6.254   -6.807   -7.543   -8.119   -8.212   3.33022857   7
   0.000134   7.7000   6.80004692   6.8000   4.3920   3.6585   0.4646   -6.210   -3.933   -4.607   -5.705   -6.347   -6.907   -7.652   -8.233   -8.327   3.33023024   7
   0.000134   7.7000   6.80081844   6.8008   4.4300   3.6562   0.4173   -6.305   -3.945   -4.658   -5.781   -6.434   -7.002   -7.756   -8.343   -8.437   3.33023190   8
