#   Isochrone  Z = 0.00042   Y = 0.24900   [M/H] = -1.564   eta_R = 0.200   Age =    7.0795e+07 yr
#      Z   log(age/yr)   M_ini      M_act   logL/Lo   logTe   logG   mbol    U       B       V       R       I       J       H       K   int_IMF   stage
   0.000424   7.8500   0.09000000   0.0900   -2.4744   3.5376   4.9691   10.956   15.677   14.101   12.435   11.280   10.296   9.215   8.690   8.513   1.46765435   0
   0.000424   7.8500   0.09096310   0.0910   -2.4674   3.5384   4.9697   10.939   15.637   14.070   12.408   11.257   10.278   9.199   8.673   8.497   1.47800756   0
   0.000424   7.8500   0.09648639   0.0965   -2.4250   3.5429   4.9710   10.832   15.397   13.882   12.251   11.120   10.169   9.106   8.575   8.396   1.53545380   0
   0.000424   7.8500   0.10000000   0.1000   -2.3979   3.5460   4.9720   10.765   15.239   13.759   12.150   11.032   10.100   9.048   8.512   8.333   1.57040203   0
   0.000424   7.8500   0.10244267   0.1024   -2.3822   3.5475   4.9728   10.726   15.156   13.693   12.094   10.983   10.059   9.013   8.475   8.296   1.59398949   0
   0.000424   7.8500   0.11216059   0.1122   -2.3191   3.5536   4.9735   10.568   14.826   13.429   11.872   10.787   9.898   8.873   8.329   8.148   1.68228853   0
   0.000424   7.8500   0.12000000   0.1200   -2.2702   3.5587   4.9743   10.446   14.563   13.221   11.698   10.635   9.774   8.766   8.217   8.034   1.74782515   0
   0.000424   7.8500   0.12875253   0.1288   -2.2226   3.5630   4.9745   10.326   14.327   13.031   11.537   10.492   9.653   8.659   8.107   7.922   1.81583059   0
   0.000424   7.8500   0.14000000   0.1400   -2.1635   3.5684   4.9733   10.179   14.035   12.795   11.338   10.316   9.504   8.528   7.971   7.783   1.89584959   0
   0.000424   7.8500   0.15664592   0.1566   -2.0883   3.5749   4.9728   9.991   13.685   12.507   11.093   10.098   9.313   8.358   7.797   7.608   2.00146079   0
   0.000424   7.8500   0.16000000   0.1600   -2.0733   3.5761   4.9720   9.953   13.617   12.450   11.044   10.055   9.275   8.324   7.762   7.573   2.02115250   0
   0.000424   7.8500   0.18889584   0.1889   -1.9631   3.5847   4.9683   9.678   13.130   12.046   10.695   9.744   8.996   8.073   7.507   7.316   2.17159557   0
   0.000424   7.8500   0.20000000   0.2000   -1.9242   3.5878   4.9664   9.581   12.958   11.903   10.572   9.635   8.898   7.984   7.418   7.226   2.22178221   0
   0.000424   7.8500   0.25000000   0.2500   -1.7751   3.5989   4.9587   9.208   12.333   11.374   10.110   9.221   8.521   7.642   7.073   6.884   2.40809011   0
   0.000424   7.8500   0.30000001   0.3000   -1.6513   3.6081   4.9508   8.898   11.829   10.941   9.731   8.880   8.208   7.356   6.788   6.605   2.54750419   0
   0.000424   7.8500   0.34999999   0.3500   -1.5338   3.6175   4.9380   8.604   11.345   10.527   9.369   8.557   7.911   7.087   6.520   6.345   2.65552020   0
   0.000424   7.8500   0.35017866   0.3502   -1.5333   3.6176   4.9379   8.603   11.343   10.525   9.367   8.556   7.909   7.086   6.519   6.344   2.65586162   0
   0.000424   7.8500   0.40000001   0.4000   -1.3972   3.6307   4.9122   8.263   10.747   10.024   8.935   8.178   7.567   6.781   6.216   6.057   2.74133730   0
   0.000424   7.8500   0.44999999   0.4500   -1.2384   3.6504   4.8834   7.866   9.989   9.405   8.412   7.730   7.170   6.438   5.889   5.752   2.81098008   0
   0.000424   7.8500   0.45364794   0.4536   -1.2256   3.6525   4.8823   7.834   9.920   9.351   8.368   7.693   7.138   6.412   5.866   5.731   2.81554174   0
   0.000424   7.8500   0.50000000   0.5000   -1.0826   3.6739   4.8670   7.476   9.175   8.776   7.889   7.290   6.785   6.120   5.609   5.494   2.86847806   0
   0.000424   7.8500   0.50635910   0.5064   -1.0654   3.6764   4.8654   7.433   9.087   8.710   7.832   7.243   6.743   6.086   5.580   5.467   2.87508416   0
   0.000424   7.8500   0.54895872   0.5490   -0.9523   3.6896   4.8404   7.151   8.574   8.310   7.486   6.939   6.466   5.849   5.371   5.268   2.91571403   0
   0.000424   7.8500   0.55000001   0.5500   -0.9494   3.6900   4.8397   7.143   8.561   8.299   7.477   6.931   6.459   5.843   5.366   5.263   2.91663504   0
   0.000424   7.8500   0.57327598   0.5733   -0.8931   3.6966   4.8278   7.003   8.314   8.107   7.310   6.783   6.323   5.726   5.264   5.165   2.93641996   0
   0.000424   7.8500   0.59601450   0.5960   -0.8183   3.7062   4.8082   6.816   7.982   7.850   7.089   6.587   6.144   5.575   5.133   5.042   2.95437932   0
   0.000424   7.8500   0.60000002   0.6000   -0.8055   3.7078   4.8049   6.784   7.926   7.806   7.051   6.553   6.113   5.550   5.111   5.021   2.95739889   0
   0.000424   7.8500   0.64999998   0.6500   -0.6451   3.7302   4.7686   6.383   7.234   7.262   6.591   6.144   5.741   5.239   4.846   4.769   2.99236870   0
   0.000424   7.8500   0.69999999   0.7000   -0.4917   3.7530   4.7386   5.999   6.621   6.759   6.169   5.767   5.400   4.954   4.601   4.539   3.02253795   0
   0.000424   7.8500   0.72478521   0.7248   -0.4196   3.7637   4.7247   5.819   6.350   6.529   5.976   5.594   5.244   4.824   4.488   4.433   3.03599501   1
   0.000424   7.8500   0.75000000   0.7500   -0.3503   3.7744   4.7128   5.646   6.101   6.312   5.794   5.432   5.097   4.701   4.382   4.334   3.04879928   1
   0.000424   7.8500   0.80000001   0.8000   -0.2207   3.7910   4.6777   5.322   5.669   5.920   5.465   5.141   4.835   4.470   4.166   4.136   3.07187057   1
   0.000424   7.8500   0.85000002   0.8500   -0.0987   3.8061   4.6426   5.017   5.299   5.560   5.154   4.861   4.579   4.245   3.964   3.945   3.09222293   1
   0.000424   7.8500   0.89999998   0.9000   0.0164   3.8205   4.6099   4.729   4.973   5.226   4.857   4.589   4.330   4.029   3.776   3.761   3.11026096   1
   0.000424   7.8500   0.94999999   0.9500   0.1257   3.8348   4.5810   4.456   4.676   4.909   4.574   4.331   4.095   3.827   3.603   3.592   3.12635612   1
   0.000424   7.8500   1.00000000   1.0000   0.2283   3.8491   4.5579   4.199   4.406   4.609   4.306   4.089   3.877   3.642   3.448   3.439   3.14080405   1
   0.000424   7.8500   1.04999995   1.0500   0.3240   3.8643   4.5442   3.960   4.158   4.325   4.054   3.866   3.681   3.480   3.317   3.311   3.15380883   1
   0.000424   7.8500   1.10000002   1.1000   0.4143   3.8810   4.5411   3.734   3.929   4.053   3.816   3.659   3.506   3.341   3.213   3.207   3.16554141   1
   0.000424   7.8500   1.14999998   1.1500   0.4984   3.8994   4.5499   3.524   3.719   3.797   3.596   3.475   3.355   3.230   3.136   3.132   3.17617631   1
   0.000424   7.8500   1.20000005   1.2000   0.5785   3.9175   4.5605   3.324   3.521   3.560   3.396   3.308   3.221   3.133   3.070   3.066   3.18585706   1
   0.000424   7.8500   1.25000000   1.2500   0.6541   3.9345   4.5708   3.135   3.340   3.351   3.224   3.166   3.107   3.049   3.009   3.004   3.19470429   1
   0.000424   7.8500   1.29999995   1.3000   0.7258   3.9508   4.5813   2.956   3.173   3.174   3.081   3.046   3.010   2.976   2.954   2.950   3.20280719   1
   0.000424   7.8500   1.35000002   1.3500   0.7952   3.9663   4.5904   2.782   3.010   3.020   2.954   2.938   2.918   2.907   2.897   2.895   3.21023273   1
   0.000424   7.8500   1.39999998   1.4000   0.8620   3.9812   4.5990   2.615   2.853   2.883   2.841   2.838   2.833   2.841   2.841   2.842   3.21705914   1
   0.000424   7.8500   1.45000005   1.4500   0.9259   3.9954   4.6072   2.455   2.703   2.763   2.740   2.747   2.754   2.779   2.787   2.791   3.22335362   1
   0.000424   7.8500   1.50000000   1.5000   0.9875   4.0090   4.6144   2.301   2.561   2.653   2.649   2.664   2.679   2.720   2.734   2.741   3.22917390   1
   0.000424   7.8500   1.54999995   1.5500   1.0464   4.0220   4.6219   2.154   2.429   2.556   2.567   2.588   2.611   2.665   2.683   2.694   3.23456979   1
   0.000424   7.8500   1.60000002   1.6000   1.1028   4.0342   4.6282   2.013   2.305   2.466   2.490   2.515   2.545   2.612   2.634   2.647   3.23958373   1
   0.000424   7.8500   1.64999998   1.6500   1.1570   4.0460   4.6344   1.877   2.189   2.382   2.417   2.447   2.482   2.561   2.586   2.602   3.24424219   1
   0.000424   7.8500   1.70000005   1.7000   1.2096   4.0573   4.6399   1.746   2.078   2.302   2.348   2.381   2.420   2.510   2.539   2.558   3.24857616   1
   0.000424   7.8500   1.75000000   1.7500   1.2603   4.0679   4.6445   1.619   1.972   2.226   2.281   2.317   2.360   2.460   2.492   2.513   3.25261688   1
   0.000424   7.8500   1.79999995   1.8000   1.3093   4.0782   4.6486   1.497   1.871   2.153   2.215   2.254   2.302   2.411   2.445   2.470   3.25639176   1
   0.000424   7.8500   1.85000002   1.8500   1.3568   4.0879   4.6521   1.378   1.775   2.083   2.152   2.194   2.245   2.362   2.399   2.426   3.25992513   1
   0.000424   7.8500   1.89999998   1.9000   1.4028   4.0973   4.6549   1.263   1.682   2.015   2.090   2.134   2.189   2.314   2.353   2.381   3.26323819   1
   0.000424   7.8500   1.95000005   1.9500   1.4474   4.1061   4.6571   1.152   1.593   1.948   2.029   2.076   2.133   2.267   2.308   2.338   3.26635003   1
   0.000424   7.8500   2.03565788   2.0357   1.5204   4.1203   4.6594   0.969   1.448   1.839   1.929   1.979   2.041   2.186   2.230   2.263   3.27125859   1
   0.000424   7.8500   2.04097033   2.0410   1.5249   4.1211   4.6595   0.958   1.439   1.833   1.923   1.973   2.036   2.181   2.226   2.259   3.27154636   1
   0.000424   7.8500   2.09097028   2.0910   1.5658   4.1289   4.6603   0.855   1.359   1.771   1.866   1.918   1.983   2.135   2.181   2.216   3.27416611   1
   0.000424   7.8500   2.14097047   2.1410   1.6059   4.1365   4.6608   0.755   1.280   1.711   1.810   1.864   1.932   2.089   2.137   2.174   3.27663445   1
   0.000424   7.8500   2.19097042   2.1910   1.6450   4.1438   4.6609   0.657   1.204   1.651   1.754   1.810   1.881   2.044   2.094   2.132   3.27896309   1
   0.000424   7.8500   2.24097037   2.2410   1.6834   4.1509   4.6605   0.561   1.128   1.593   1.700   1.757   1.830   1.999   2.050   2.089   3.28116298   1
   0.000424   7.8500   2.29097033   2.2910   1.7208   4.1577   4.6601   0.468   1.056   1.536   1.647   1.706   1.781   1.955   2.008   2.048   3.28324389   1
   0.000424   7.8500   2.34097028   2.3410   1.7573   4.1643   4.6594   0.377   0.986   1.481   1.595   1.656   1.733   1.912   1.966   2.007   3.28521466   1
   0.000424   7.8500   2.40000010   2.4000   1.7996   4.1719   4.6581   0.271   0.904   1.415   1.534   1.596   1.676   1.860   1.917   1.959   3.28741050   1
   0.000424   7.8500   2.59999990   2.6000   1.9346   4.1945   4.6483   -0.067   0.641   1.200   1.331   1.399   1.486   1.686   1.747   1.794   3.29393530   1
   0.000424   7.8500   2.72592473   2.7259   2.0145   4.2071   4.6396   -0.266   0.484   1.069   1.207   1.278   1.369   1.578   1.642   1.691   3.29742050   1
   0.000424   7.8500   2.79999995   2.8000   2.0603   4.2143   4.6339   -0.381   0.394   0.993   1.136   1.208   1.302   1.515   1.581   1.631   3.29928207   1
   0.000424   7.8500   2.93276644   2.9328   2.1390   4.2261   4.6225   -0.578   0.238   0.861   1.009   1.085   1.182   1.403   1.471   1.524   3.30231619   1
   0.000424   7.8500   3.00000000   3.0000   2.1780   4.2317   4.6161   -0.675   0.161   0.795   0.946   1.023   1.122   1.347   1.416   1.469   3.30372047   1
   0.000424   7.8500   3.16655183   3.1666   2.2705   4.2447   4.5987   -0.906   -0.024   0.634   0.792   0.873   0.975   1.209   1.281   1.337   3.30686975   1
   0.000424   7.8500   3.20000005   3.2000   2.2887   4.2471   4.5949   -0.952   -0.061   0.602   0.762   0.842   0.946   1.181   1.253   1.310   3.30745077   1
   0.000424   7.8500   3.35966134   3.3597   2.3732   4.2583   4.5762   -1.163   -0.232   0.451   0.618   0.701   0.807   1.050   1.124   1.183   3.31001043   1
   0.000424   7.8500   3.40000010   3.4000   2.3942   4.2610   4.5712   -1.215   -0.275   0.414   0.581   0.665   0.773   1.017   1.092   1.151   3.31060600   1
   0.000424   7.8500   3.42494655   3.4249   2.4069   4.2626   4.5682   -1.247   -0.301   0.391   0.559   0.643   0.751   0.997   1.072   1.131   3.31096482   1
   0.000424   7.8500   3.61636543   3.6164   2.5035   4.2743   4.5419   -1.489   -0.501   0.213   0.387   0.474   0.586   0.838   0.916   0.977   3.31349778   1
   0.000424   7.8500   3.76388121   3.7639   2.5764   4.2825   4.5192   -1.671   -0.654   0.075   0.254   0.343   0.457   0.715   0.794   0.857   3.31521511   1
   0.000424   7.8500   3.85781741   3.8578   2.6216   4.2873   4.5038   -1.784   -0.750   -0.012   0.169   0.259   0.374   0.636   0.716   0.779   3.31621671   1
   0.000424   7.8500   3.96388149   3.9639   2.6722   4.2924   4.4853   -1.911   -0.858   -0.112   0.073   0.164   0.281   0.545   0.626   0.691   3.31727099   1
   0.000424   7.8500   4.02650309   4.0265   2.7016   4.2952   4.4743   -1.984   -0.922   -0.169   0.017   0.108   0.226   0.492   0.574   0.639   3.31785822   1
   0.000424   7.8500   4.16221905   4.1622   2.7653   4.3009   4.4477   -2.143   -1.062   -0.298   -0.109   -0.016   0.103   0.373   0.456   0.522   3.31904602   1
   0.000424   7.8500   4.16388130   4.1639   2.7661   4.3010   4.4474   -2.145   -1.063   -0.300   -0.110   -0.018   0.101   0.371   0.454   0.520   3.31906009   1
   0.000424   7.8500   4.27740574   4.2774   2.8193   4.3051   4.4222   -2.278   -1.183   -0.412   -0.219   -0.126   -0.006   0.266   0.350   0.417   3.31997180   1
   0.000424   7.8500   4.36388159   4.3639   2.8596   4.3079   4.4018   -2.379   -1.274   -0.498   -0.304   -0.210   -0.089   0.185   0.269   0.336   3.32062197   1
   0.000424   7.8500   4.46104574   4.4610   2.9044   4.3106   4.3773   -2.491   -1.378   -0.596   -0.400   -0.306   -0.184   0.092   0.176   0.244   3.32131028   1
   0.000424   7.8500   4.56204796   4.5620   2.9510   4.3129   4.3497   -2.607   -1.487   -0.701   -0.503   -0.409   -0.286   -0.009   0.076   0.144   3.32198215   1
   0.000424   7.8500   4.56388140   4.5639   2.9518   4.3129   4.3492   -2.610   -1.489   -0.703   -0.505   -0.411   -0.288   -0.011   0.074   0.142   3.32199407   1
   0.000424   7.8500   4.63172293   4.6317   2.9834   4.3141   4.3289   -2.688   -1.565   -0.776   -0.577   -0.482   -0.360   -0.082   0.004   0.072   3.32242203   1
   0.000424   7.8500   4.74733162   4.7473   3.0380   4.3153   4.2898   -2.825   -1.700   -0.907   -0.707   -0.612   -0.489   -0.210   -0.125   -0.056   3.32311153   1
   0.000424   7.8500   4.76388168   4.7639   3.0459   4.3154   4.2837   -2.845   -1.719   -0.926   -0.727   -0.631   -0.508   -0.230   -0.144   -0.075   3.32320642   1
   0.000424   7.8500   4.83345366   4.8335   3.0788   4.3157   4.2582   -2.927   -1.802   -1.008   -0.808   -0.712   -0.589   -0.310   -0.225   -0.156   3.32359529   1
   0.000424   7.8500   4.93287849   4.9329   3.1266   4.3152   4.2172   -3.047   -1.926   -1.131   -0.931   -0.836   -0.713   -0.434   -0.349   -0.280   3.32412457   1
   0.000424   7.8500   4.96388102   4.9639   3.1420   4.3147   4.2026   -3.085   -1.967   -1.173   -0.972   -0.877   -0.755   -0.476   -0.391   -0.322   3.32428336   1
   0.000424   7.8500   4.98805809   4.9881   3.1538   4.3143   4.1913   -3.114   -1.999   -1.205   -1.004   -0.909   -0.787   -0.509   -0.423   -0.355   3.32440543   1
   0.000424   7.8500   5.07101250   5.0710   3.1951   4.3120   4.1480   -3.218   -2.113   -1.321   -1.121   -1.027   -0.905   -0.628   -0.544   -0.475   3.32481122   1
   0.000424   7.8500   5.16388130   5.1639   3.2425   4.3081   4.0928   -3.336   -2.249   -1.463   -1.263   -1.170   -1.050   -0.775   -0.691   -0.623   3.32524323   1
   0.000424   7.8500   5.19516087   5.1952   3.2584   4.3066   4.0737   -3.376   -2.296   -1.511   -1.312   -1.219   -1.099   -0.825   -0.742   -0.674   3.32538366   1
   0.000424   7.8500   5.27397537   5.2740   3.3006   4.3012   4.0162   -3.482   -2.425   -1.647   -1.450   -1.358   -1.240   -0.969   -0.887   -0.820   3.32572651   1
   0.000424   7.8500   5.34864902   5.3486   3.3416   4.2951   3.9570   -3.584   -2.554   -1.784   -1.589   -1.499   -1.382   -1.116   -1.035   -0.969   3.32603812   1
   0.000424   7.8500   5.36388159   5.3639   3.3505   4.2937   3.9436   -3.606   -2.582   -1.815   -1.620   -1.530   -1.414   -1.148   -1.068   -1.002   3.32609987   1
   0.000424   7.8500   5.43088436   5.4309   3.3912   4.2874   3.8831   -3.708   -2.712   -1.953   -1.760   -1.672   -1.558   -1.296   -1.216   -1.152   3.32636642   1
   0.000424   7.8500   5.45226288   5.4523   3.4049   4.2865   3.8678   -3.742   -2.750   -1.992   -1.799   -1.711   -1.598   -1.336   -1.257   -1.192   3.32644963   1
   0.000424   7.8500   5.48425245   5.4843   3.4305   4.2966   3.8848   -3.806   -2.776   -2.001   -1.804   -1.714   -1.597   -1.329   -1.248   -1.182   3.32657194   1
   0.000424   7.8500   5.49134016   5.4913   3.4428   4.3080   3.9188   -3.837   -2.763   -1.969   -1.768   -1.675   -1.555   -1.280   -1.196   -1.128   3.32659888   1
   0.000424   7.8500   5.49397278   5.4940   3.4560   4.3191   3.9504   -3.870   -2.752   -1.942   -1.735   -1.640   -1.516   -1.234   -1.148   -1.078   3.32660890   1
   0.000424   7.8500   5.49517536   5.4952   3.4720   4.3291   3.9743   -3.910   -2.753   -1.927   -1.716   -1.619   -1.492   -1.205   -1.117   -1.045   3.32661343   1
   0.000424   7.8500   5.49567270   5.4957   3.4799   4.3335   3.9840   -3.930   -2.756   -1.923   -1.710   -1.612   -1.484   -1.194   -1.105   -1.032   3.32661533   2
   0.000424   7.8500   5.49602413   5.4960   3.4658   4.3280   3.9762   -3.894   -2.742   -1.918   -1.707   -1.610   -1.484   -1.197   -1.109   -1.037   3.32661653   2
   0.000424   7.8500   5.49635553   5.4964   3.4516   4.3181   3.9507   -3.859   -2.745   -1.936   -1.730   -1.635   -1.512   -1.231   -1.145   -1.075   3.32661772   2
   0.000424   7.8500   5.49669266   5.4967   3.4514   4.3065   3.9048   -3.859   -2.791   -1.999   -1.798   -1.706   -1.586   -1.311   -1.228   -1.160   3.32661915   2
   0.000424   7.8500   5.49706364   5.4971   3.4657   4.2945   3.8425   -3.894   -2.875   -2.101   -1.905   -1.815   -1.699   -1.432   -1.352   -1.286   3.32662058   2
   0.000424   7.8500   5.49746990   5.4975   3.4847   4.2823   3.7746   -3.942   -2.972   -2.217   -2.025   -1.939   -1.827   -1.567   -1.489   -1.425   3.32662201   2
   0.000424   7.8500   5.49789953   5.4979   3.5012   4.2699   3.7087   -3.983   -3.063   -2.327   -2.140   -2.057   -1.948   -1.696   -1.621   -1.559   3.32662368   2
   0.000424   7.8500   5.49834204   5.4983   3.5144   4.2575   3.6459   -4.016   -3.145   -2.428   -2.246   -2.166   -2.062   -1.818   -1.745   -1.685   3.32662535   2
   0.000424   7.8500   5.49878883   5.4988   3.5248   4.2450   3.5854   -4.042   -3.219   -2.524   -2.346   -2.270   -2.170   -1.933   -1.864   -1.806   3.32662702   2
   0.000424   7.8500   5.49923420   5.4992   3.5334   4.2324   3.5265   -4.064   -3.289   -2.615   -2.442   -2.369   -2.273   -2.045   -1.978   -1.923   3.32662868   2
   0.000424   7.8500   5.49967146   5.4997   3.5405   4.2198   3.4690   -4.081   -3.355   -2.702   -2.535   -2.465   -2.373   -2.154   -2.089   -2.036   3.32663035   2
   0.000424   7.8500   5.50009441   5.5001   3.5465   4.2071   3.4125   -4.096   -3.418   -2.786   -2.624   -2.558   -2.471   -2.260   -2.199   -2.148   3.32663202   2
   0.000424   7.8500   5.50050020   5.5005   3.5515   4.1945   3.3568   -4.109   -3.478   -2.867   -2.711   -2.649   -2.567   -2.364   -2.306   -2.257   3.32663345   2
   0.000424   7.8500   5.50088644   5.5009   3.5557   4.1818   3.3020   -4.119   -3.536   -2.946   -2.796   -2.738   -2.660   -2.466   -2.411   -2.364   3.32663488   2
   0.000424   7.8500   5.50125170   5.5013   3.5593   4.1691   3.2478   -4.128   -3.590   -3.023   -2.879   -2.824   -2.751   -2.566   -2.515   -2.469   3.32663631   2
   0.000424   7.8500   5.50159502   5.5016   3.5623   4.1565   3.1942   -4.136   -3.643   -3.099   -2.960   -2.909   -2.841   -2.665   -2.617   -2.574   3.32663751   2
   0.000424   7.8500   5.50191736   5.5019   3.5648   4.1438   3.1411   -4.142   -3.693   -3.172   -3.040   -2.992   -2.929   -2.763   -2.717   -2.677   3.32663870   2
   0.000424   7.8500   5.50221872   5.5022   3.5669   4.1312   3.0884   -4.147   -3.740   -3.244   -3.117   -3.073   -3.015   -2.858   -2.817   -2.778   3.32663989   2
   0.000424   7.8500   5.50249910   5.5025   3.5686   4.1186   3.0364   -4.151   -3.785   -3.314   -3.193   -3.153   -3.100   -2.952   -2.914   -2.878   3.32664084   2
   0.000424   7.8500   5.50276089   5.5028   3.5699   4.1060   2.9848   -4.155   -3.828   -3.382   -3.267   -3.231   -3.182   -3.046   -3.011   -2.977   3.32664204   2
   0.000424   7.8500   5.50300503   5.5030   3.5709   4.0935   2.9335   -4.157   -3.868   -3.448   -3.340   -3.307   -3.264   -3.138   -3.106   -3.074   3.32664275   2
   0.000424   7.8500   5.50323105   5.5032   3.5717   4.0810   2.8828   -4.159   -3.905   -3.512   -3.410   -3.382   -3.344   -3.227   -3.200   -3.170   3.32664371   2
   0.000424   7.8500   5.50344181   5.5034   3.5721   4.0684   2.8323   -4.160   -3.939   -3.575   -3.479   -3.454   -3.422   -3.317   -3.293   -3.265   3.32664442   2
   0.000424   7.8500   5.50363779   5.5036   3.5723   4.0560   2.7823   -4.161   -3.969   -3.636   -3.546   -3.525   -3.498   -3.404   -3.384   -3.359   3.32664514   2
   0.000424   7.8500   5.50381994   5.5038   3.5723   4.0436   2.7326   -4.161   -3.997   -3.695   -3.611   -3.594   -3.572   -3.490   -3.474   -3.451   3.32664585   2
   0.000424   7.8500   5.50398874   5.5040   3.5721   4.0312   2.6835   -4.160   -4.022   -3.751   -3.674   -3.661   -3.645   -3.575   -3.562   -3.542   3.32664657   2
   0.000424   7.8500   5.50414610   5.5041   3.5717   4.0189   2.6347   -4.159   -4.044   -3.807   -3.736   -3.726   -3.716   -3.658   -3.650   -3.632   3.32664704   2
   0.000424   7.8500   5.50429344   5.5043   3.5711   4.0066   2.5862   -4.158   -4.062   -3.860   -3.795   -3.788   -3.784   -3.740   -3.737   -3.721   3.32664776   2
   0.000424   7.8500   5.50443077   5.5044   3.5704   3.9944   2.5380   -4.156   -4.077   -3.911   -3.852   -3.849   -3.851   -3.821   -3.822   -3.809   3.32664824   2
   0.000424   7.8500   5.50455904   5.5046   3.5695   3.9822   2.4901   -4.154   -4.088   -3.959   -3.907   -3.908   -3.916   -3.901   -3.906   -3.896   3.32664871   2
   0.000424   7.8500   5.50467920   5.5047   3.5685   3.9701   2.4426   -4.151   -4.092   -4.003   -3.960   -3.964   -3.978   -3.979   -3.989   -3.982   3.32664919   2
   0.000424   7.8500   5.50479269   5.5048   3.5673   3.9580   2.3953   -4.148   -4.089   -4.042   -4.007   -4.016   -4.038   -4.056   -4.071   -4.068   3.32664967   2
   0.000424   7.8500   5.50489902   5.5049   3.5660   3.9459   2.3483   -4.145   -4.080   -4.074   -4.050   -4.065   -4.095   -4.131   -4.152   -4.152   3.32664990   2
   0.000424   7.8500   5.50499868   5.5050   3.5646   3.9339   2.3016   -4.141   -4.066   -4.100   -4.088   -4.110   -4.148   -4.205   -4.233   -4.236   3.32665038   2
   0.000424   7.8500   5.50509357   5.5051   3.5631   3.9218   2.2549   -4.138   -4.046   -4.117   -4.118   -4.149   -4.199   -4.276   -4.313   -4.320   3.32665062   2
   0.000424   7.8500   5.50518227   5.5052   3.5614   3.9097   2.2083   -4.133   -4.022   -4.122   -4.141   -4.185   -4.248   -4.346   -4.395   -4.405   3.32665110   2
   0.000424   7.8500   5.50526619   5.5053   3.5596   3.8977   2.1618   -4.129   -3.993   -4.116   -4.156   -4.215   -4.294   -4.415   -4.477   -4.490   3.32665133   2
   0.000424   7.8500   5.50534534   5.5053   3.5577   3.8856   2.1156   -4.124   -3.960   -4.098   -4.163   -4.239   -4.337   -4.482   -4.560   -4.576   3.32665157   2
   0.000424   7.8500   5.50541925   5.5054   3.5557   3.8736   2.0695   -4.119   -3.924   -4.068   -4.163   -4.260   -4.378   -4.547   -4.644   -4.662   3.32665181   2
   0.000424   7.8500   5.50548935   5.5055   3.5536   3.8616   2.0235   -4.114   -3.883   -4.029   -4.158   -4.279   -4.417   -4.612   -4.728   -4.749   3.32665229   2
   0.000424   7.8500   5.50555563   5.5056   3.5513   3.8496   1.9779   -4.108   -3.841   -3.974   -4.147   -4.294   -4.454   -4.675   -4.813   -4.835   3.32665253   2
   0.000424   7.8500   5.50561762   5.5056   3.5489   3.8376   1.9324   -4.102   -3.798   -3.918   -4.132   -4.305   -4.488   -4.736   -4.897   -4.920   3.32665277   2
   0.000424   7.8500   5.50567627   5.5057   3.5464   3.8256   1.8870   -4.096   -3.753   -3.858   -4.112   -4.312   -4.519   -4.794   -4.980   -5.006   3.32665300   2
   0.000424   7.8500   5.50573158   5.5057   3.5438   3.8138   1.8421   -4.089   -3.704   -3.795   -4.089   -4.316   -4.546   -4.849   -5.062   -5.090   3.32665300   2
   0.000424   7.8500   5.50578451   5.5058   3.5410   3.8018   1.7970   -4.082   -3.651   -3.729   -4.063   -4.317   -4.570   -4.903   -5.143   -5.174   3.32665324   2
   0.000424   7.8500   5.50583458   5.5058   3.5380   3.7899   1.7523   -4.075   -3.592   -3.650   -4.029   -4.313   -4.590   -4.953   -5.222   -5.256   3.32665348   2
   0.000424   7.8500   5.50588226   5.5059   3.5348   3.7780   1.7082   -4.067   -3.524   -3.559   -3.989   -4.306   -4.606   -5.002   -5.299   -5.340   3.32665372   2
   0.000424   7.8500   5.50592852   5.5059   3.5314   3.7662   1.6643   -4.058   -3.436   -3.479   -3.955   -4.300   -4.624   -5.053   -5.382   -5.425   3.32665372   2
   0.000424   7.8500   5.50597286   5.5060   3.5276   3.7547   1.6221   -4.049   -3.355   -3.403   -3.920   -4.290   -4.635   -5.094   -5.452   -5.499   3.32665396   2
   0.000424   7.8500   5.50601721   5.5060   3.5234   3.7441   1.5840   -4.038   -3.269   -3.326   -3.885   -4.277   -4.641   -5.129   -5.514   -5.565   3.32665420   2
   0.000424   7.8500   5.50606441   5.5061   3.5180   3.7351   1.5533   -4.025   -3.181   -3.252   -3.849   -4.259   -4.641   -5.153   -5.562   -5.616   3.32665443   2
   0.000424   7.8500   5.50612926   5.5061   3.5098   3.7260   1.5251   -4.005   -3.075   -3.165   -3.803   -4.234   -4.633   -5.170   -5.602   -5.661   3.32665467   2
   0.000424   7.8500   5.50623703   5.5062   3.4951   3.7166   1.5019   -3.968   -2.938   -3.054   -3.738   -4.190   -4.607   -5.172   -5.628   -5.691   3.32665491   2
   0.000424   7.8500   5.50637197   5.5064   3.4781   3.7082   1.4857   -3.925   -2.800   -2.941   -3.668   -4.140   -4.573   -5.162   -5.639   -5.707   3.32665539   3
   0.000424   7.8500   5.50642300   5.5064   3.4810   3.7057   1.4725   -3.933   -2.774   -2.926   -3.666   -4.145   -4.583   -5.179   -5.664   -5.733   3.32665563   3
   0.000424   7.8500   5.50663900   5.5066   3.5256   3.6953   1.3866   -4.044   -2.738   -2.944   -3.740   -4.243   -4.702   -5.331   -5.843   -5.917   3.32665658   3
   0.000424   7.8500   5.50667810   5.5067   3.5374   3.6935   1.3673   -4.074   -2.739   -2.956   -3.762   -4.270   -4.732   -5.368   -5.885   -5.959   3.32665658   3
   0.000424   7.8500   5.50678110   5.5068   3.5793   3.6895   1.3097   -4.178   -2.779   -3.021   -3.851   -4.369   -4.839   -5.488   -6.015   -6.092   3.32665706   3
   0.000424   7.8500   5.50690937   5.5069   3.6038   3.6874   1.2767   -4.239   -2.802   -3.061   -3.903   -4.427   -4.901   -5.557   -6.091   -6.168   3.32665753   3
   0.000424   7.8500   5.50796413   5.5080   3.6511   3.6834   1.2136   -4.358   -2.848   -3.137   -4.005   -4.538   -5.021   -5.690   -6.236   -6.314   3.32666159   4
   0.000424   7.8500   5.53314686   5.5331   3.6288   3.6904   1.2659   -4.302   -2.908   -3.152   -3.979   -4.495   -4.964   -5.609   -6.134   -6.210   3.32675529   4
   0.000424   7.8500   5.53680611   5.5368   3.6260   3.6915   1.2732   -4.295   -2.917   -3.156   -3.976   -4.490   -4.956   -5.598   -6.120   -6.195   3.32676864   5
   0.000424   7.8500   5.54511070   5.5451   3.6445   3.7012   1.2940   -4.341   -3.099   -3.293   -4.061   -4.551   -4.998   -5.609   -6.104   -6.175   3.32679939   5
   0.000424   7.8500   5.54652691   5.5465   3.6501   3.7049   1.3036   -4.355   -3.162   -3.341   -4.088   -4.569   -5.009   -5.608   -6.093   -6.162   3.32680464   5
   0.000424   7.8500   5.54723358   5.5472   3.6551   3.7098   1.3181   -4.368   -3.237   -3.396   -4.118   -4.587   -5.018   -5.602   -6.074   -6.141   3.32680702   5
   0.000424   7.8500   5.54766369   5.5477   3.6583   3.7139   1.3315   -4.376   -3.294   -3.439   -4.139   -4.599   -5.021   -5.594   -6.055   -6.119   3.32680869   5
   0.000424   7.8500   5.54810953   5.5481   3.6616   3.7184   1.3462   -4.384   -3.353   -3.485   -4.162   -4.611   -5.025   -5.584   -6.033   -6.096   3.32681036   5
   0.000424   7.8500   5.54869413   5.5487   3.6657   3.7242   1.3653   -4.394   -3.425   -3.541   -4.190   -4.626   -5.028   -5.571   -6.005   -6.064   3.32681251   5
   0.000424   7.8500   5.54924440   5.5492   3.6689   3.7311   1.3898   -4.402   -3.504   -3.603   -4.219   -4.638   -5.027   -5.550   -5.967   -6.023   3.32681441   5
   0.000424   7.8500   5.54989624   5.5499   3.6718   3.7415   1.4283   -4.410   -3.602   -3.684   -4.254   -4.650   -5.020   -5.514   -5.905   -5.956   3.32681680   5
   0.000424   7.8500   5.55067015   5.5507   3.6740   3.7561   1.4848   -4.415   -3.714   -3.784   -4.295   -4.660   -5.002   -5.457   -5.810   -5.856   3.32681966   5
   0.000424   7.8500   5.55157423   5.5516   3.6759   3.7728   1.5496   -4.420   -3.826   -3.888   -4.337   -4.665   -4.975   -5.385   -5.694   -5.736   3.32682300   5
   0.000424   7.8500   5.55260468   5.5526   3.6779   3.7886   1.6110   -4.425   -3.927   -4.000   -4.382   -4.667   -4.945   -5.310   -5.579   -5.614   3.32682681   5
   0.000424   7.8500   5.55375862   5.5538   3.6800   3.8032   1.6672   -4.430   -3.999   -4.095   -4.419   -4.667   -4.916   -5.244   -5.478   -5.509   3.32683110   5
   0.000424   7.8500   5.55501986   5.5550   3.6822   3.8169   1.7202   -4.435   -4.059   -4.168   -4.445   -4.662   -4.884   -5.178   -5.381   -5.409   3.32683563   5
   0.000424   7.8500   5.55639982   5.5564   3.6844   3.8303   1.7715   -4.441   -4.115   -4.238   -4.469   -4.655   -4.850   -5.113   -5.287   -5.312   3.32684064   5
   0.000424   7.8500   5.55789852   5.5579   3.6868   3.8434   1.8216   -4.447   -4.166   -4.302   -4.486   -4.642   -4.813   -5.047   -5.194   -5.217   3.32684612   5
   0.000424   7.8500   5.55951452   5.5595   3.6892   3.8562   1.8708   -4.453   -4.213   -4.361   -4.499   -4.628   -4.774   -4.980   -5.103   -5.125   3.32685208   5
   0.000424   7.8500   5.56126404   5.5613   3.6917   3.8690   1.9193   -4.459   -4.259   -4.409   -4.507   -4.610   -4.734   -4.912   -5.014   -5.033   3.32685852   5
   0.000424   7.8500   5.56313992   5.5631   3.6942   3.8814   1.9667   -4.466   -4.300   -4.444   -4.510   -4.590   -4.694   -4.846   -4.929   -4.945   3.32686520   5
   0.000424   7.8500   5.56388140   5.5639   3.6952   3.8861   1.9845   -4.468   -4.315   -4.454   -4.510   -4.582   -4.678   -4.821   -4.897   -4.912   3.32686806   5
   0.000424   7.8500   5.56412649   5.5641   3.6955   3.8876   1.9904   -4.469   -4.320   -4.457   -4.510   -4.580   -4.673   -4.813   -4.887   -4.901   3.32686877   5
   0.000424   7.8500   5.56619596   5.5662   3.6981   3.8995   2.0357   -4.475   -4.354   -4.473   -4.503   -4.556   -4.631   -4.748   -4.807   -4.819   3.32687640   5
   0.000424   7.8500   5.56841183   5.5684   3.7007   3.9113   2.0802   -4.482   -4.385   -4.476   -4.488   -4.528   -4.589   -4.682   -4.730   -4.739   3.32688451   5
   0.000424   7.8500   5.57078743   5.5708   3.7034   3.9230   2.1244   -4.488   -4.412   -4.470   -4.466   -4.496   -4.544   -4.617   -4.654   -4.660   3.32689309   5
   0.000424   7.8500   5.57334566   5.5733   3.7062   3.9347   2.1688   -4.495   -4.434   -4.454   -4.438   -4.460   -4.498   -4.551   -4.579   -4.582   3.32690239   5
   0.000424   7.8500   5.57609320   5.5761   3.7091   3.9464   2.2130   -4.503   -4.451   -4.429   -4.404   -4.420   -4.450   -4.484   -4.505   -4.504   3.32691216   5
   0.000424   7.8500   5.57906103   5.5791   3.7120   3.9582   2.2573   -4.510   -4.463   -4.399   -4.365   -4.376   -4.399   -4.415   -4.431   -4.427   3.32692289   5
   0.000424   7.8500   5.58227110   5.5823   3.7152   3.9700   2.3015   -4.518   -4.469   -4.365   -4.323   -4.330   -4.346   -4.346   -4.356   -4.350   3.32693458   5
   0.000424   7.8500   5.58575392   5.5858   3.7184   3.9817   2.3454   -4.526   -4.470   -4.327   -4.278   -4.282   -4.292   -4.276   -4.282   -4.272   3.32694721   5
   0.000424   7.8500   5.58941555   5.5894   3.7217   3.9930   2.3878   -4.534   -4.468   -4.289   -4.234   -4.234   -4.238   -4.208   -4.210   -4.197   3.32696033   5
   0.000424   7.8500   5.59318781   5.5932   3.7249   4.0039   2.4282   -4.542   -4.462   -4.252   -4.190   -4.187   -4.186   -4.143   -4.142   -4.126   3.32697368   5
   0.000424   7.8500   5.59784508   5.5978   3.7288   4.0161   2.4737   -4.552   -4.453   -4.209   -4.140   -4.133   -4.126   -4.070   -4.064   -4.046   3.32699037   5
   0.000424   7.8500   5.60257244   5.6026   3.7327   4.0276   2.5159   -4.562   -4.443   -4.167   -4.092   -4.082   -4.069   -4.001   -3.991   -3.971   3.32700729   5
   0.000424   7.8500   5.60836983   5.6084   3.7372   4.0402   2.5625   -4.573   -4.429   -4.120   -4.039   -4.024   -4.006   -3.926   -3.912   -3.889   3.32702804   5
   0.000424   7.8500   5.61384010   5.6138   3.7413   4.0510   2.6018   -4.583   -4.416   -4.079   -3.993   -3.976   -3.953   -3.862   -3.844   -3.819   3.32704735   5
   0.000424   7.8500   5.62123871   5.6212   3.7466   4.0639   2.6489   -4.597   -4.399   -4.030   -3.938   -3.916   -3.888   -3.785   -3.764   -3.737   3.32707357   5
   0.000424   7.8500   5.62846231   5.6285   3.7517   4.0750   2.6886   -4.609   -4.384   -3.989   -3.891   -3.867   -3.834   -3.721   -3.696   -3.667   3.32709908   5
   0.000424   7.8500   5.63720894   5.6372   3.7577   4.0866   2.7297   -4.624   -4.368   -3.947   -3.843   -3.815   -3.777   -3.654   -3.626   -3.595   3.32712960   5
   0.000424   7.8500   5.64693546   5.6469   3.7642   4.0974   2.7674   -4.641   -4.354   -3.909   -3.799   -3.768   -3.726   -3.594   -3.562   -3.529   3.32716370   5
   0.000424   7.8500   5.65909243   5.6591   3.7722   4.1080   2.8024   -4.661   -4.343   -3.875   -3.761   -3.726   -3.679   -3.539   -3.505   -3.470   3.32720590   5
   0.000424   7.8500   5.67502546   5.6750   3.7830   4.1143   2.8183   -4.687   -4.351   -3.870   -3.752   -3.716   -3.666   -3.521   -3.485   -3.449   3.32726073   5
   0.000424   7.8500   5.69202757   5.6920   3.7943   4.1218   2.8383   -4.716   -4.356   -3.859   -3.738   -3.699   -3.647   -3.495   -3.457   -3.420   3.32731891   6
   0.000424   7.8500   5.70385981   5.7039   3.8032   4.1136   2.7974   -4.738   -4.405   -3.924   -3.806   -3.771   -3.722   -3.577   -3.541   -3.505   3.32735920   6
   0.000424   7.8500   5.71105242   5.7111   3.8094   4.1071   2.7656   -4.754   -4.441   -3.972   -3.858   -3.825   -3.778   -3.639   -3.605   -3.570   3.32738352   6
   0.000424   7.8500   5.71980429   5.7198   3.8196   4.1055   2.7499   -4.779   -4.472   -4.006   -3.893   -3.860   -3.814   -3.675   -3.642   -3.607   3.32741284   6
   0.000424   7.8500   5.72658253   5.7266   3.8202   4.0977   2.7184   -4.781   -4.497   -4.047   -3.938   -3.907   -3.865   -3.732   -3.701   -3.668   3.32743549   6
   0.000424   7.8500   5.73128271   5.7313   3.8250   4.0824   2.6529   -4.793   -4.552   -4.135   -4.034   -4.008   -3.972   -3.852   -3.825   -3.795   3.32745123   6
   0.000424   7.8500   5.73471880   5.7347   3.8288   4.0659   2.5832   -4.802   -4.605   -4.225   -4.132   -4.111   -4.083   -3.977   -3.956   -3.928   3.32746267   6
   0.000424   7.8500   5.73699284   5.7370   3.8313   4.0498   2.5168   -4.808   -4.650   -4.309   -4.223   -4.207   -4.185   -4.095   -4.078   -4.053   3.32747030   6
   0.000424   7.8500   5.73849440   5.7385   3.8328   4.0347   2.4548   -4.812   -4.686   -4.381   -4.304   -4.293   -4.279   -4.203   -4.191   -4.169   3.32747531   6
   0.000424   7.8500   5.73969173   5.7397   3.8336   4.0175   2.3854   -4.814   -4.719   -4.459   -4.392   -4.387   -4.381   -4.322   -4.317   -4.298   3.32747912   6
   0.000424   7.8500   5.74037600   5.7404   3.8336   4.0038   2.3304   -4.814   -4.740   -4.519   -4.459   -4.458   -4.459   -4.415   -4.414   -4.399   3.32748151   6
   0.000424   7.8500   5.74103403   5.7410   3.8328   3.9857   2.2588   -4.812   -4.760   -4.592   -4.543   -4.547   -4.557   -4.535   -4.540   -4.529   3.32748365   6
   0.000424   7.8500   5.74149990   5.7415   3.8311   3.9679   2.1895   -4.808   -4.767   -4.659   -4.619   -4.629   -4.648   -4.648   -4.661   -4.654   3.32748532   6
   0.000424   7.8500   5.74181652   5.7418   3.8287   3.9516   2.1267   -4.802   -4.763   -4.711   -4.682   -4.696   -4.724   -4.748   -4.769   -4.765   3.32748628   6
   0.000424   7.8500   5.74207640   5.7421   3.8250   3.9335   2.0580   -4.792   -4.741   -4.756   -4.739   -4.761   -4.801   -4.855   -4.884   -4.886   3.32748723   6
   0.000424   7.8500   5.74226999   5.7423   3.8202   3.9155   1.9910   -4.781   -4.702   -4.776   -4.777   -4.812   -4.868   -4.954   -4.997   -5.004   3.32748771   6
   0.000424   7.8500   5.74241877   5.7424   3.8143   3.8973   1.9240   -4.766   -4.649   -4.767   -4.797   -4.852   -4.931   -5.050   -5.111   -5.123   3.32748818   6
   0.000424   7.8500   5.74254179   5.7425   3.8069   3.8779   1.8539   -4.747   -4.581   -4.725   -4.795   -4.880   -4.988   -5.146   -5.233   -5.250   3.32748866   6
   0.000424   7.8500   5.74263191   5.7426   3.7989   3.8596   1.7888   -4.727   -4.504   -4.658   -4.778   -4.896   -5.035   -5.233   -5.348   -5.370   3.32748890   6
   0.000424   7.8500   5.74264860   5.7426   3.7971   3.8558   1.7752   -4.723   -4.487   -4.638   -4.771   -4.898   -5.045   -5.250   -5.373   -5.395   3.32748914   7
   0.000424   7.8500   5.74269438   5.7427   3.7915   3.8440   1.7335   -4.709   -4.433   -4.576   -4.750   -4.903   -5.072   -5.304   -5.448   -5.472   3.32748914   7
   0.000424   7.8500   5.74274921   5.7427   3.7835   3.8274   1.6754   -4.689   -4.353   -4.481   -4.716   -4.907   -5.107   -5.376   -5.553   -5.580   3.32748938   7
   0.000424   7.8500   5.74279833   5.7428   3.7756   3.8102   1.6144   -4.669   -4.265   -4.376   -4.673   -4.903   -5.137   -5.447   -5.663   -5.692   3.32748961   7
   0.000424   7.8500   5.74284220   5.7428   3.7680   3.7929   1.5529   -4.650   -4.169   -4.260   -4.621   -4.893   -5.162   -5.515   -5.771   -5.805   3.32748961   7
   0.000424   7.8500   5.74288130   5.7429   3.7609   3.7766   1.4946   -4.632   -4.061   -4.129   -4.561   -4.879   -5.180   -5.578   -5.875   -5.916   3.32748985   7
   0.000424   7.8500   5.74291897   5.7429   3.7543   3.7625   1.4449   -4.616   -3.950   -4.026   -4.513   -4.863   -5.193   -5.630   -5.966   -6.010   3.32748985   7
   0.000424   7.8500   5.74295378   5.7430   3.7482   3.7519   1.4087   -4.600   -3.866   -3.945   -4.473   -4.847   -5.196   -5.661   -6.024   -6.072   3.32749009   7
   0.000424   7.8500   5.74298811   5.7430   3.7437   3.7441   1.3819   -4.589   -3.796   -3.882   -4.442   -4.833   -5.197   -5.684   -6.066   -6.117   3.32749009   7
   0.000424   7.8500   5.74302292   5.7430   3.7414   3.7379   1.3592   -4.583   -3.739   -3.834   -4.420   -4.824   -5.200   -5.704   -6.103   -6.156   3.32749033   7
   0.000424   7.8500   5.74305916   5.7431   3.7417   3.7319   1.3352   -4.584   -3.686   -3.792   -4.404   -4.822   -5.209   -5.730   -6.144   -6.200   3.32749033   7
   0.000424   7.8500   5.74310112   5.7431   3.7479   3.7263   1.3062   -4.600   -3.644   -3.764   -4.403   -4.834   -5.232   -5.769   -6.198   -6.256   3.32749057   7
   0.000424   7.8500   5.74315596   5.7432   3.7585   3.7194   1.2683   -4.626   -3.597   -3.736   -4.409   -4.856   -5.268   -5.824   -6.270   -6.331   3.32749081   7
   0.000424   7.8500   5.74331379   5.7433   3.7899   3.7094   1.1968   -4.705   -3.551   -3.729   -4.454   -4.926   -5.357   -5.943   -6.415   -6.481   3.32749128   7
   0.000424   7.8500   5.74343300   5.7434   3.8012   3.7076   1.1785   -4.733   -3.555   -3.741   -4.477   -4.952   -5.387   -5.978   -6.455   -6.522   3.32749152   7
   0.000424   7.8500   5.74355650   5.7436   3.8044   3.7082   1.1776   -4.741   -3.570   -3.754   -4.487   -4.961   -5.395   -5.984   -6.459   -6.526   3.32749200   7
   0.000424   7.8500   5.74370003   5.7437   3.8069   3.7090   1.1782   -4.747   -3.586   -3.768   -4.496   -4.968   -5.400   -5.987   -6.460   -6.527   3.32749248   7
   0.000424   7.8500   5.74404907   5.7440   3.8100   3.7072   1.1681   -4.755   -3.570   -3.760   -4.497   -4.974   -5.410   -6.002   -6.480   -6.547   3.32749367   7
   0.000424   7.8500   5.74420357   5.7442   3.8115   3.7051   1.1579   -4.759   -3.545   -3.744   -4.493   -4.975   -5.415   -6.015   -6.498   -6.566   3.32749414   7
   0.000424   7.8500   5.74429893   5.7443   3.8140   3.7027   1.1459   -4.765   -3.519   -3.728   -4.491   -4.978   -5.423   -6.030   -6.520   -6.589   3.32749462   7
   0.000424   7.8500   5.74438715   5.7444   3.8218   3.6993   1.1246   -4.785   -3.491   -3.717   -4.498   -4.994   -5.445   -6.063   -6.562   -6.633   3.32749486   7
   0.000424   7.8500   5.74445486   5.7445   3.8279   3.6962   1.1063   -4.800   -3.460   -3.702   -4.501   -5.005   -5.462   -6.090   -6.597   -6.669   3.32749510   7
   0.000424   7.8500   5.74451065   5.7445   3.8329   3.6934   1.0899   -4.812   -3.429   -3.686   -4.502   -5.013   -5.476   -6.113   -6.628   -6.702   3.32749510   7
   0.000424   7.8500   5.74455833   5.7446   3.8370   3.6906   1.0747   -4.822   -3.397   -3.669   -4.501   -5.019   -5.488   -6.133   -6.657   -6.731   3.32749534   7
   0.000424   7.8500   5.74460030   5.7446   3.8405   3.6880   1.0608   -4.831   -3.364   -3.651   -4.498   -5.023   -5.497   -6.151   -6.682   -6.758   3.32749557   7
   0.000424   7.8500   5.74463797   5.7446   3.8435   3.6856   1.0482   -4.839   -3.332   -3.633   -4.495   -5.025   -5.505   -6.167   -6.705   -6.782   3.32749557   7
   0.000424   7.8500   5.74467230   5.7447   3.8460   3.6834   1.0369   -4.845   -3.302   -3.617   -4.492   -5.027   -5.512   -6.182   -6.726   -6.804   3.32749581   7
   0.000424   7.8500   5.74470472   5.7447   3.8483   3.6817   1.0276   -4.851   -3.279   -3.604   -4.489   -5.029   -5.518   -6.193   -6.743   -6.822   3.32749581   7
   0.000424   7.8500   5.74473667   5.7447   3.8505   3.6801   1.0192   -4.856   -3.259   -3.593   -4.488   -5.031   -5.523   -6.204   -6.759   -6.838   3.32749605   7
   0.000424   7.8500   5.74477434   5.7448   3.8527   3.6787   1.0113   -4.862   -3.238   -3.584   -4.486   -5.033   -5.529   -6.215   -6.774   -6.853   3.32749605   7
   0.000424   7.8500   5.74482918   5.7448   3.8556   3.6769   1.0014   -4.869   -3.214   -3.572   -4.485   -5.037   -5.536   -6.228   -6.792   -6.872   3.32749629   7
   0.000424   7.8500   5.74492502   5.7449   3.8611   3.6747   0.9868   -4.883   -3.179   -3.559   -4.487   -5.046   -5.550   -6.250   -6.820   -6.901   3.32749653   7
   0.000424   7.8500   5.74504566   5.7450   3.8734   3.6721   0.9641   -4.913   -3.148   -3.557   -4.504   -5.071   -5.582   -6.290   -6.866   -6.949   3.32749701   7
   0.000424   7.8500   5.74509716   5.7451   3.8854   3.6709   0.9474   -4.944   -3.146   -3.571   -4.528   -5.100   -5.613   -6.325   -6.904   -6.987   3.32749724   7
   0.000424   7.8500   5.74513435   5.7451   3.8951   3.6701   0.9346   -4.968   -3.147   -3.584   -4.548   -5.123   -5.638   -6.352   -6.933   -7.017   3.32749724   7
   0.000424   7.8500   5.74517727   5.7452   3.9055   3.6693   0.9210   -4.994   -3.148   -3.598   -4.569   -5.147   -5.664   -6.382   -6.964   -7.048   3.32749748   7
   0.000424   7.8500   5.74524546   5.7452   3.9182   3.6683   0.9043   -5.026   -3.148   -3.614   -4.595   -5.177   -5.697   -6.417   -7.001   -7.086   3.32749772   7
   0.000424   7.8500   5.74547005   5.7455   3.9399   3.6665   0.8756   -5.080   -3.146   -3.641   -4.639   -5.228   -5.752   -6.479   -7.066   -7.152   3.32749844   7
   0.000424   7.8500   5.74600458   5.7460   3.9784   3.6634   0.8246   -5.176   -3.140   -3.688   -4.715   -5.318   -5.850   -6.587   -7.182   -7.268   3.32750010   7
   0.000424   7.8500   5.74665117   5.7467   4.0176   3.6602   0.7727   -5.274   -3.132   -3.735   -4.793   -5.409   -5.951   -6.698   -7.299   -7.386   3.32750225   7
   0.000424   7.8500   5.74732113   5.7473   4.0539   3.6574   0.7251   -5.365   -3.120   -3.776   -4.864   -5.492   -6.042   -6.800   -7.407   -7.495   3.32750440   7
   0.000424   7.8500   5.74808741   5.7481   4.0926   3.6544   0.6746   -5.461   -3.106   -3.820   -4.939   -5.581   -6.140   -6.908   -7.522   -7.611   3.32750702   7
   0.000424   7.8500   5.74880028   5.7488   4.1290   3.6516   0.6269   -5.553   -3.090   -3.860   -5.010   -5.664   -6.232   -7.010   -7.631   -7.719   3.32750940   7
   0.000424   7.8500   5.74943304   5.7494   4.1637   3.6489   0.5814   -5.639   -3.071   -3.896   -5.076   -5.743   -6.319   -7.107   -7.734   -7.823   3.32751155   7
   0.000424   7.8500   5.74998617   5.7500   4.1977   3.6462   0.5368   -5.724   -3.047   -3.929   -5.140   -5.819   -6.403   -7.202   -7.835   -7.924   3.32751322   7
   0.000424   7.8500   5.75049877   5.7505   4.2325   3.6436   0.4915   -5.811   -3.026   -3.964   -5.205   -5.897   -6.490   -7.298   -7.937   -8.027   3.32751513   7
   0.000424   7.8500   5.75104046   5.7510   4.2731   3.6403   0.4380   -5.913   -3.011   -4.005   -5.278   -5.986   -6.589   -7.411   -8.058   -8.148   3.32751679   7
   0.000424   7.8500   5.75141907   5.7514   4.3036   3.6380   0.3982   -5.989   -2.997   -4.035   -5.332   -6.052   -6.663   -7.494   -8.148   -8.239   3.32751799   7
   0.000424   7.8500   5.75171471   5.7517   4.3258   3.6367   0.3708   -6.045   -3.000   -4.064   -5.375   -6.102   -6.717   -7.554   -8.211   -8.303   3.32751894   7
   0.000424   7.8500   5.75182343   5.7518   4.3336   3.6364   0.3617   -6.064   -3.004   -4.076   -5.391   -6.120   -6.736   -7.575   -8.232   -8.324   3.32751942   8
